10 100
2338.5 2532.5 2612.0 2483.0 2572.0 2795.0 2623.5 2554.5 2324.0 2406.5
0 2 2 8 48 86 61 5 87 100 81 62 82 15 75 98 54 75 52 47 60 -9 -8 -14 -18 -11 -10 -20 -6 -6 -6 -16 -13 -15 -15 -5 -2 -4 -5 -10 -8 -19 -3 -1 -12 -8 -13 -10 -4 -4 -5 -8 -20 -10 -11 -8 -6 -1 -16 -1 -15 -1 -15 -13 -3 -19 -11 -16 -13 -1 -10 -7 -12 -5 -4 -12 -9 -10 -19 -3 -9 -20 -12 -15 -4 -1 -13 -1 -10 -20 -4 -14 -20 -7 -12 -5 -2 -11 -12 -2 -7 -1 -9 -20 -10 -19 -13 -6 -4 -17 -8
1 15 55 60 72 27 28 98 28 77 20 31 98 66 38 99 85 61 85 89 67 -3 -14 -6 -20 -3 -8 -18 -3 -18 -7 -6 -17 -13 -1 -5 -10 -2 -13 -4 -15 -13 -17 -6 -18 -2 -12 -6 -11 -14 -16 -16 -19 -19 -7 -3 -6 -18 -18 -8 -1 -20 -14 -4 -15 -14 -6 -17 -12 -8 -19 -10 -14 -14 -16 -11 -18 -11 -3 -17 -8 -14 -9 -19 -9 -9 -1 -9 -15 -4 -14 -8 -3 -8 -16 -8 -16 -1 -15 -19 -3 -6 -6 -9 -9 -17 -12 -2 -8 -13 -11
2 91 6 86 45 21 88 83 72 11 56 35 40 74 28 99 37 46 96 19 35 -3 -7 -15 -4 -2 -5 -17 -12 -8 -17 -14 -8 -10 -10 -1 -4 -2 -3 -12 -19 -4 -17 -9 -1 -4 -20 -3 -4 -1 -11 -6 -10 -1 -6 -8 -18 -3 -12 -17 -8 -11 -11 -15 -18 -6 -11 -15 -12 -2 -7 -20 -9 -16 -9 -10 -17 -18 -19 -9 -3 -15 -4 -1 -16 -12 -20 -12 -19 -12 -5 -20 -10 -7 -18 -12 -11 -9 -17 -4 -13 -14 -5 -12 -14 -3 -4 -13 -5 -6 -17
3 64 2 12 51 69 25 36 41 10 92 80 10 100 64 60 88 74 90 97 48 -13 -19 -10 -19 -19 -19 -15 -18 -19 -17 -19 -7 -6 -6 -15 -12 -7 -2 -13 -18 -14 -1 -6 -2 -16 -1 -11 -6 -4 -6 -2 -11 -3 -16 -6 -17 -7 -10 -14 -5 -17 -7 -10 -5 -9 -20 -18 -18 -18 -11 -9 -17 -9 -2 -19 -18 -9 -17 -9 -2 -18 -15 -8 -3 -20 -14 -13 -16 -11 -7 -20 -10 -6 -16 -16 -9 -15 -15 -16 -12 -1 -12 -19 -20 -11 -6 -6 -13 -4 -13
4 39 89 49 37 99 28 68 48 35 91 38 73 49 24 59 21 80 63 35 60 -12 -12 -12 -20 -10 -9 -1 -9 -12 -2 -5 -15 -11 -9 -2 -3 -4 -14 -18 -13 -3 -16 -19 -8 -5 -17 -12 -14 -11 -15 -18 -12 -9 -5 -3 -13 -10 -10 -13 -8 -10 -15 -15 -1 -3 -13 -17 -16 -1 -16 -7 -14 -1 -2 -15 -16 -4 -9 -18 -1 -4 -6 -3 -18 -5 -19 -18 -20 -9 -18 -7 -5 -13 -20 -17 -14 -20 -11 -7 -20 -20 -8 -8 -14 -13 -16 -8 -7 -10 -5
5 67 83 68 49 8 83 62 12 16 82 90 99 15 31 37 38 94 55 3 5 -5 -18 -3 -12 -13 -9 -1 -10 -7 -2 -9 -14 -19 -19 -12 -11 -8 -7 -18 -17 -14 -6 -4 -9 -5 -12 -5 -18 -16 -10 -3 -3 -8 -2 -15 -12 -11 -4 -13 -15 -17 -3 -8 -12 -5 -13 -19 -4 -20 -6 -7 -7 -19 -14 -7 -3 -12 -15 -3 -3 -19 -14 -2 -3 -8 -18 -17 -12 -16 -7 -12 -9 -20 -8 -15 -13 -9 -10 -10 -19 -5 -18 -8 -8 -2 -19 -8 -16 -5 -8
6 28 68 43 40 52 69 4 29 65 92 14 81 12 20 58 42 97 56 40 3 -4 -4 -17 -5 -9 -4 -6 -6 -15 -6 -6 -7 -20 -18 -11 -4 -16 -20 -8 -18 -5 -4 -10 -12 -16 -7 -11 -5 -17 -8 -19 -18 -5 -14 -6 -19 -7 -15 -20 -8 -3 -17 -6 -1 -7 -9 -14 -2 -18 -9 -6 -16 -12 -11 -11 -9 -6 -9 -5 -14 -1 -17 -14 -11 -4 -2 -20 -1 -5 -9 -9 -20 -3 -6 -5 -9 -18 -1 -7 -12 -17 -9 -16 -12 -12 -1 -19 -3 -17 -16
7 76 70 48 87 22 20 77 64 36 86 31 77 35 9 64 6 56 78 8 26 -7 -14 -8 -14 -6 -19 -3 -7 -10 -2 -14 -11 -15 -2 -18 -13 -2 -19 -18 -7 -1 -2 -20 -6 -14 -11 -18 -18 -18 -8 -17 -2 -18 -17 -19 -18 -2 -5 -7 -8 -5 -7 -5 -5 -9 -12 -12 -2 -7 -8 -15 -1 -3 -9 -9 -18 -3 -2 -2 -1 -6 -10 -20 -7 -3 -4 -16 -6 -6 -2 -16 -3 -7 -16 -11 -11 -8 -4 -8 -7 -14 -3 -19 -10 -19 -20 -7 -19 -4 -17
8 86 96 9 61 6 84 18 57 14 41 16 88 45 100 15 63 2 85 95 68 -15 -12 -9 -18 -14 -19 -15 -7 -9 -19 -6 -19 -9 -16 -7 -9 -5 -7 -2 -11 -12 -4 -9 -16 -18 -9 -19 -4 -16 -10 -18 -18 -20 -4 -9 -15 -19 -9 -10 -15 -5 -16 -12 -9 -12 -18 -6 -19 -2 -4 -7 -18 -3 -15 -6 -17 -1 -9 -4 -7 -11 -17 -7 -4 -11 -19 -6 -1 -9 -19 -2 -11 -18 -15 -8 -7 -20 -17 -3 -12 -15 -5 -9 -20 -12 -17 -7 -12 -19 -7
9 83 31 51 97 15 73 52 67 23 96 30 99 51 16 61 42 23 64 48 62 -11 -4 -4 -17 -12 -19 -4 -14 -1 -2 -20 -12 -9 -16 -16 -18 -13 -15 -9 -13 -18 -17 -2 -14 -10 -3 -2 -19 -19 -3 -11 -10 -17 -15 -3 -8 -14 -15 -8 -5 -17 -6 -16 -3 -20 -16 -7 -10 -4 -17 -6 -17 -9 -8 -4 -2 -11 -11 -11 -13 -15 -5 -13 -18 -14 -16 -17 -1 -8 -3 -17 -7 -17 -9 -3 -3 -18 -10 -17 -7 -5 -4 -17 -2 -17 -6 -7 -17 -17 -11
10 77 45 72 24 85 72 61 60 32 50 15 35 75 42 70 26 7 60 55 51 -2 -3 -16 -6 -13 -1 -2 -12 -19 -17 -14 -17 -20 -4 -11 -10 -2 -20 -1 -20 -3 -2 -18 -7 -9 -20 -1 -17 -19 -1 -19 -16 -4 -20 -16 -11 -14 -9 -12 -7 -6 -6 -18 -12 -4 -8 -15 -11 -10 -11 -1 -5 -18 -8 -17 -12 -16 -6 -20 -3 -6 -1 -7 -1 -4 -13 -17 -15 -4 -18 -14 -20 -13 -15 -9 -3 -2 -9 -8 -20 -18 -15 -10 -10 -5 -14 -3 -6 -12 -9
11 49 23 62 22 17 69 47 10 93 19 21 50 84 84 34 79 4 71 1 84 -3 -6 -17 -18 -18 -18 -10 -19 -17 -6 -10 -2 -2 -14 -16 -10 -2 -17 -17 -9 -15 -18 -14 -15 -15 -19 -6 -13 -19 -11 -2 -4 -15 -14 -2 -14 -14 -1 -9 -20 -1 -13 -9 -17 -11 -9 -6 -16 -14 -5 -2 -18 -10 -10 -5 -12 -9 -3 -13 -9 -16 -6 -4 -7 -4 -4 -2 -15 -3 -10 -12 -9 -9 -20 -12 -5 -19 -18 -11 -1 -16 -15 -3 -3 -15 -14 -2 -17 -4 -14
12 93 13 54 8 41 4 65 23 30 35 92 98 52 22 37 84 76 49 72 74 -4 -13 -1 -10 -13 -9 -5 -1 -20 -4 -4 -2 -5 -6 -8 -20 -18 -2 -7 -1 -4 -12 -14 -7 -15 -8 -12 -19 -18 -18 -10 -6 -19 -8 -15 -3 -18 -18 -9 -11 -6 -12 -2 -17 -9 -8 -15 -8 -18 -9 -13 -4 -14 -6 -6 -16 -7 -10 -15 -4 -9 -6 -13 -2 -12 -1 -9 -18 -19 -1 -10 -9 -16 -17 -4 -1 -16 -5 -10 -14 -9 -4 -9 -7 -6 -14 -15 -14 -12 -11
13 29 23 3 23 5 14 54 3 41 15 53 89 22 18 28 56 12 27 17 36 -8 -8 -16 -2 -16 -10 -14 -15 -3 -20 -5 -19 -9 -11 -20 -8 -4 -14 -13 -10 -17 -16 -17 -19 -10 -4 -5 -4 -13 -16 -11 -8 -18 -14 -2 -9 -20 -2 -16 -15 -20 -4 -18 -10 -16 -6 -19 -2 -15 -9 -6 -6 -15 -17 -10 -18 -15 -2 -8 -14 -4 -8 -12 -8 -6 -2 -14 -8 -13 -4 -20 -18 -16 -9 -14 -9 -15 -2 -12 -4 -19 -2 -1 -6 -13 -10 -3 -19 -1 -11
14 27 78 75 30 47 80 51 28 51 3 84 89 66 58 25 85 46 44 5 53 -12 -17 -17 -18 -11 -12 -1 -6 -5 -8 -4 -6 -11 -13 -6 -18 -19 -1 -6 -17 -10 -19 -8 -1 -20 -19 -7 -13 -18 -4 -3 -8 -18 -14 -17 -5 -3 -14 -8 -7 -16 -14 -4 -3 -6 -13 -7 -4 -8 -5 -2 -1 -13 -15 -9 -7 -15 -6 -6 -2 -14 -8 -5 -12 -16 -7 -4 -10 -14 -17 -14 -19 -9 -4 -19 -4 -1 -13 -16 -13 -16 -14 -4 -4 -14 -16 -9 -2 -1 -5
15 81 77 18 50 34 51 82 32 10 72 2 14 48 53 43 62 65 90 20 11 -11 -7 -10 -13 -16 -3 -18 -10 -8 -15 -16 -3 -7 -6 -3 -5 -7 -8 -6 -6 -12 -16 -5 -20 -16 -6 -20 -7 -20 -4 -7 -18 -17 -6 -9 -2 -17 -18 -5 -9 -20 -11 -6 -14 -1 -7 -14 -10 -11 -1 -11 -9 -7 -8 -5 -15 -5 -14 -8 -6 -11 -13 -18 -15 -5 -9 -16 -3 -18 -15 -11 -19 -5 -11 -9 -19 -18 -12 -5 -2 -9 -14 -3 -2 -3 -17 -16 -15 -14 -6
16 98 4 94 70 34 85 95 38 5 77 66 86 45 37 71 88 8 47 41 90 -18 -15 -13 -18 -9 -5 -19 -15 -10 -17 -13 -19 -15 -11 -20 -13 -14 -1 -10 -1 -3 -1 -19 -1 -19 -9 -9 -18 -11 -10 -14 -2 -9 -17 -17 -4 -15 -10 -16 -12 -7 -5 -7 -14 -7 -8 -2 -11 -6 -3 -6 -14 -20 -10 -15 -17 -8 -4 -11 -20 -5 -3 -13 -16 -11 -11 -1 -6 -16 -20 -2 -10 -19 -9 -17 -8 -17 -13 -8 -8 -5 -15 -3 -17 -11 -1 -4 -7 -20 -17
17 15 3 19 20 58 96 47 84 37 4 21 38 54 60 75 37 100 28 60 50 -9 -13 -9 -9 -5 -12 -8 -16 -11 -16 -10 -9 -20 -19 -20 -9 -9 -14 -1 -7 -14 -9 -8 -14 -16 -4 -13 -13 -1 -12 -10 -14 -17 -15 -2 -5 -11 -19 -13 -6 -13 -2 -9 -20 -8 -20 -6 -3 -8 -19 -17 -12 -10 -8 -3 -12 -12 -12 -9 -3 -15 -13 -6 -15 -7 -12 -13 -4 -6 -5 -5 -15 -19 -14 -11 -12 -8 -20 -4 -2 -16 -14 -1 -14 -1 -11 -19 -11 -4 -7
18 76 14 98 80 9 10 71 97 46 61 43 14 76 46 39 60 54 6 14 35 -3 -7 -4 -5 -7 -13 -17 -4 -8 -11 -7 -16 -7 -15 -7 -1 -13 -10 -19 -15 -20 -15 -10 -17 -2 -8 -17 -18 -7 -6 -4 -14 -13 -13 -6 -18 -10 -4 -3 -2 -8 -20 -5 -16 -19 -2 -18 -17 -1 -10 -6 -10 -2 -20 -10 -7 -7 -17 -8 -13 -14 -8 -3 -10 -16 -18 -6 -2 -19 -16 -3 -20 -17 -13 -11 -11 -1 -3 -11 -2 -9 -19 -8 -4 -1 -3 -14 -10 -9 -13
19 28 22 90 33 63 59 36 87 35 7 10 58 48 82 34 58 29 63 85 92 -17 -6 -3 -20 -14 -1 -13 -12 -11 -6 -14 -9 -14 -1 -19 -9 -17 -2 -7 -9 -9 -9 -6 -10 -19 -16 -13 -4 -4 -7 -19 -14 -5 -18 -12 -12 -18 -2 -5 -16 -15 -9 -7 -2 -11 -8 -14 -17 -9 -11 -18 -10 -6 -5 -1 -11 -5 -5 -4 -16 -18 -10 -7 -12 -19 -18 -20 -20 -4 -1 -6 -8 -19 -14 -17 -1 -5 -1 -9 -17 -20 -20 -18 -15 -12 -5 -1 -18 -7 -15
20 29 93 31 18 86 13 16 39 25 53 73 44 77 31 13 73 6 85 4 79 -19 -16 -13 -4 -3 -14 -16 -14 -10 -13 -12 -9 -10 -16 -8 -15 -1 -9 -7 -20 -12 -2 -12 -18 -17 -16 -6 -9 -8 -1 -7 -5 -12 -3 -18 -2 -3 -12 -2 -9 -5 -16 -20 -19 -13 -17 -7 -14 -9 -16 -11 -4 -3 -7 -3 -8 -15 -10 -13 -10 -15 -13 -1 -15 -2 -20 -19 -14 -9 -19 -14 -11 -15 -9 -13 -10 -12 -7 -13 -16 -19 -7 -1 -13 -17 -14 -5 -6 -17 -12
21 56 19 52 52 65 34 35 39 100 80 31 47 40 28 10 80 56 51 2 9 -15 -11 -8 -10 -3 -19 -13 -18 -4 -16 -4 -13 -6 -17 -12 -3 -12 -15 -17 -6 -1 -2 -15 -9 -5 -18 -3 -12 -5 -10 -16 -3 -19 -17 -4 -16 -8 -5 -2 -11 -5 -17 -20 -3 -1 -17 -5 -5 -18 -9 -18 -5 -4 -2 -1 -10 -7 -14 -3 -15 -19 -16 -8 -17 -2 -9 -16 -17 -3 -5 -5 -9 -16 -4 -15 -13 -4 -11 -14 -3 -7 -7 -5 -17 -4 -2 -6 -5 -6 -1
22 60 5 29 28 27 97 15 54 93 45 17 32 19 88 70 56 75 49 64 12 -2 -7 -4 -5 -3 -4 -2 -13 -10 -2 -9 -16 -2 -11 -5 -12 -2 -7 -19 -14 -5 -9 -6 -10 -2 -5 -17 -6 -16 -1 -11 -11 -8 -1 -13 -5 -10 -1 -7 -8 -6 -15 -20 -4 -15 -7 -5 -10 -3 -14 -11 -11 -10 -6 -17 -1 -10 -11 -16 -20 -14 -9 -10 -4 -3 -18 -5 -12 -14 -17 -5 -17 -12 -16 -9 -15 -15 -12 -5 -11 -5 -14 -20 -13 -2 -19 -2 -9 -10 -6
23 88 89 51 72 58 53 92 29 44 77 25 23 24 43 59 94 38 45 43 23 -16 -17 -8 -2 -6 -6 -8 -8 -1 -11 -18 -20 -18 -9 -1 -2 -14 -1 -8 -1 -8 -17 -4 -13 -2 -19 -19 -11 -19 -8 -7 -10 -2 -3 -9 -2 -8 -4 -19 -3 -5 -18 -7 -5 -9 -8 -16 -6 -14 -20 -6 -1 -6 -14 -7 -4 -20 -11 -16 -7 -8 -4 -13 -9 -18 -5 -8 -10 -7 -3 -7 -16 -3 -2 -15 -6 -15 -13 -8 -14 -15 -14 -4 -13 -19 -2 -14 -12 -19 -13
24 54 60 57 54 95 98 35 44 42 71 91 53 13 84 41 50 37 4 2 68 -18 -15 -16 -13 -19 -16 -11 -8 -19 -18 -12 -3 -4 -3 -5 -15 -2 -15 -10 -17 -5 -14 -4 -16 -18 -4 -18 -5 -4 -16 -9 -20 -16 -8 -13 -4 -2 -4 -8 -13 -4 -12 -10 -3 -14 -10 -3 -6 -18 -6 -11 -2 -19 -18 -16 -12 -20 -13 -14 -11 -15 -4 -16 -18 -9 -10 -3 -11 -10 -12 -3 -2 -10 -9 -6 -19 -5 -9 -20 -2 -9 -7 -11 -18 -4 -9 -8 -20 -3 -10
25 37 69 61 77 94 80 2 5 50 13 82 26 71 88 31 37 42 75 83 13 -14 -14 -19 -16 -6 -11 -6 -19 -10 -11 -12 -19 -17 -10 -12 -1 -9 -17 -4 -4 -18 -20 -15 -17 -10 -8 -2 -3 -10 -7 -9 -6 -17 -14 -14 -13 -15 -11 -9 -20 -15 -7 -16 -8 -18 -18 -14 -4 -1 -2 -6 -19 -15 -13 -5 -11 -13 -8 -9 -6 -10 -14 -17 -18 -5 -1 -11 -9 -3 -10 -8 -8 -11 -6 -17 -10 -13 -20 -8 -19 -19 -5 -7 -20 -12 -16 -1 -12 -18 -2
26 16 8 94 19 78 94 40 73 75 72 38 94 93 79 11 2 19 12 98 91 -16 -6 -13 -13 -15 -4 -5 -13 -11 -12 -16 -10 -7 -6 -2 -12 -14 -9 -18 -5 -3 -20 -16 -14 -18 -10 -1 -16 -3 -12 -10 -1 -19 -6 -10 -16 -8 -1 -16 -18 -14 -17 -5 -1 -20 -11 -10 -9 -8 -18 -13 -1 -6 -19 -9 -17 -9 -13 -12 -2 -3 -3 -19 -13 -20 -10 -7 -9 -20 -8 -10 -18 -10 -2 -1 -14 -15 -9 -5 -19 -9 -3 -16 -11 -11 -11 -17 -20 -12 -12
27 59 67 61 59 49 10 10 30 81 98 47 87 14 82 92 62 33 68 34 81 -5 -9 -3 -19 -4 -5 -3 -5 -7 -12 -14 -15 -1 -8 -7 -15 -11 -4 -9 -11 -16 -9 -16 -1 -15 -2 -1 -15 -15 -18 -20 -19 -7 -15 -9 -18 -17 -3 -18 -12 -18 -18 -10 -5 -19 -1 -4 -5 -1 -5 -15 -1 -12 -9 -12 -1 -4 -17 -1 -11 -20 -7 -9 -7 -8 -10 -13 -9 -12 -12 -14 -10 -12 -17 -1 -8 -4 -12 -15 -15 -4 -8 -8 -14 -2 -14 -4 -6 -17 -2
28 22 3 44 42 26 100 77 20 67 70 98 55 98 88 34 87 81 24 85 27 -1 -20 -4 -8 -20 -5 -14 -5 -5 -16 -20 -3 -4 -14 -2 -10 -15 -13 -15 -15 -17 -9 -11 -6 -18 -5 -2 -15 -4 -13 -8 -6 -16 -11 -17 -16 -18 -1 -10 -4 -20 -1 -11 -9 -19 -3 -7 -15 -15 -17 -16 -1 -15 -14 -6 -10 -4 -14 -9 -17 -12 -1 -10 -4 -3 -1 -7 -4 -11 -17 -5 -1 -5 -7 -4 -9 -8 -16 -5 -16 -4 -14 -3 -5 -7 -19 -2 -14 -1 -2
29 30 23 27 79 89 63 34 25 15 38 28 30 30 87 83 50 13 74 75 67 -18 -10 -15 -8 -2 -12 -14 -8 -11 -5 -6 -1 -11 -9 -8 -2 -2 -14 -5 -12 -2 -19 -2 -5 -4 -14 -10 -10 -17 -15 -16 -7 -7 -17 -20 -9 -4 -2 -6 -4 -5 -8 -2 -9 -16 -14 -6 -15 -16 -2 -2 -2 -5 -20 -7 -4 -3 -1 -17 -9 -9 -16 -16 -7 -19 -3 -19 -13 -20 -17 -15 -10 -2 -18 -8 -8 -8 -8 -17 -2 -17 -1 -5 -3 -20 -14 -8 -6 -15 -19
30 94 91 51 22 56 70 88 32 85 100 15 59 76 32 29 63 86 67 85 100 -1 -12 -9 -16 -9 -20 -2 -5 -3 -7 -18 -4 -9 -11 -20 -12 -3 -6 -19 -5 -9 -6 -7 -17 -20 -9 -19 -16 -12 -3 -1 -1 -7 -6 -20 -3 -20 -1 -5 -16 -11 -4 -2 -1 -13 -18 -20 -20 -20 -3 -3 -19 -20 -13 -7 -9 -20 -12 -16 -9 -8 -13 -5 -5 -1 -4 -17 -3 -17 -11 -11 -10 -15 -6 -4 -18 -7 -18 -1 -1 -19 -16 -14 -10 -8 -10 -15 -3 -3 -20
31 4 15 79 64 80 81 32 51 6 58 59 100 24 43 6 12 37 44 18 56 -3 -1 -19 -12 -10 -2 -11 -8 -7 -2 -3 -1 -5 -8 -12 -5 -16 -7 -12 -20 -13 -10 -5 -1 -8 -13 -2 -2 -4 -11 -16 -16 -18 -13 -3 -17 -1 -11 -6 -7 -15 -3 -18 -15 -2 -2 -14 -8 -17 -7 -8 -11 -13 -20 -15 -3 -8 -15 -3 -19 -19 -9 -13 -14 -10 -15 -7 -2 -20 -13 -9 -14 -5 -2 -18 -20 -18 -7 -20 -14 -20 -20 -1 -2 -8 -1 -10 -18 -8 -17
32 74 43 38 47 24 12 65 48 52 100 1 27 97 69 26 34 62 27 51 69 -9 -13 -14 -12 -19 -17 -8 -13 -16 -14 -14 -11 -20 -20 -4 -15 -7 -14 -12 -1 -4 -8 -10 -2 -17 -3 -18 -18 -18 -14 -17 -3 -8 -1 -17 -4 -9 -14 -1 -4 -5 -14 -1 -17 -15 -9 -1 -6 -10 -8 -15 -17 -13 -17 -4 -2 -14 -13 -4 -7 -1 -7 -16 -9 -14 -2 -2 -12 -8 -11 -10 -2 -5 -15 -20 -14 -20 -13 -16 -4 -18 -10 -10 -18 -4 -18 -15 -6 -3 -5
33 1 32 45 60 88 25 56 96 30 21 54 79 59 86 91 3 17 63 37 52 -18 -10 -3 -6 -16 -5 -4 -2 -12 -14 -15 -13 -9 -10 -10 -1 -4 -4 -14 -1 -8 -4 -12 -18 -14 -6 -11 -9 -7 -10 -12 -11 -6 -10 -19 -8 -5 -20 -20 -2 -6 -11 -9 -14 -8 -11 -14 -4 -8 -2 -15 -17 -9 -10 -4 -7 -7 -11 -17 -4 -5 -17 -7 -17 -18 -8 -15 -18 -12 -10 -16 -13 -7 -5 -10 -7 -15 -1 -20 -9 -12 -7 -16 -16 -7 -6 -4 -19 -6 -6
34 9 58 18 70 97 10 47 29 12 98 27 75 93 37 46 93 1 25 87 76 -12 -11 -17 -17 -14 -18 -8 -10 -15 -18 -8 -12 -9 -2 -16 -4 -4 -4 -7 -4 -18 -4 -12 -13 -11 -16 -13 -8 -20 -12 -1 -3 -19 -13 -3 -11 -9 -20 -14 -13 -6 -13 -15 -9 -6 -8 -17 -19 -6 -5 -20 -7 -14 -15 -10 -2 -4 -14 -13 -4 -12 -15 -20 -8 -13 -10 -4 -14 -1 -5 -19 -3 -3 -19 -19 -11 -14 -14 -10 -7 -1 -1 -10 -12 -10 -20 -6 -17 -8 -7
35 51 29 22 74 83 35 24 99 89 7 45 93 11 96 48 3 32 48 48 100 -1 -2 -5 -15 -9 -12 -9 -19 -10 -7 -11 -2 -7 -6 -20 -9 -7 -20 -4 -14 -1 -1 -17 -2 -9 -20 -18 -9 -17 -17 -17 -14 -7 -6 -10 -6 -10 -1 -14 -14 -18 -8 -1 -5 -19 -5 -15 -13 -3 -9 -7 -2 -1 -14 -2 -14 -17 -17 -1 -2 -6 -4 -17 -10 -20 -5 -18 -13 -8 -1 -3 -7 -17 -2 -16 -14 -3 -3 -12 -11 -19 -11 -11 -4 -10 -3 -20 -6 -15 -17
36 90 56 81 22 63 49 96 73 40 75 64 63 57 2 9 58 15 24 36 5 -13 -10 -11 -17 -19 -14 -11 -7 -9 -20 -2 -14 -15 -20 -17 -7 -19 -11 -1 -2 -19 -11 -1 -20 -2 -6 -8 -6 -10 -6 -4 -10 -11 -6 -20 -7 -19 -12 -6 -14 -5 -14 -12 -10 -15 -10 -20 -13 -10 -1 -14 -9 -19 -13 -2 -6 -20 -1 -7 -2 -3 -16 -19 -20 -9 -5 -18 -1 -15 -12 -1 -8 -3 -2 -19 -9 -15 -6 -13 -5 -19 -14 -1 -17 -12 -6 -17 -9 -3 -7
37 30 56 53 67 79 22 94 60 71 14 16 76 44 20 72 12 75 26 51 1 -3 -1 -18 -10 -2 -6 -18 -6 -11 -8 -17 -9 -8 -13 -17 -8 -7 -6 -14 -15 -3 -8 -13 -9 -20 -8 -4 -13 -4 -19 -12 -4 -20 -3 -20 -18 -17 -4 -14 -4 -20 -15 -9 -10 -17 -13 -18 -4 -15 -4 -8 -2 -18 -19 -10 -8 -1 -18 -14 -13 -8 -19 -5 -2 -11 -10 -18 -2 -15 -2 -10 -8 -2 -10 -16 -9 -13 -7 -17 -2 -13 -15 -8 -3 -4 -17 -20 -18 -4 -17
38 76 54 17 13 69 98 15 12 17 76 99 45 28 77 41 55 92 94 9 40 -8 -3 -3 -4 -2 -4 -9 -14 -9 -8 -6 -18 -17 -7 -15 -5 -11 -10 -20 -12 -19 -1 -4 -6 -15 -3 -19 -5 -13 -12 -3 -6 -10 -1 -12 -7 -9 -17 -5 -11 -1 -9 -1 -4 -2 -16 -10 -17 -20 -9 -6 -9 -5 -15 -7 -4 -17 -4 -17 -3 -20 -16 -17 -14 -7 -5 -5 -9 -11 -4 -17 -2 -3 -11 -10 -9 -9 -17 -7 -13 -8 -12 -19 -19 -9 -13 -8 -1 -5 -3
39 47 13 30 81 5 18 86 79 62 81 83 38 96 51 9 13 30 66 4 47 -5 -16 -1 -11 -15 -10 -11 -7 -11 -3 -10 -5 -7 -18 -10 -8 -16 -17 -20 -1 -2 -3 -7 -20 -18 -3 -11 -17 -14 -16 -13 -13 -12 -17 -11 -9 -12 -1 -3 -18 -11 -8 -11 -1 -8 -19 -6 -2 -7 -14 -11 -15 -17 -1 -15 -6 -10 -15 -16 -10 -12 -8 -1 -8 -1 -12 -3 -11 -12 -6 -3 -11 -10 -4 -15 -20 -2 -11 -4 -1 -1 -6 -3 -20 -10 -9 -16 -12 -11 -18
40 92 66 8 15 84 99 63 24 66 45 58 39 100 85 20 57 16 44 94 18 -17 -7 -7 -10 -15 -12 -12 -1 -20 -10 -15 -3 -20 -13 -18 -5 -18 -17 -14 -6 -3 -1 -6 -19 -4 -1 -4 -14 -7 -11 -2 -8 -4 -17 -16 -8 -5 -13 -12 -12 -11 -6 -20 -8 -14 -1 -2 -10 -20 -10 -6 -16 -15 -2 -10 -14 -13 -9 -12 -16 -2 -18 -15 -4 -10 -10 -15 -20 -8 -2 -2 -13 -3 -14 -9 -8 -19 -6 -8 -18 -19 -19 -4 -12 -11 -20 -1 -12 -20 -1
41 68 28 46 14 75 32 10 26 36 10 28 67 14 62 70 99 16 60 82 63 -10 -7 -13 -8 -19 -11 -18 -3 -9 -6 -18 -2 -20 -2 -5 -19 -6 -15 -16 -20 -10 -20 -16 -13 -14 -16 -15 -2 -4 -19 -17 -4 -1 -19 -15 -13 -11 -16 -1 -1 -17 -14 -7 -10 -11 -1 -9 -9 -2 -15 -1 -4 -19 -11 -5 -17 -8 -2 -9 -6 -5 -19 -14 -8 -13 -6 -20 -13 -13 -7 -7 -9 -10 -18 -13 -10 -5 -14 -2 -5 -5 -15 -11 -8 -20 -9 -5 -1 -16 -12
42 50 61 28 18 90 36 43 51 81 62 58 64 24 61 14 51 5 16 64 80 -6 -1 -9 -12 -14 -17 -2 -4 -17 -11 -9 -13 -3 -13 -19 -7 -5 -20 -15 -14 -20 -20 -11 -1 -20 -5 -7 -12 -13 -18 -18 -8 -6 -3 -9 -13 -5 -15 -18 -2 -14 -15 -6 -2 -12 -14 -12 -3 -18 -15 -13 -3 -12 -20 -2 -12 -9 -10 -11 -19 -1 -17 -13 -11 -5 -7 -1 -5 -12 -9 -10 -17 -7 -5 -12 -11 -16 -7 -10 -12 -1 -7 -3 -3 -20 -20 -9 -1 -2 -10
43 9 44 74 68 49 72 67 17 67 45 66 9 42 51 59 26 41 24 85 17 -6 -7 -8 -16 -15 -1 -5 -8 -6 -17 -5 -4 -15 -9 -18 -15 -5 -10 -5 -7 -15 -10 -1 -6 -11 -6 -14 -20 -14 -10 -17 -8 -3 -18 -4 -11 -16 -6 -2 -14 -2 -1 -13 -18 -15 -5 -13 -5 -15 -14 -14 -13 -17 -3 -12 -11 -14 -6 -9 -6 -18 -17 -17 -10 -3 -8 -8 -16 -9 -13 -6 -12 -4 -3 -3 -4 -17 -15 -3 -1 -1 -19 -14 -6 -20 -12 -3 -6 -4 -14
44 18 82 48 15 80 79 62 44 25 60 17 60 73 8 69 17 10 5 17 13 -1 -3 -6 -2 -7 -6 -19 -19 -20 -3 -5 -7 -16 -17 -11 -13 -18 -14 -5 -1 -4 -16 -12 -7 -11 -18 -6 -8 -19 -14 -15 -4 -20 -16 -2 -5 -16 -10 -3 -13 -14 -1 -1 -12 -19 -15 -19 -6 -12 -9 -9 -12 -14 -14 -5 -14 -7 -12 -6 -19 -17 -13 -12 -3 -10 -1 -16 -15 -13 -9 -1 -14 -17 -10 -10 -10 -14 -5 -8 -2 -9 -19 -16 -18 -19 -4 -7 -8 -7 -16
45 6 28 3 22 37 39 56 80 73 82 13 6 11 96 8 17 28 10 8 50 -6 -9 -5 -5 -7 -6 -4 -1 -20 -6 -10 -14 -7 -16 -8 -10 -8 -10 -6 -11 -2 -10 -20 -19 -18 -16 -11 -20 -14 -18 -2 -18 -1 -18 -19 -4 -17 -15 -3 -6 -19 -19 -16 -16 -4 -6 -6 -14 -5 -11 -13 -9 -19 -15 -11 -12 -15 -18 -17 -16 -20 -1 -6 -10 -11 -20 -18 -16 -3 -3 -18 -3 -18 -15 -9 -6 -16 -13 -13 -1 -7 -20 -16 -3 -8 -18 -7 -8 -18 -8
46 80 12 83 30 40 91 2 6 43 18 59 82 69 58 15 90 69 81 47 74 -13 -13 -7 -18 -10 -7 -12 -8 -17 -17 -19 -2 -11 -1 -12 -20 -14 -11 -16 -2 -3 -2 -17 -16 -2 -14 -4 -5 -7 -7 -7 -10 -10 -5 -9 -16 -7 -11 -20 -10 -7 -15 -4 -13 -6 -15 -3 -14 -7 -7 -11 -19 -11 -3 -13 -19 -17 -16 -11 -12 -8 -9 -14 -7 -18 -10 -9 -12 -6 -14 -14 -8 -6 -8 -9 -10 -8 -13 -13 -20 -11 -13 -8 -16 -13 -8 -16 -12 -16 -7
47 50 99 72 83 64 46 11 56 6 8 93 91 76 32 94 90 83 79 43 81 -5 -17 -1 -9 -3 -5 -1 -13 -5 -7 -11 -4 -1 -9 -16 -2 -20 -19 -12 -4 -13 -3 -15 -18 -4 -11 -6 -7 -9 -10 -3 -14 -14 -15 -2 -20 -1 -11 -8 -10 -17 -12 -3 -17 -17 -10 -6 -18 -9 -2 -10 -18 -3 -11 -14 -16 -15 -2 -16 -14 -12 -18 -4 -4 -3 -12 -16 -14 -1 -19 -9 -6 -14 -2 -10 -4 -10 -13 -12 -18 -4 -12 -11 -15 -7 -13 -19 -4 -16 -12
48 47 72 78 90 31 51 12 47 86 6 7 87 30 11 71 22 75 22 88 30 -19 -17 -11 -9 -14 -3 -13 -17 -6 -17 -10 -17 -20 -13 -7 -2 -10 -18 -4 -10 -18 -18 -20 -20 -4 -4 -11 -17 -14 -11 -2 -4 -3 -6 -14 -1 -17 -4 -15 -16 -20 -19 -14 -16 -3 -2 -7 -17 -4 -2 -9 -9 -11 -1 -13 -20 -18 -19 -17 -15 -8 -17 -20 -7 -8 -17 -5 -17 -4 -20 -12 -20 -16 -19 -14 -6 -11 -15 -9 -9 -11 -20 -15 -11 -11 -12 -14 -3 -14 -12
49 8 25 34 78 23 95 55 70 10 12 42 42 99 45 51 56 89 78 42 94 -9 -20 -8 -5 -4 -15 -16 -19 -10 -15 -5 -11 -19 -10 -2 -15 -6 -17 -13 -5 -19 -14 -13 -5 -8 -8 -18 -1 -17 -20 -6 -14 -3 -9 -18 -20 -12 -12 -11 -13 -14 -17 -17 -4 -13 -6 -8 -6 -10 -11 -15 -18 -13 -5 -11 -6 -8 -9 -11 -9 -9 -16 -3 -4 -15 -14 -3 -17 -18 -8 -2 -14 -14 -13 -16 -11 -8 -7 -8 -6 -17 -13 -20 -14 -18 -13 -14 -6 -16 -18
50 13 40 64 32 38 1 98 56 99 27 96 44 66 58 77 75 90 34 69 71 -6 -5 -7 -10 -4 -6 -12 -1 -17 -1 -1 -17 -14 -20 -1 -19 -9 -10 -12 -5 -13 -17 -11 -13 -17 -5 -13 -14 -3 -3 -10 -10 -9 -2 -6 -10 -16 -14 -1 -18 -18 -15 -11 -7 -6 -9 -7 -14 -19 -19 -1 -14 -2 -18 -4 -5 -13 -12 -2 -10 -18 -4 -2 -17 -20 -19 -6 -19 -19 -10 -4 -17 -4 -1 -20 -18 -5 -18 -16 -13 -11 -19 -3 -10 -4 -2 -8 -16 -1 -12
51 58 100 49 88 11 84 58 99 26 67 74 32 60 80 41 20 48 60 18 90 -11 -7 -4 -20 -9 -15 -20 -2 -12 -4 -12 -4 -9 -6 -1 -5 -9 -15 -5 -1 -3 -12 -11 -9 -14 -8 -14 -20 -8 -3 -4 -14 -14 -4 -20 -4 -15 -6 -3 -4 -18 -4 -11 -1 -9 -15 -18 -8 -16 -15 -16 -16 -3 -3 -20 -18 -8 -10 -3 -11 -16 -16 -3 -6 -12 -9 -4 -8 -18 -15 -7 -14 -10 -5 -1 -19 -12 -5 -3 -9 -1 -18 -14 -18 -15 -9 -9 -12 -10 -7
52 33 14 4 8 5 68 10 70 1 6 11 31 34 100 62 29 75 78 98 22 -18 -15 -2 -13 -5 -6 -16 -6 -15 -11 -12 -7 -2 -4 -4 -9 -5 -10 -15 -2 -14 -8 -4 -7 -8 -8 -19 -4 -12 -10 -1 -7 -19 -8 -12 -15 -15 -15 -9 -8 -4 -13 -17 -6 -5 -18 -7 -6 -16 -8 -1 -1 -1 -18 -13 -15 -7 -8 -3 -6 -16 -13 -17 -16 -7 -13 -12 -19 -17 -14 -19 -15 -2 -7 -14 -3 -5 -15 -7 -1 -13 -17 -5 -15 -7 -10 -9 -18 -20 -5
53 35 34 65 63 30 68 100 11 97 33 77 91 67 60 60 89 41 19 81 3 -4 -19 -2 -17 -18 -3 -20 -8 -16 -3 -6 -20 -14 -2 -19 -8 -12 -16 -17 -13 -2 -9 -18 -6 -1 -15 -5 -5 -2 -17 -4 -13 -8 -20 -2 -5 -8 -19 -11 -1 -18 -9 -9 -20 -3 -10 -3 -3 -3 -9 -4 -8 -17 -20 -11 -12 -10 -17 -11 -10 -14 -3 -15 -1 -8 -4 -4 -12 -13 -8 -7 -5 -4 -8 -14 -2 -19 -5 -4 -19 -13 -5 -20 -12 -1 -18 -19 -19 -8 -17
54 38 71 51 56 68 51 45 41 5 67 74 100 71 24 46 73 96 33 52 56 -10 -11 -17 -11 -1 -11 -6 -5 -18 -13 -9 -17 -17 -4 -5 -6 -7 -8 -11 -1 -9 -10 -2 -17 -6 -3 -15 -14 -18 -14 -8 -8 -13 -10 -7 -19 -2 -4 -14 -15 -14 -16 -13 -14 -8 -7 -16 -3 -7 -6 -16 -17 -6 -9 -12 -7 -19 -3 -16 -9 -19 -7 -1 -11 -12 -20 -3 -13 -12 -19 -3 -15 -13 -1 -1 -12 -17 -4 -15 -9 -4 -7 -5 -16 -19 -6 -12 -7 -2 -13
55 9 66 58 43 93 14 66 43 27 95 24 75 49 22 81 96 61 84 86 21 -13 -1 -4 -18 -20 -11 -18 -2 -5 -6 -16 -11 -13 -12 -16 -8 -13 -16 -11 -6 -19 -1 -19 -18 -5 -11 -19 -5 -14 -6 -18 -16 -19 -6 -19 -5 -16 -4 -18 -7 -4 -5 -17 -15 -19 -16 -16 -10 -10 -14 -17 -12 -15 -12 -19 -17 -11 -15 -6 -18 -10 -9 -5 -3 -18 -4 -6 -20 -4 -20 -3 -14 -17 -8 -16 -20 -17 -2 -2 -14 -6 -10 -15 -20 -2 -7 -14 -9 -15 -1
56 36 73 56 59 81 55 90 97 73 51 66 57 97 32 100 36 34 68 88 44 -5 -3 -11 -17 -4 -1 -17 -12 -14 -18 -18 -9 -4 -11 -11 -6 -13 -18 -13 -5 -8 -20 -9 -20 -12 -9 -16 -6 -1 -6 -2 -8 -10 -11 -4 -12 -12 -9 -14 -1 -5 -7 -8 -5 -17 -18 -17 -12 -11 -15 -17 -6 -7 -7 -5 -13 -16 -16 -15 -8 -5 -14 -10 -5 -15 -7 -9 -3 -19 -16 -9 -18 -8 -13 -12 -8 -4 -15 -16 -3 -18 -6 -19 -4 -18 -17 -16 -4 -5 -13
57 4 70 87 47 24 58 91 55 80 88 49 13 4 76 75 83 100 97 90 21 -8 -10 -9 -13 -17 -14 -1 -16 -19 -4 -20 -4 -13 -16 -17 -8 -13 -13 -13 -8 -9 -5 -10 -9 -2 -1 -12 -5 -19 -19 -10 -12 -4 -5 -12 -5 -3 -1 -11 -14 -8 -17 -13 -7 -6 -20 -8 -17 -5 -6 -18 -12 -2 -8 -10 -5 -3 -13 -2 -19 -12 -14 -14 -11 -10 -12 -14 -17 -14 -17 -12 -2 -2 -10 -1 -11 -17 -5 -14 -11 -2 -20 -6 -3 -14 -11 -9 -4 -3 -16
58 87 62 60 85 69 92 80 31 36 80 28 33 61 75 52 60 13 27 35 76 -16 -15 -18 -13 -5 -1 -19 -18 -11 -7 -11 -5 -2 -20 -6 -20 -2 -5 -4 -16 -14 -16 -3 -20 -4 -20 -12 -14 -13 -15 -20 -8 -7 -17 -9 -13 -17 -14 -12 -15 -9 -6 -7 -8 -2 -9 -10 -13 -3 -14 -5 -14 -18 -13 -20 -19 -17 -1 -12 -2 -13 -20 -19 -4 -11 -10 -17 -15 -9 -3 -2 -18 -13 -7 -1 -18 -13 -7 -12 -16 -13 -15 -13 -9 -14 -16 -1 -3 -18 -6
59 84 19 80 91 45 72 42 21 79 40 20 81 49 69 52 64 36 1 73 94 -11 -17 -16 -7 -20 -10 -6 -12 -16 -14 -19 -2 -2 -15 -12 -15 -4 -2 -6 -11 -1 -3 -3 -9 -14 -11 -3 -4 -7 -3 -9 -8 -3 -20 -19 -16 -2 -7 -12 -14 -10 -7 -2 -2 -19 -1 -2 -17 -16 -20 -6 -8 -18 -17 -12 -3 -2 -12 -2 -19 -15 -7 -3 -3 -8 -18 -4 -7 -6 -3 -19 -18 -8 -16 -15 -10 -10 -7 -19 -3 -19 -11 -13 -12 -11 -15 -12 -11 -15 -13
60 82 72 95 17 35 26 71 43 68 20 66 66 78 87 47 79 20 6 20 70 -3 -5 -13 -9 -5 -6 -10 -16 -4 -16 -2 -20 -17 -3 -13 -13 -18 -19 -10 -12 -5 -7 -15 -20 -20 -9 -15 -1 -14 -4 -18 -2 -10 -14 -3 -14 -13 -3 -3 -14 -19 -17 -1 -9 -19 -16 -14 -15 -9 -12 -8 -11 -16 -17 -1 -12 -16 -4 -2 -15 -3 -14 -1 -8 -15 -8 -4 -10 -1 -14 -11 -10 -13 -5 -9 -5 -20 -1 -15 -1 -16 -7 -5 -2 -8 -5 -5 -5 -12 -3
61 37 88 98 53 86 76 9 79 94 36 89 75 41 97 68 82 93 6 61 62 -10 -6 -13 -18 -3 -8 -10 -4 -1 -3 -4 -14 -14 -13 -3 -16 -9 -12 -10 -20 -13 -11 -15 -9 -13 -1 -15 -1 -3 -11 -9 -11 -10 -13 -18 -13 -19 -4 -2 -13 -13 -7 -9 -4 -11 -4 -2 -10 -6 -1 -7 -14 -11 -5 -4 -20 -16 -14 -2 -16 -2 -2 -5 -16 -9 -4 -1 -7 -15 -17 -17 -15 -20 -8 -20 -8 -8 -18 -2 -8 -17 -15 -17 -15 -9 -1 -17 -3 -6 -1
62 88 33 99 52 61 30 87 89 44 54 61 75 69 5 26 98 94 79 41 29 -11 -12 -11 -7 -11 -9 -3 -19 -9 -4 -10 -10 -4 -12 -13 -11 -11 -9 -16 -19 -18 -20 -5 -13 -1 -12 -5 -19 -8 -2 -1 -10 -2 -17 -6 -14 -11 -4 -20 -7 -18 -11 -10 -5 -5 -2 -19 -12 -3 -2 -1 -1 -6 -10 -1 -7 -10 -6 -17 -5 -19 -3 -15 -6 -3 -8 -15 -10 -13 -11 -7 -9 -16 -16 -6 -14 -8 -10 -7 -13 -1 -10 -2 -16 -11 -10 -13 -3 -18 -6
63 39 89 20 30 27 33 32 100 74 76 59 97 70 18 91 50 43 26 45 27 -18 -14 -9 -11 -13 -20 -11 -14 -3 -7 -8 -5 -13 -4 -17 -15 -10 -4 -19 -11 -16 -16 -17 -5 -13 -18 -15 -9 -9 -4 -2 -5 -9 -14 -10 -14 -10 -8 -12 -13 -14 -1 -16 -18 -1 -14 -7 -19 -14 -20 -9 -14 -8 -12 -1 -18 -13 -15 -8 -13 -11 -11 -11 -13 -2 -20 -17 -4 -15 -8 -20 -4 -8 -4 -2 -15 -15 -15 -7 -17 -15 -5 -5 -19 -11 -9 -13 -2 -9 -2
64 39 77 66 64 73 92 16 36 81 45 84 19 28 30 99 63 45 18 66 39 -5 -18 -12 -19 -3 -16 -4 -1 -5 -6 -15 -10 -14 -18 -5 -10 -8 -14 -20 -14 -13 -15 -15 -13 -4 -8 -9 -7 -1 -15 -5 -16 -20 -1 -20 -10 -5 -1 -5 -10 -7 -9 -15 -10 -10 -7 -9 -13 -16 -8 -9 -14 -6 -17 -16 -13 -1 -16 -17 -9 -16 -3 -3 -3 -6 -15 -9 -13 -8 -13 -10 -8 -1 -4 -2 -13 -15 -12 -11 -10 -8 -19 -9 -5 -6 -15 -6 -4 -13 -6
65 78 13 62 36 79 75 49 83 12 3 57 64 66 33 91 97 66 44 75 2 -9 -7 -8 -12 -3 -17 -19 -10 -14 -20 -14 -17 -9 -17 -9 -19 -2 -9 -17 -16 -13 -1 -5 -17 -8 -16 -15 -6 -20 -8 -19 -18 -2 -6 -9 -20 -15 -7 -2 -2 -11 -14 -7 -9 -9 -6 -10 -18 -4 -17 -4 -19 -19 -15 -14 -2 -7 -3 -17 -1 -2 -6 -13 -6 -8 -20 -6 -11 -17 -19 -16 -16 -16 -3 -18 -16 -11 -8 -6 -7 -18 -7 -20 -14 -10 -18 -20 -15 -19 -5
66 11 58 31 92 85 31 94 66 56 38 69 20 36 70 14 24 72 88 40 74 -12 -5 -15 -1 -16 -7 -8 -14 -6 -5 -7 -18 -3 -13 -13 -6 -3 -11 -1 -10 -14 -12 -6 -16 -12 -6 -16 -11 -13 -18 -18 -1 -14 -5 -18 -6 -6 -18 -14 -14 -6 -20 -4 -3 -18 -9 -12 -17 -10 -10 -19 -11 -9 -1 -20 -13 -4 -1 -11 -10 -9 -1 -7 -15 -13 -7 -4 -11 -2 -10 -7 -18 -11 -16 -3 -20 -19 -12 -12 -16 -16 -20 -18 -6 -17 -17 -1 -8 -16 -17
67 38 86 88 88 69 12 83 6 99 8 79 54 74 55 20 68 67 2 85 91 -19 -4 -1 -7 -5 -1 -10 -16 -20 -16 -10 -2 -7 -17 -20 -15 -14 -10 -14 -9 -5 -18 -5 -5 -18 -19 -9 -3 -5 -8 -10 -7 -12 -5 -1 -5 -4 -6 -1 -7 -18 -9 -8 -18 -19 -13 -9 -4 -12 -19 -10 -2 -19 -7 -6 -19 -15 -10 -10 -18 -5 -16 -14 -15 -9 -7 -1 -11 -17 -2 -5 -2 -13 -14 -20 -11 -9 -3 -9 -4 -1 -4 -3 -3 -18 -3 -5 -14 -6 -9
68 99 45 53 21 35 77 94 49 92 73 93 96 2 68 35 95 80 16 75 64 -12 -1 -10 -1 -17 -9 -10 -11 -16 -18 -12 -2 -14 -14 -1 -20 -17 -19 -9 -4 -14 -18 -17 -12 -4 -7 -17 -4 -6 -19 -15 -5 -14 -17 -16 -9 -18 -7 -4 -14 -15 -10 -4 -17 -19 -13 -9 -12 -9 -13 -2 -20 -12 -4 -17 -14 -8 -17 -6 -16 -15 -4 -7 -14 -12 -19 -4 -3 -1 -20 -12 -15 -16 -11 -11 -12 -16 -11 -11 -12 -6 -17 -17 -7 -3 -12 -16 -19 -9 -15
69 75 6 95 72 35 33 39 69 95 34 84 35 86 16 2 58 93 21 41 70 -5 -13 -12 -2 -14 -3 -1 -9 -20 -10 -4 -7 -1 -11 -9 -15 -16 -12 -5 -14 -1 -14 -20 -6 -4 -9 -16 -1 -3 -18 -12 -6 -11 -16 -18 -1 -14 -19 -20 -11 -16 -5 -12 -16 -10 -9 -4 -15 -1 -13 -3 -14 -18 -19 -6 -3 -16 -7 -18 -2 -19 -13 -16 -14 -19 -4 -14 -14 -12 -14 -18 -15 -10 -1 -9 -18 -9 -18 -2 -7 -6 -5 -18 -6 -5 -18 -4 -11 -18 -14
70 8 77 52 11 86 10 97 43 61 27 90 86 13 45 8 24 76 26 33 7 -14 -6 -16 -8 -14 -19 -19 -1 -4 -7 -14 -7 -13 -2 -18 -10 -7 -20 -3 -9 -4 -10 -3 -1 -7 -18 -8 -15 -10 -3 -14 -3 -11 -6 -2 -5 -20 -14 -6 -1 -7 -3 -11 -9 -1 -6 -1 -20 -4 -4 -6 -5 -5 -17 -15 -17 -16 -8 -14 -16 -18 -15 -18 -7 -5 -1 -16 -17 -8 -7 -12 -17 -4 -5 -17 -4 -6 -20 -19 -12 -13 -4 -13 -7 -17 -9 -6 -3 -11 -13
71 52 35 15 70 84 31 75 89 97 64 34 3 85 35 52 66 5 82 56 16 -2 -11 -16 -12 -3 -4 -8 -8 -15 -17 -7 -12 -13 -1 -1 -20 -10 -2 -2 -9 -12 -3 -9 -6 -13 -9 -1 -12 -13 -17 -10 -10 -2 -18 -16 -12 -8 -10 -11 -1 -2 -20 -13 -4 -10 -1 -6 -16 -7 -17 -7 -4 -10 -15 -2 -6 -15 -9 -18 -9 -15 -7 -6 -18 -2 -13 -3 -2 -15 -13 -14 -6 -4 -8 -8 -11 -10 -6 -6 -12 -13 -2 -15 -6 -13 -19 -5 -8 -12 -1
72 100 67 66 21 71 80 21 14 90 13 81 89 67 71 40 55 31 12 40 37 -14 -14 -2 -11 -18 -5 -20 -7 -20 -12 -13 -17 -19 -4 -20 -7 -20 -17 -13 -10 -15 -14 -8 -3 -7 -12 -15 -3 -4 -12 -1 -19 -5 -18 -11 -18 -13 -3 -18 -5 -17 -8 -18 -1 -20 -20 -18 -8 -5 -2 -16 -17 -1 -4 -9 -5 -10 -7 -16 -20 -18 -20 -15 -6 -16 -12 -6 -14 -13 -9 -12 -2 -20 -7 -17 -7 -11 -2 -13 -2 -16 -19 -4 -14 -17 -14 -2 -2 -11 -8
73 57 92 62 9 70 39 54 59 82 28 96 71 5 92 99 92 96 20 10 48 -4 -14 -15 -17 -19 -18 -15 -17 -16 -6 -1 -17 -12 -9 -2 -4 -7 -20 -20 -13 -17 -16 -5 -20 -4 -2 -14 -2 -18 -2 -3 -9 -13 -2 -5 -19 -12 -2 -1 -18 -13 -10 -12 -19 -2 -16 -2 -12 -10 -4 -18 -17 -14 -15 -7 -6 -13 -12 -1 -19 -9 -20 -8 -7 -14 -19 -15 -10 -6 -15 -13 -16 -20 -11 -5 -17 -3 -1 -1 -2 -1 -13 -5 -3 -11 -11 -13 -14 -11 -20
74 58 4 60 45 70 30 85 35 52 54 75 30 32 72 73 42 100 83 46 77 -14 -1 -7 -8 -4 -7 -17 -2 -10 -12 -9 -9 -5 -4 -10 -19 -11 -9 -5 -14 -16 -13 -12 -4 -15 -12 -3 -10 -7 -13 -15 -7 -11 -3 -12 -9 -17 -13 -6 -9 -7 -7 -16 -10 -13 -15 -7 -2 -6 -13 -8 -5 -17 -14 -10 -3 -4 -13 -19 -2 -2 -3 -14 -16 -9 -1 -5 -12 -17 -1 -18 -12 -5 -8 -20 -7 -5 -1 -10 -7 -19 -7 -8 -11 -19 -1 -18 -17 -17 -13
75 92 12 48 90 94 11 90 36 90 78 76 62 6 55 52 34 42 21 72 19 -11 -6 -5 -14 -18 -2 -15 -3 -17 -7 -11 -3 -1 -18 -9 -18 -12 -15 -17 -13 -5 -13 -2 -5 -13 -4 -14 -15 -20 -2 -4 -7 -2 -13 -20 -7 -15 -10 -15 -9 -11 -7 -19 -16 -17 -19 -13 -18 -15 -15 -13 -8 -11 -3 -8 -5 -15 -6 -1 -11 -10 -5 -6 -17 -2 -18 -6 -9 -1 -19 -9 -2 -2 -8 -16 -10 -11 -2 -7 -7 -8 -13 -3 -2 -16 -20 -15 -13 -18 -18
76 51 5 32 66 88 98 1 3 92 22 11 30 59 7 29 46 74 66 6 13 -5 -15 -17 -9 -8 -6 -7 -13 -6 -14 -17 -9 -18 -4 -12 -1 -16 -10 -15 -11 -8 -9 -17 -18 -3 -5 -16 -6 -12 -9 -1 -16 -17 -3 -4 -11 -18 -8 -5 -17 -13 -4 -7 -7 -6 -13 -19 -6 -6 -5 -12 -8 -5 -17 -13 -12 -20 -6 -3 -19 -13 -19 -3 -11 -10 -5 -19 -12 -19 -19 -1 -8 -6 -9 -13 -6 -4 -11 -15 -7 -13 -9 -2 -10 -9 -1 -15 -15 -19 -16
77 21 73 80 100 75 22 22 100 16 46 55 82 42 78 93 31 85 51 81 87 -17 -16 -14 -19 -8 -1 -3 -12 -12 -17 -16 -15 -19 -4 -5 -18 -17 -9 -20 -12 -7 -7 -1 -4 -15 -4 -12 -7 -14 -6 -14 -5 -20 -1 -16 -12 -18 -4 -14 -3 -6 -18 -18 -18 -18 -9 -17 -11 -16 -6 -6 -9 -9 -5 -7 -1 -6 -13 -1 -14 -7 -15 -17 -9 -16 -1 -15 -4 -15 -10 -12 -6 -16 -15 -14 -9 -15 -3 -17 -10 -7 -3 -18 -15 -7 -20 -14 -12 -19 -3
78 67 8 14 98 38 48 30 37 9 20 10 1 92 42 8 42 82 31 94 75 -6 -17 -7 -10 -5 -8 -1 -4 -9 -9 -3 -2 -9 -1 -17 -11 -7 -4 -2 -14 -2 -15 -12 -17 -10 -18 -3 -3 -14 -19 -15 -8 -12 -10 -2 -2 -20 -3 -19 -2 -7 -13 -19 -18 -14 -13 -9 -18 -6 -4 -14 -3 -2 -12 -5 -11 -14 -13 -11 -4 -5 -4 -14 -4 -18 -9 -10 -14 -12 -13 -17 -8 -1 -9 -4 -9 -18 -13 -14 -20 -10 -1 -12 -7 -6 -4 -4 -1 -3 -2
79 61 55 7 4 3 73 90 62 96 83 49 4 91 16 100 32 37 35 27 37 -7 -7 -1 -1 -7 -3 -1 -1 -8 -1 -10 -9 -17 -14 -8 -11 -6 -2 -20 -5 -13 -12 -4 -5 -15 -11 -9 -4 -15 -19 -7 -3 -2 -16 -7 -3 -16 -11 -20 -5 -10 -11 -10 -7 -14 -19 -8 -12 -17 -11 -5 -18 -4 -4 -13 -12 -10 -11 -6 -5 -15 -19 -11 -18 -14 -18 -20 -16 -11 -17 -1 -14 -6 -18 -1 -18 -8 -18 -5 -8 -9 -4 -9 -6 -8 -19 -20 -2 -14 -8
80 77 67 18 92 5 34 19 89 70 75 10 57 20 49 54 49 79 50 37 33 -19 -4 -10 -4 -9 -6 -10 -4 -7 -13 -5 -12 -15 -18 -8 -12 -10 -11 -11 -10 -17 -12 -14 -1 -18 -2 -9 -18 -20 -2 -11 -16 -8 -5 -5 -8 -8 -2 -11 -14 -3 -3 -17 -13 -5 -3 -8 -16 -2 -15 -2 -6 -9 -15 -14 -20 -1 -2 -6 -15 -3 -2 -2 -17 -7 -13 -15 -8 -13 -4 -9 -15 -13 -5 -11 -9 -16 -3 -19 -16 -10 -1 -14 -18 -15 -9 -10 -14 -13 -7
81 38 5 67 27 6 19 94 77 93 30 64 19 61 27 32 14 81 49 2 25 -9 -5 -17 -9 -14 -3 -18 -18 -11 -19 -9 -10 -11 -9 -4 -11 -8 -3 -17 -4 -9 -14 -14 -4 -13 -18 -5 -9 -3 -18 -18 -8 -13 -18 -14 -6 -14 -15 -3 -3 -3 -7 -2 -16 -12 -18 -2 -14 -17 -19 -8 -1 -14 -19 -2 -8 -6 -15 -19 -8 -14 -20 -8 -5 -3 -8 -15 -15 -1 -18 -12 -7 -11 -16 -10 -15 -1 -17 -19 -9 -11 -10 -16 -9 -19 -20 -4 -1 -13 -12
82 88 21 39 71 18 78 84 91 36 56 38 31 44 93 21 55 33 63 54 26 -15 -11 -19 -6 -6 -16 -3 -1 -2 -16 -10 -9 -14 -18 -4 -4 -18 -16 -12 -20 -5 -16 -19 -9 -3 -7 -15 -15 -7 -13 -17 -18 -18 -7 -4 -5 -14 -20 -10 -20 -3 -20 -18 -1 -6 -17 -20 -18 -1 -8 -3 -12 -20 -10 -19 -1 -13 -16 -2 -7 -14 -19 -19 -9 -5 -17 -15 -16 -19 -15 -3 -17 -11 -18 -9 -15 -9 -19 -6 -5 -1 -5 -13 -1 -9 -8 -19 -19 -1 -1
83 73 80 88 25 15 74 87 78 50 81 46 32 91 70 40 32 40 66 91 17 -3 -2 -20 -16 -3 -3 -15 -19 -17 -6 -3 -20 -12 -2 -3 -14 -11 -8 -3 -6 -3 -3 -16 -15 -7 -13 -10 -19 -1 -16 -10 -20 -17 -9 -2 -12 -2 -7 -12 -7 -9 -9 -2 -8 -13 -4 -15 -10 -10 -10 -5 -12 -19 -18 -20 -12 -10 -13 -7 -18 -3 -5 -1 -12 -16 -6 -9 -9 -3 -19 -10 -3 -20 -12 -15 -11 -10 -4 -8 -17 -8 -11 -10 -11 -7 -9 -7 -15 -1 -6
84 5 49 84 67 36 96 20 73 67 39 58 62 40 87 37 8 33 11 29 12 -14 -8 -5 -3 -18 -4 -16 -14 -6 -6 -11 -9 -15 -8 -12 -13 -14 -8 -10 -16 -18 -15 -7 -13 -2 -14 -5 -2 -2 -19 -6 -12 -15 -4 -16 -5 -16 -8 -10 -1 -19 -9 -1 -8 -12 -13 -11 -6 -20 -15 -20 -15 -2 -20 -4 -7 -6 -14 -13 -11 -12 -5 -11 -5 -20 -18 -20 -6 -15 -14 -10 -5 -1 -3 -8 -2 -16 -10 -17 -8 -12 -2 -3 -13 -8 -15 -8 -9 -16 -20
85 33 54 88 18 87 98 62 2 59 87 33 100 73 8 88 75 31 43 73 17 -18 -3 -19 -13 -13 -18 -2 -3 -4 -3 -14 -8 -19 -13 -19 -5 -14 -11 -6 -20 -11 -14 -13 -20 -12 -19 -14 -16 -17 -18 -14 -15 -3 -17 -6 -5 -5 -3 -11 -9 -14 -3 -5 -18 -20 -8 -8 -9 -9 -4 -20 -6 -16 -9 -8 -12 -15 -2 -10 -13 -4 -15 -6 -13 -3 -5 -4 -1 -3 -15 -6 -4 -16 -13 -7 -19 -19 -17 -3 -7 -11 -8 -15 -17 -13 -19 -10 -20 -4 -7
86 50 4 46 72 36 18 80 20 8 11 96 88 75 59 66 37 36 52 72 13 -6 -12 -1 -17 -7 -4 -13 -2 -6 -14 -9 -17 -8 -12 -4 -15 -7 -11 -15 -16 -7 -11 -13 -18 -2 -3 -1 -4 -16 -4 -20 -17 -19 -14 -9 -14 -13 -16 -13 -10 -10 -4 -18 -13 -16 -11 -15 -7 -17 -4 -5 -10 -15 -11 -20 -18 -10 -6 -7 -13 -10 -14 -19 -18 -15 -17 -14 -6 -10 -19 -3 -2 -11 -10 -12 -19 -20 -15 -17 -2 -16 -15 -5 -4 -3 -18 -13 -8 -3 -10
87 100 99 89 66 57 97 94 9 88 68 67 88 48 43 74 32 47 52 10 33 -2 -16 -10 -12 -3 -18 -1 -15 -3 -3 -19 -5 -5 -12 -13 -10 -18 -3 -3 -14 -18 -6 -13 -15 -14 -16 -9 -14 -20 -11 -16 -5 -11 -15 -12 -20 -11 -1 -1 -18 -10 -20 -14 -12 -12 -7 -19 -18 -19 -12 -13 -4 -1 -10 -20 -6 -10 -19 -12 -1 -6 -5 -12 -2 -19 -6 -13 -4 -8 -17 -1 -8 -9 -17 -19 -13 -9 -14 -14 -6 -18 -17 -2 -7 -1 -1 -18 -10 -7 -8
88 9 77 55 42 37 77 96 43 72 100 91 77 19 21 97 77 91 65 54 75 -13 -14 -18 -18 -10 -10 -11 -15 -8 -3 -14 -18 -14 -11 -12 -15 -7 -5 -9 -1 -18 -10 -6 -7 -10 -17 -10 -8 -4 -20 -8 -2 -6 -7 -4 -14 -20 -3 -1 -16 -10 -17 -13 -13 -13 -13 -6 -18 -2 -14 -5 -5 -18 -14 -15 -19 -5 -2 -16 -18 -7 -18 -1 -11 -2 -4 -9 -8 -2 -4 -5 -14 -4 -8 -1 -7 -12 -18 -8 -9 -8 -19 -17 -10 -14 -6 -19 -17 -12 -13
89 18 56 51 81 14 12 15 49 23 87 43 52 39 56 73 100 28 3 49 43 -5 -6 -2 -2 -17 -2 -17 -4 -12 -16 -15 -16 -14 -1 -5 -8 -15 -5 -19 -4 -7 -18 -8 -17 -3 -15 -14 -8 -16 -10 -20 -19 -10 -4 -2 -7 -3 -11 -20 -1 -13 -16 -11 -18 -16 -4 -20 -15 -4 -1 -13 -6 -10 -6 -3 -16 -14 -5 -9 -13 -17 -3 -18 -8 -3 -6 -6 -12 -16 -9 -11 -3 -14 -20 -11 -18 -19 -9 -16 -20 -5 -6 -14 -1 -18 -7 -5 -13 -5 -1
90 28 32 25 34 66 15 66 30 92 7 38 21 71 28 93 13 3 25 66 15 -6 -13 -16 -9 -10 -1 -13 -10 -8 -20 -3 -19 -11 -5 -19 -14 -12 -13 -4 -18 -4 -9 -19 -2 -5 -2 -17 -1 -1 -11 -7 -2 -6 -8 -19 -16 -15 -3 -4 -17 -7 -18 -3 -14 -8 -9 -7 -20 -17 -5 -2 -7 -15 -20 -18 -19 -4 -5 -4 -16 -11 -6 -20 -19 -18 -17 -17 -19 -2 -13 -13 -10 -19 -18 -11 -10 -8 -4 -16 -11 -10 -8 -17 -9 -16 -4 -9 -12 -7 -10
91 95 29 2 24 83 70 76 32 40 58 79 38 43 75 63 83 82 91 78 73 -2 -14 -7 -5 -11 -2 -10 -12 -11 -3 -12 -6 -19 -2 -3 -20 -20 -17 -5 -5 -10 -18 -8 -5 -4 -15 -14 -17 -10 -18 -18 -18 -11 -3 -6 -12 -11 -7 -4 -15 -15 -20 -13 -16 -18 -6 -8 -10 -10 -5 -20 -11 -7 -15 -20 -12 -20 -5 -15 -6 -5 -15 -6 -10 -20 -11 -12 -18 -5 -13 -16 -2 -3 -20 -5 -17 -16 -17 -13 -2 -8 -14 -1 -8 -19 -10 -19 -5 -20 -3
92 39 30 75 10 72 45 80 46 6 83 21 31 30 20 39 1 37 12 52 97 -19 -12 -9 -6 -17 -20 -8 -11 -9 -10 -10 -5 -1 -18 -6 -16 -16 -4 -15 -20 -7 -4 -13 -12 -13 -4 -2 -7 -17 -7 -10 -12 -1 -13 -13 -7 -5 -18 -6 -10 -15 -4 -8 -5 -12 -11 -7 -18 -1 -8 -7 -11 -10 -4 -13 -13 -19 -12 -19 -19 -15 -12 -8 -7 -13 -13 -11 -1 -1 -14 -14 -13 -19 -1 -12 -13 -11 -13 -8 -13 -14 -5 -14 -19 -1 -17 -14 -17 -6 -5
93 70 65 81 47 54 1 14 14 16 49 85 25 6 8 29 23 2 55 51 47 -13 -8 -19 -7 -11 -11 -10 -15 -6 -4 -3 -19 -17 -18 -16 -11 -18 -20 -10 -15 -7 -3 -12 -5 -1 -3 -19 -19 -6 -3 -20 -1 -15 -16 -8 -4 -18 -8 -15 -13 -12 -9 -13 -3 -13 -15 -20 -20 -16 -6 -17 -3 -5 -17 -17 -8 -11 -5 -16 -20 -13 -4 -1 -1 -4 -17 -1 -5 -2 -14 -14 -13 -5 -20 -13 -17 -2 -12 -20 -15 -2 -15 -15 -20 -10 -18 -10 -14 -10 -14
94 76 90 28 100 47 32 76 66 27 79 58 76 68 54 67 1 79 27 69 68 -11 -10 -19 -13 -14 -20 -9 -8 -6 -4 -19 -12 -17 -16 -18 -10 -8 -2 -18 -16 -7 -16 -11 -8 -7 -4 -10 -18 -1 -16 -14 -7 -14 -16 -20 -10 -7 -1 -11 -11 -5 -7 -14 -10 -8 -5 -3 -15 -5 -19 -6 -14 -16 -17 -14 -19 -13 -18 -12 -13 -9 -8 -16 -17 -19 -19 -3 -1 -5 -18 -19 -12 -17 -13 -18 -10 -7 -4 -13 -9 -7 -3 -20 -9 -9 -14 -15 -15 -4 -8
95 99 15 36 88 11 55 23 76 54 66 74 6 87 96 47 39 9 52 87 20 -11 -6 -15 -20 -13 -2 -11 -13 -13 -12 -13 -19 -10 -7 -6 -14 -5 -18 -11 -1 -16 -15 -17 -9 -19 -8 -19 -17 -8 -11 -17 -16 -15 -2 -10 -4 -19 -8 -1 -17 -15 -10 -17 -8 -20 -20 -13 -16 -3 -11 -15 -18 -17 -9 -15 -9 -17 -1 -3 -3 -20 -8 -4 -8 -10 -16 -9 -11 -6 -3 -8 -2 -2 -1 -4 -14 -7 -7 -15 -2 -15 -7 -9 -11 -14 -11 -18 -9 -19 -18
96 70 55 4 12 40 12 97 19 96 2 95 87 16 70 26 51 30 5 1 86 -6 -10 -15 -11 -12 -10 -2 -17 -8 -17 -16 -11 -6 -2 -19 -11 -14 -11 -3 -19 -20 -1 -5 -19 -12 -5 -20 -8 -4 -8 -6 -13 -19 -20 -5 -7 -19 -2 -11 -18 -2 -7 -8 -14 -15 -1 -19 -17 -10 -7 -11 -20 -4 -15 -18 -9 -7 -1 -11 -16 -1 -4 -20 -2 -3 -12 -4 -5 -15 -10 -14 -13 -7 -1 -10 -1 -1 -15 -15 -9 -3 -5 -14 -7 -1 -2 -16 -8 -1 -10
97 29 2 42 40 47 14 98 6 36 67 8 45 38 64 13 24 13 32 30 36 -9 -9 -14 -9 -8 -19 -1 -8 -13 -11 -17 -2 -19 -20 -11 -17 -6 -4 -10 -20 -3 -12 -16 -5 -9 -4 -17 -14 -1 -17 -2 -10 -15 -6 -19 -2 -12 -18 -19 -17 -9 -4 -17 -6 -15 -12 -13 -20 -12 -2 -17 -12 -15 -8 -7 -9 -5 -7 -4 -18 -6 -9 -4 -19 -8 -16 -10 -10 -1 -18 -3 -19 -19 -5 -5 -14 -19 -11 -18 -2 -6 -9 -18 -3 -5 -16 -4 -7 -4 -10
98 93 13 74 60 55 31 31 100 85 37 60 11 84 42 20 15 44 39 32 48 -6 -2 -16 -13 -5 -20 -20 -18 -15 -8 -20 -9 -19 -11 -20 -10 -11 -19 -19 -16 -14 -2 -8 -16 -20 -9 -1 -11 -14 -12 -8 -3 -16 -1 -19 -18 -14 -8 -4 -18 -17 -19 -19 -14 -11 -3 -11 -2 -15 -18 -5 -17 -1 -1 -15 -2 -16 -11 -9 -6 -12 -4 -6 -6 -7 -7 -6 -18 -11 -2 -7 -13 -3 -1 -7 -16 -1 -18 -9 -17 -8 -3 -12 -15 -20 -2 -18 -20 -1 -11
99 97 86 1 78 12 55 21 99 60 11 17 17 70 62 46 4 92 23 94 41 -17 -15 -7 -12 -5 -14 -12 -14 -18 -16 -9 -2 -16 -10 -7 -11 -2 -13 -13 -2 -13 -10 -19 -10 -10 -15 -10 -7 -10 -1 -19 -16 -14 -1 -17 -1 -4 -20 -14 -15 -20 -6 -12 -3 -9 -4 -14 -1 -16 -7 -15 -2 -8 -3 -1 -6 -16 -1 -12 -10 -4 -7 -7 -2 -6 -4 -12 -3 -18 -3 -12 -9 -11 -19 -9 -12 -20 -3 -9 -16 -19 -13 -14 -15 -14 -16 -4 -13 -13 -14
