10 100
3774 3642 4203 4187 3981 4052 4164 4228 3505 4338
0 63 27 45 51 77 88 54 91 56 86 86 19 54 75 67 44 66 29 93 74 -11 -7 -10 -14 -12 -18 -20 -19 -12 -13 -1 -17 -2 -12 -17 -15 -14 -8 -20 -10 -15 -7 -7 -11 -14 -6 -16 -6 -8 -20 -5 -3 -11 -2 -19 -1 -1 -17 -19 -9 -3 -12 -16 -8 -4 -7 -7 -18 -15 -14 -10 -1 -12 -16 -11 -4 -12 -9 -4 -13 -17 -17 -20 -19 -13 -5 -19 -8 -5 -19 -10 -3 -19 -12 -7 -2 -13 -14 -4 -16 -17 -10 -18 -1 -12 -17 -15 -3 -9 -12
1 7 26 50 15 90 81 40 38 38 41 39 12 66 69 75 77 62 52 10 94 -14 -7 -2 -8 -20 -13 -4 -7 -18 -1 -5 -1 -2 -2 -20 -6 -9 -1 -15 -12 -10 -8 -2 -10 -16 -6 -17 -1 -11 -20 -8 -11 -9 -15 -9 -3 -20 -12 -4 -11 -20 -11 -13 -3 -2 -6 -8 -5 -19 -1 -18 -5 -20 -8 -6 -9 -20 -11 -19 -19 -16 -2 -1 -16 -10 -9 -10 -2 -19 -4 -16 -16 -15 -9 -16 -16 -1 -2 -12 -6 -15 -3 -6 -8 -9 -4 -12 -9 -19 -6
2 6 15 99 1 79 18 19 99 29 22 76 12 4 18 50 16 62 67 16 35 -12 -8 -4 -2 -19 -20 -17 -17 -8 -20 -15 -20 -1 -5 -18 -11 -17 -20 -3 -12 -3 -12 -8 -8 -6 -4 -11 -9 -9 -14 -5 -3 -17 -15 -20 -18 -19 -6 -19 -1 -20 -16 -4 -12 -19 -15 -18 -4 -6 -1 -15 -5 -17 -12 -16 -4 -4 -13 -16 -14 -20 -1 -18 -1 -5 -3 -12 -6 -8 -12 -13 -15 -14 -1 -3 -1 -12 -3 -15 -9 -11 -17 -5 -8 -4 -2 -3 -6 -11 -5
3 40 33 21 40 61 2 39 48 57 5 20 23 22 51 3 19 47 87 76 92 -4 -12 -6 -16 -16 -19 -5 -10 -7 -14 -5 -15 -7 -16 -17 -10 -12 -6 -6 -17 -1 -18 -17 -14 -19 -15 -20 -15 -5 -18 -1 -8 -14 -6 -18 -8 -15 -12 -8 -9 -6 -1 -6 -4 -11 -6 -8 -1 -10 -11 -5 -1 -6 -16 -2 -19 -15 -10 -3 -10 -18 -1 -4 -16 -12 -10 -3 -13 -16 -14 -11 -20 -16 -2 -18 -3 -14 -4 -6 -17 -20 -2 -6 -17 -15 -6 -9 -16 -3 -2
4 23 77 73 32 50 59 55 33 80 92 89 80 85 6 50 47 83 40 82 63 -18 -13 -18 -17 -14 -10 -18 -18 -20 -2 -10 -3 -10 -1 -14 -13 -3 -6 -17 -11 -5 -5 -6 -5 -15 -4 -14 -17 -2 -2 -1 -16 -12 -19 -17 -4 -15 -3 -19 -1 -19 -2 -4 -12 -3 -20 -7 -8 -9 -10 -18 -20 -10 -9 -2 -20 -16 -11 -6 -3 -10 -15 -6 -7 -7 -8 -2 -7 -16 -18 -1 -12 -7 -12 -19 -7 -16 -16 -7 -16 -14 -3 -11 -13 -12 -17 -10 -11 -6 -2
5 34 41 93 25 11 55 62 2 62 30 75 54 54 8 5 87 39 100 57 17 -10 -3 -7 -11 -1 -13 -18 -14 -11 -20 -6 -2 -18 -16 -5 -13 -13 -15 -3 -5 -20 -6 -7 -14 -15 -5 -7 -13 -18 -3 -18 -18 -6 -4 -7 -9 -4 -12 -1 -2 -14 -19 -20 -11 -15 -1 -17 -11 -2 -6 -17 -10 -12 -18 -11 -5 -18 -12 -5 -11 -5 -1 -10 -20 -11 -1 -6 -10 -17 -9 -12 -12 -18 -2 -18 -12 -19 -12 -6 -6 -8 -12 -8 -14 -12 -13 -2 -14 -14 -20
6 44 75 8 2 78 81 41 66 50 14 4 2 11 46 66 75 42 43 99 46 -5 -3 -5 -10 -15 -9 -1 -19 -7 -8 -16 -8 -5 -3 -14 -13 -12 -3 -1 -17 -5 -20 -3 -15 -18 -11 -20 -14 -10 -10 -15 -6 -9 -5 -17 -19 -2 -7 -19 -20 -19 -20 -11 -7 -10 -5 -19 -14 -10 -17 -11 -20 -2 -19 -1 -20 -1 -19 -5 -20 -10 -4 -2 -11 -14 -9 -7 -6 -12 -7 -7 -14 -18 -17 -18 -1 -16 -5 -14 -19 -8 -10 -9 -16 -4 -1 -10 -19 -17 -17
7 24 89 1 3 61 90 20 49 7 50 4 89 36 97 51 72 21 20 65 92 -4 -12 -11 -4 -14 -9 -19 -4 -7 -19 -18 -11 -3 -5 -20 -9 -13 -5 -17 -12 -1 -19 -5 -13 -4 -7 -9 -7 -14 -13 -13 -4 -7 -14 -2 -13 -2 -7 -6 -10 -10 -6 -8 -15 -7 -4 -15 -12 -7 -7 -2 -10 -16 -14 -9 -20 -14 -8 -19 -15 -3 -16 -15 -15 -12 -1 -10 -19 -1 -10 -6 -11 -5 -18 -15 -4 -17 -6 -2 -15 -13 -20 -2 -13 -2 -8 -2 -11 -2 -15
8 99 44 41 1 21 93 88 91 42 6 74 99 77 14 74 44 81 7 95 66 -3 -15 -2 -10 -16 -11 -17 -6 -3 -20 -9 -20 -5 -10 -8 -16 -13 -11 -15 -2 -10 -7 -13 -6 -18 -5 -14 -19 -6 -10 -9 -16 -17 -10 -6 -18 -12 -9 -14 -8 -16 -5 -14 -16 -6 -3 -12 -11 -17 -8 -8 -16 -2 -11 -3 -17 -10 -7 -7 -6 -8 -13 -18 -1 -13 -17 -15 -7 -6 -19 -18 -5 -14 -1 -20 -15 -17 -5 -9 -11 -2 -14 -18 -12 -11 -6 -4 -2 -18 -12
9 18 48 57 35 38 62 20 25 58 81 55 9 90 81 91 71 32 96 86 70 -20 -10 -6 -17 -7 -16 -15 -9 -2 -11 -16 -11 -14 -7 -3 -11 -13 -7 -14 -6 -10 -10 -3 -16 -19 -16 -15 -4 -18 -14 -13 -11 -17 -20 -15 -12 -7 -2 -18 -14 -20 -3 -10 -11 -6 -4 -3 -20 -9 -15 -4 -18 -2 -5 -17 -1 -11 -13 -15 -5 -6 -6 -7 -16 -8 -7 -8 -19 -14 -13 -14 -8 -3 -15 -20 -17 -5 -8 -5 -8 -13 -5 -5 -14 -2 -16 -20 -7 -11 -15
10 58 92 29 96 15 5 1 48 32 32 94 43 71 37 37 8 40 35 3 9 -13 -4 -15 -3 -9 -10 -7 -13 -9 -12 -16 -19 -20 -13 -16 -14 -20 -18 -2 -5 -7 -13 -1 -3 -16 -19 -12 -18 -18 -2 -9 -2 -11 -16 -16 -20 -20 -13 -5 -20 -13 -1 -17 -19 -18 -2 -8 -18 -15 -6 -4 -5 -5 -5 -4 -5 -16 -1 -8 -8 -5 -7 -19 -11 -3 -16 -11 -10 -3 -17 -14 -19 -13 -3 -13 -19 -6 -7 -1 -5 -12 -5 -9 -6 -18 -19 -17 -17 -14 -10
11 4 14 95 23 25 34 73 90 57 37 73 99 25 71 92 37 42 31 58 85 -18 -14 -4 -18 -17 -12 -16 -14 -4 -14 -18 -4 -18 -6 -14 -15 -2 -10 -19 -15 -6 -14 -8 -5 -19 -18 -4 -10 -14 -13 -5 -4 -17 -4 -12 -2 -5 -18 -20 -9 -4 -6 -12 -5 -15 -13 -15 -9 -10 -10 -7 -11 -7 -10 -4 -16 -2 -17 -10 -20 -15 -13 -12 -5 -9 -3 -19 -18 -19 -2 -4 -14 -2 -9 -13 -1 -14 -7 -7 -5 -1 -9 -8 -15 -15 -5 -14 -9 -16 -8
12 10 49 36 48 5 36 31 35 1 63 42 27 3 62 56 89 26 9 48 3 -11 -5 -16 -9 -9 -6 -14 -2 -12 -17 -1 -12 -15 -7 -12 -6 -4 -16 -4 -12 -1 -7 -8 -5 -19 -15 -11 -7 -11 -4 -10 -6 -2 -13 -11 -18 -14 -13 -11 -18 -8 -20 -13 -6 -9 -8 -15 -10 -8 -3 -14 -5 -5 -2 -12 -13 -6 -8 -18 -19 -9 -4 -12 -10 -2 -16 -12 -9 -7 -10 -16 -1 -9 -17 -9 -19 -16 -2 -19 -19 -18 -9 -12 -10 -2 -13 -20 -18 -8 -10
13 44 96 89 38 59 89 74 88 91 30 57 83 50 7 14 92 63 78 51 95 -18 -9 -16 -19 -19 -16 -1 -4 -11 -4 -14 -3 -8 -13 -18 -6 -11 -1 -6 -17 -12 -14 -5 -10 -16 -12 -14 -12 -1 -1 -1 -12 -9 -10 -6 -1 -11 -18 -1 -11 -15 -16 -11 -7 -15 -1 -1 -3 -16 -10 -19 -11 -12 -13 -3 -6 -2 -6 -7 -8 -17 -13 -7 -4 -12 -6 -8 -11 -5 -20 -18 -12 -13 -3 -5 -6 -11 -14 -1 -4 -5 -8 -9 -14 -6 -7 -3 -5 -18 -14
14 68 83 93 36 42 43 89 54 23 100 33 100 69 53 2 69 56 86 97 63 -13 -11 -17 -6 -12 -4 -19 -16 -3 -5 -17 -6 -9 -9 -6 -19 -15 -20 -1 -10 -17 -2 -13 -2 -20 -3 -15 -3 -5 -4 -15 -6 -9 -18 -3 -9 -7 -12 -7 -3 -14 -6 -12 -7 -15 -3 -1 -14 -20 -12 -4 -2 -20 -9 -9 -9 -18 -9 -8 -15 -4 -13 -16 -8 -8 -14 -7 -2 -18 -2 -15 -8 -12 -5 -16 -14 -20 -20 -3 -4 -12 -3 -5 -4 -6 -15 -15 -5 -1 -6
15 39 52 21 18 7 26 37 30 44 29 97 64 42 39 53 18 79 9 79 82 -17 -15 -6 -2 -5 -20 -20 -1 -19 -15 -12 -11 -10 -18 -7 -7 -4 -5 -20 -15 -3 -5 -1 -8 -17 -16 -20 -8 -13 -8 -20 -16 -15 -10 -12 -1 -13 -14 -13 -15 -19 -3 -14 -11 -9 -5 -10 -7 -6 -5 -19 -9 -8 -3 -20 -8 -5 -6 -8 -16 -14 -5 -16 -12 -2 -18 -7 -17 -3 -14 -18 -18 -17 -1 -6 -12 -12 -10 -20 -20 -15 -17 -1 -16 -10 -6 -13 -3 -11 -16
16 13 59 47 27 58 58 29 53 30 87 91 57 26 7 79 12 31 9 68 54 -19 -9 -19 -5 -6 -8 -7 -17 -9 -1 -3 -5 -7 -17 -18 -17 -2 -14 -20 -5 -2 -10 -4 -7 -18 -1 -17 -5 -6 -17 -1 -3 -16 -5 -12 -3 -2 -11 -16 -12 -15 -3 -18 -15 -20 -16 -15 -12 -11 -16 -20 -7 -3 -8 -3 -11 -19 -15 -9 -2 -12 -3 -1 -17 -19 -12 -13 -7 -17 -5 -2 -13 -17 -20 -20 -3 -15 -5 -9 -9 -12 -10 -8 -18 -14 -7 -3 -9 -15 -2
17 4 47 88 91 64 32 99 65 93 92 70 34 72 94 6 60 16 20 3 18 -9 -9 -2 -1 -20 -6 -18 -10 -9 -7 -17 -19 -7 -15 -4 -19 -16 -4 -19 -10 -7 -2 -17 -7 -10 -2 -4 -6 -2 -7 -16 -2 -6 -3 -19 -9 -11 -14 -8 -16 -1 -17 -5 -15 -14 -10 -9 -10 -20 -5 -6 -9 -12 -12 -20 -20 -16 -10 -15 -17 -6 -13 -17 -20 -2 -6 -15 -5 -19 -19 -12 -9 -6 -18 -19 -15 -17 -11 -20 -17 -9 -7 -14 -7 -13 -1 -7 -14 -16 -15
18 86 34 93 2 52 99 30 95 78 78 46 34 30 15 67 50 39 49 31 16 -14 -10 -7 -12 -2 -5 -6 -1 -3 -12 -14 -17 -3 -6 -10 -20 -16 -16 -14 -7 -19 -12 -5 -5 -12 -19 -20 -3 -2 -8 -4 -8 -12 -4 -6 -11 -20 -4 -6 -13 -2 -7 -12 -2 -6 -11 -2 -8 -16 -1 -7 -6 -11 -19 -20 -18 -14 -11 -15 -14 -6 -3 -2 -4 -11 -4 -5 -15 -7 -19 -16 -13 -11 -6 -3 -4 -8 -11 -7 -4 -9 -17 -15 -2 -6 -17 -10 -20 -4 -13
19 74 94 29 81 85 95 29 94 93 7 49 53 29 69 24 38 84 49 10 23 -9 -4 -7 -11 -18 -3 -15 -12 -14 -9 -7 -14 -18 -2 -4 -11 -19 -10 -11 -18 -12 -19 -9 -14 -6 -18 -5 -12 -9 -16 -2 -5 -4 -18 -7 -7 -12 -20 -11 -15 -3 -13 -17 -10 -10 -11 -8 -2 -5 -20 -7 -3 -8 -10 -3 -17 -1 -11 -11 -20 -5 -17 -9 -8 -13 -8 -9 -2 -19 -10 -8 -2 -1 -15 -13 -7 -3 -3 -2 -14 -12 -10 -1 -17 -14 -15 -4 -3 -15 -19
20 98 28 19 16 94 81 23 73 7 82 38 8 67 7 39 67 71 73 30 75 -8 -15 -2 -1 -11 -13 -10 -9 -15 -15 -1 -18 -11 -1 -18 -10 -17 -8 -20 -12 -8 -19 -15 -15 -15 -1 -10 -4 -17 -17 -2 -2 -6 -15 -9 -4 -8 -12 -2 -2 -2 -17 -14 -3 -2 -17 -17 -9 -18 -8 -16 -17 -2 -12 -8 -13 -5 -15 -8 -13 -19 -17 -7 -12 -7 -20 -2 -12 -3 -4 -17 -13 -19 -7 -17 -10 -10 -5 -16 -4 -9 -2 -1 -15 -8 -13 -18 -3 -19 -19
21 63 38 7 18 66 86 79 3 67 78 4 2 37 93 78 90 20 43 43 68 -17 -8 -18 -16 -18 -15 -9 -11 -19 -10 -10 -11 -4 -2 -2 -1 -14 -7 -15 -3 -3 -8 -11 -1 -18 -17 -13 -4 -8 -17 -7 -10 -11 -15 -10 -7 -9 -2 -14 -6 -4 -1 -13 -18 -8 -9 -19 -7 -3 -6 -7 -4 -3 -13 -4 -1 -16 -4 -10 -16 -12 -13 -16 -11 -1 -15 -14 -5 -7 -16 -19 -6 -18 -11 -11 -12 -8 -14 -2 -3 -16 -16 -18 -8 -13 -2 -3 -6 -6 -2
22 77 36 97 34 16 6 30 2 82 48 61 83 39 5 28 64 51 6 38 92 -13 -2 -9 -1 -7 -15 -19 -4 -17 -14 -14 -17 -15 -1 -13 -10 -11 -14 -7 -4 -16 -12 -7 -14 -5 -8 -15 -3 -14 -7 -16 -10 -1 -3 -1 -11 -8 -12 -19 -3 -3 -8 -3 -14 -4 -6 -18 -11 -4 -18 -12 -12 -10 -6 -17 -1 -13 -18 -9 -11 -7 -19 -11 -12 -6 -6 -2 -16 -17 -13 -20 -12 -5 -20 -11 -18 -2 -18 -12 -5 -5 -4 -19 -16 -14 -18 -19 -3 -9 -9
23 2 6 66 40 56 63 74 3 84 58 49 92 23 65 38 61 92 15 83 4 -6 -12 -12 -9 -2 -19 -16 -14 -10 -16 -11 -13 -18 -12 -8 -3 -14 -8 -4 -4 -16 -1 -8 -18 -9 -2 -15 -11 -2 -8 -14 -10 -4 -2 -19 -17 -8 -3 -8 -8 -18 -15 -5 -1 -11 -17 -2 -8 -10 -15 -16 -5 -15 -1 -15 -5 -6 -1 -2 -14 -11 -17 -1 -2 -15 -11 -1 -5 -18 -16 -5 -8 -7 -8 -8 -3 -12 -4 -13 -15 -12 -19 -6 -11 -14 -11 -16 -15 -9 -3
24 99 73 15 97 82 94 87 84 100 91 80 22 42 95 12 79 28 39 80 86 -5 -5 -13 -8 -10 -13 -14 -6 -5 -15 -1 -2 -2 -15 -8 -1 -2 -10 -7 -20 -16 -20 -8 -1 -6 -5 -11 -9 -13 -16 -14 -4 -17 -2 -13 -20 -17 -14 -11 -8 -16 -10 -15 -17 -9 -17 -14 -6 -15 -19 -5 -19 -20 -2 -18 -5 -3 -3 -3 -9 -15 -6 -16 -17 -3 -15 -14 -10 -14 -9 -10 -8 -6 -2 -12 -5 -8 -13 -14 -7 -12 -8 -7 -16 -17 -17 -5 -5 -17 -11
25 46 98 39 22 18 90 11 49 20 29 64 89 82 6 14 43 62 67 57 37 -5 -11 -14 -11 -12 -2 -9 -14 -13 -1 -2 -19 -11 -17 -10 -20 -1 -9 -9 -4 -17 -5 -10 -4 -8 -9 -10 -14 -1 -12 -6 -7 -7 -17 -20 -10 -5 -2 -16 -3 -5 -2 -16 -2 -13 -6 -4 -16 -17 -3 -10 -14 -2 -10 -6 -7 -6 -17 -14 -2 -9 -10 -14 -2 -10 -6 -14 -5 -10 -16 -16 -17 -15 -4 -13 -20 -17 -15 -19 -3 -3 -13 -16 -18 -15 -16 -12 -17 -2 -7
26 50 97 70 38 23 27 59 81 69 81 17 34 75 35 42 77 95 45 66 67 -10 -13 -1 -14 -19 -11 -3 -9 -5 -6 -15 -4 -6 -18 -18 -15 -13 -5 -1 -6 -2 -19 -13 -16 -1 -9 -16 -16 -5 -19 -19 -9 -7 -20 -11 -14 -7 -15 -18 -19 -6 -16 -7 -7 -18 -20 -20 -6 -12 -13 -20 -7 -8 -20 -3 -2 -4 -16 -9 -17 -20 -7 -10 -13 -12 -20 -17 -14 -1 -18 -6 -4 -17 -20 -19 -9 -13 -15 -20 -17 -4 -10 -7 -4 -3 -10 -17 -11 -3 -15
27 45 40 17 55 58 77 80 47 11 19 38 54 15 57 54 71 90 37 9 97 -18 -11 -9 -12 -8 -10 -14 -19 -2 -2 -14 -17 -4 -3 -19 -14 -4 -4 -15 -10 -4 -14 -2 -20 -12 -8 -5 -16 -3 -14 -1 -17 -10 -7 -8 -20 -18 -16 -4 -2 -8 -6 -5 -12 -12 -15 -10 -8 -12 -9 -2 -16 -6 -10 -19 -10 -11 -8 -5 -6 -13 -7 -15 -11 -1 -20 -2 -15 -10 -8 -3 -6 -7 -15 -3 -13 -9 -15 -2 -7 -3 -1 -2 -18 -15 -10 -14 -11 -15 -13
28 38 64 31 75 97 27 71 53 51 87 18 74 4 14 69 9 7 35 85 58 -4 -10 -10 -2 -13 -7 -4 -2 -10 -19 -8 -16 -19 -12 -13 -19 -11 -16 -5 -6 -11 -6 -10 -7 -12 -13 -7 -14 -6 -15 -11 -16 -18 -16 -12 -9 -1 -2 -20 -5 -2 -10 -17 -4 -9 -14 -15 -14 -12 -3 -19 -1 -19 -1 -20 -5 -15 -6 -9 -19 -11 -16 -17 -15 -10 -11 -8 -8 -7 -1 -14 -19 -4 -9 -14 -16 -18 -9 -15 -12 -9 -14 -3 -6 -19 -3 -2 -15 -17 -7
29 4 31 5 47 52 83 46 24 40 93 43 29 91 41 35 86 40 19 87 23 -15 -18 -2 -12 -18 -9 -14 -15 -8 -13 -8 -5 -14 -5 -16 -9 -5 -5 -15 -19 -8 -17 -1 -19 -10 -5 -11 -7 -8 -20 -20 -17 -6 -2 -15 -15 -7 -7 -4 -12 -10 -3 -15 -19 -16 -4 -10 -2 -12 -15 -8 -20 -12 -12 -18 -4 -6 -16 -6 -10 -2 -9 -18 -9 -9 -19 -20 -12 -15 -12 -20 -7 -10 -16 -19 -20 -17 -17 -7 -3 -11 -2 -19 -20 -10 -2 -19 -2 -20 -14
30 32 65 1 10 20 54 25 4 20 24 6 99 80 36 19 92 95 11 11 72 -6 -12 -9 -7 -1 -5 -19 -4 -5 -13 -19 -14 -6 -1 -12 -13 -14 -13 -10 -12 -7 -13 -7 -14 -17 -18 -15 -19 -16 -19 -3 -19 -20 -7 -14 -10 -13 -3 -5 -8 -3 -7 -5 -8 -18 -17 -18 -10 -5 -2 -8 -11 -7 -9 -13 -4 -5 -11 -12 -16 -7 -18 -15 -16 -13 -3 -14 -7 -8 -9 -2 -15 -12 -16 -4 -5 -4 -13 -19 -19 -13 -7 -10 -7 -9 -17 -14 -18 -10 -13
31 99 92 90 5 12 35 76 62 68 29 93 83 80 96 88 48 16 72 11 11 -7 -6 -5 -1 -10 -13 -11 -13 -14 -13 -8 -3 -16 -5 -3 -7 -13 -17 -20 -14 -10 -14 -1 -4 -19 -14 -18 -6 -3 -16 -20 -7 -13 -19 -11 -17 -10 -1 -20 -10 -12 -12 -8 -14 -3 -3 -10 -12 -4 -2 -16 -3 -7 -11 -6 -12 -11 -9 -13 -1 -1 -11 -17 -7 -2 -18 -2 -1 -19 -13 -17 -6 -13 -11 -13 -4 -5 -2 -15 -16 -9 -14 -11 -5 -8 -11 -14 -17 -19 -20
32 34 36 59 82 26 40 73 39 87 39 79 28 92 21 12 77 76 57 39 33 -17 -6 -2 -11 -3 -10 -13 -2 -5 -5 -20 -14 -12 -14 -16 -3 -18 -16 -11 -3 -8 -10 -18 -5 -8 -8 -1 -12 -14 -5 -10 -4 -5 -2 -8 -5 -8 -7 -4 -12 -9 -3 -9 -5 -17 -7 -11 -13 -15 -19 -16 -16 -11 -12 -7 -16 -8 -14 -15 -9 -14 -17 -10 -20 -9 -1 -14 -20 -18 -6 -16 -18 -11 -15 -14 -5 -12 -5 -6 -4 -2 -9 -11 -16 -6 -10 -13 -18 -15 -6
33 44 51 67 96 79 25 17 55 28 73 42 18 89 71 30 69 46 1 54 54 -10 -1 -9 -8 -19 -8 -12 -6 -10 -7 -8 -15 -8 -19 -12 -19 -19 -12 -20 -19 -19 -18 -5 -17 -3 -5 -19 -3 -11 -3 -3 -3 -1 -7 -15 -7 -3 -7 -7 -1 -17 -15 -18 -13 -20 -12 -4 -4 -2 -18 -10 -16 -3 -1 -2 -1 -15 -7 -20 -1 -18 -4 -14 -2 -3 -2 -10 -14 -3 -14 -6 -14 -3 -6 -4 -16 -12 -8 -12 -19 -18 -14 -6 -17 -9 -19 -4 -12 -14 -12
34 14 63 49 35 27 60 7 34 82 66 19 43 54 56 100 57 65 52 13 21 -7 -10 -5 -17 -6 -14 -15 -14 -16 -20 -2 -18 -6 -8 -11 -12 -14 -13 -13 -18 -3 -17 -7 -17 -5 -20 -13 -2 -9 -17 -17 -7 -8 -9 -15 -10 -4 -3 -3 -19 -17 -16 -17 -19 -10 -12 -2 -10 -12 -2 -5 -5 -5 -12 -16 -13 -11 -16 -10 -15 -11 -2 -10 -1 -15 -11 -9 -6 -3 -10 -17 -19 -1 -4 -11 -6 -1 -13 -5 -6 -10 -9 -4 -6 -4 -15 -18 -11 -16 -3
35 22 99 99 89 98 68 5 28 60 45 19 35 21 31 4 54 27 39 13 64 -13 -14 -6 -9 -18 -14 -10 -5 -13 -5 -11 -20 -20 -2 -5 -14 -9 -4 -5 -5 -3 -5 -13 -16 -5 -11 -5 -17 -18 -6 -1 -4 -13 -12 -16 -8 -4 -2 -3 -2 -11 -18 -14 -19 -10 -3 -16 -5 -8 -7 -6 -5 -1 -12 -2 -17 -20 -9 -10 -3 -10 -1 -7 -4 -18 -10 -9 -14 -2 -3 -4 -9 -14 -6 -3 -11 -8 -20 -8 -6 -11 -9 -7 -9 -20 -3 -14 -13 -14 -17
36 17 15 41 45 99 10 1 44 81 42 34 41 98 66 32 50 9 56 3 27 -12 -3 -8 -7 -16 -13 -5 -2 -1 -7 -6 -14 -6 -2 -9 -13 -12 -20 -3 -3 -17 -7 -5 -14 -14 -8 -9 -8 -14 -10 -13 -12 -12 -13 -1 -4 -3 -18 -3 -19 -12 -18 -18 -17 -6 -15 -6 -17 -13 -13 -14 -20 -9 -20 -5 -11 -7 -1 -7 -13 -7 -12 -18 -13 -6 -6 -11 -2 -5 -6 -14 -12 -11 -14 -8 -16 -11 -13 -11 -4 -8 -2 -3 -17 -19 -13 -15 -18 -15 -5
37 93 67 67 89 71 23 83 67 82 66 37 49 58 44 32 51 14 98 40 89 -11 -5 -4 -7 -14 -6 -13 -2 -10 -15 -11 -15 -8 -1 -5 -7 -17 -4 -15 -10 -4 -11 -19 -18 -10 -4 -12 -6 -17 -18 -16 -12 -4 -10 -17 -17 -10 -11 -7 -9 -17 -6 -2 -4 -10 -16 -11 -3 -20 -12 -18 -14 -1 -19 -16 -3 -5 -12 -10 -3 -8 -19 -12 -6 -15 -14 -11 -17 -3 -4 -17 -10 -4 -7 -1 -6 -1 -19 -15 -17 -12 -4 -4 -2 -8 -15 -18 -5 -9 -14
38 5 9 75 36 41 97 82 22 37 1 88 2 95 15 18 98 44 29 39 77 -16 -9 -12 -4 -1 -12 -19 -17 -3 -9 -9 -16 -20 -5 -13 -1 -7 -17 -3 -2 -6 -7 -8 -9 -1 -20 -17 -14 -18 -16 -12 -1 -1 -7 -3 -10 -16 -12 -4 -16 -13 -6 -9 -7 -1 -10 -20 -4 -2 -16 -7 -9 -3 -1 -18 -13 -19 -20 -17 -4 -9 -19 -17 -7 -16 -4 -4 -15 -19 -6 -13 -8 -1 -20 -19 -2 -14 -10 -5 -9 -12 -4 -14 -12 -20 -18 -14 -1 -5 -3
39 10 41 21 66 41 32 43 49 9 38 91 51 8 12 54 96 53 33 17 95 -1 -3 -11 -3 -7 -13 -16 -4 -13 -7 -14 -5 -14 -13 -20 -4 -3 -13 -10 -20 -7 -15 -10 -13 -19 -18 -17 -15 -16 -7 -20 -13 -20 -19 -12 -10 -17 -18 -2 -14 -13 -9 -5 -19 -13 -15 -9 -13 -18 -1 -6 -5 -3 -14 -15 -8 -17 -17 -12 -10 -16 -16 -18 -14 -5 -11 -4 -13 -5 -4 -4 -8 -19 -14 -8 -8 -7 -14 -8 -3 -6 -14 -17 -18 -8 -12 -15 -13 -15 -8
40 18 61 88 34 30 40 65 91 41 68 14 99 13 47 72 36 37 26 23 65 -20 -8 -18 -8 -5 -7 -11 -15 -12 -7 -7 -19 -1 -2 -3 -1 -8 -2 -5 -7 -2 -18 -18 -15 -3 -18 -2 -10 -4 -17 -7 -3 -18 -8 -5 -8 -14 -1 -7 -6 -10 -9 -1 -7 -16 -6 -5 -20 -2 -12 -2 -8 -4 -11 -17 -1 -9 -9 -7 -16 -16 -1 -13 -6 -7 -16 -20 -12 -9 -16 -2 -13 -5 -12 -14 -9 -12 -1 -19 -11 -7 -6 -10 -10 -17 -7 -19 -19 -1 -13
41 22 91 95 53 39 8 6 74 7 35 80 86 44 32 25 79 41 84 84 8 -17 -10 -19 -9 -20 -5 -8 -15 -19 -6 -6 -15 -2 -5 -17 -19 -20 -6 -2 -6 -1 -17 -14 -19 -6 -3 -13 -14 -10 -20 -1 -7 -1 -8 -15 -10 -14 -9 -16 -3 -9 -1 -6 -20 -15 -8 -18 -17 -20 -18 -7 -14 -5 -3 -2 -8 -17 -13 -2 -6 -8 -14 -20 -12 -11 -3 -17 -7 -14 -16 -1 -7 -16 -5 -14 -18 -14 -2 -20 -6 -17 -20 -13 -9 -3 -7 -1 -5 -18 -19
42 41 17 78 15 37 84 47 83 79 73 43 53 78 48 64 15 87 17 20 45 -7 -20 -16 -5 -12 -4 -4 -8 -2 -7 -18 -11 -8 -16 -4 -5 -10 -19 -11 -12 -18 -18 -2 -20 -10 -10 -9 -12 -13 -14 -11 -17 -7 -7 -19 -3 -19 -17 -15 -8 -2 -12 -8 -6 -10 -6 -7 -7 -11 -7 -17 -20 -13 -8 -2 -14 -3 -11 -13 -18 -4 -1 -3 -18 -6 -8 -14 -8 -2 -17 -16 -3 -1 -1 -4 -7 -11 -3 -13 -13 -6 -8 -6 -10 -11 -17 -9 -3 -6 -15
43 19 92 62 97 28 73 70 26 21 27 82 16 99 95 45 81 98 79 54 74 -3 -13 -13 -4 -9 -7 -10 -12 -17 -12 -11 -4 -20 -4 -10 -12 -20 -2 -12 -2 -2 -11 -20 -20 -9 -7 -20 -18 -1 -4 -19 -6 -3 -12 -17 -15 -17 -4 -7 -19 -12 -10 -6 -1 -6 -6 -8 -6 -19 -9 -18 -6 -1 -3 -12 -5 -1 -18 -2 -17 -9 -15 -17 -14 -5 -4 -18 -15 -9 -2 -11 -17 -17 -6 -14 -12 -1 -10 -12 -3 -12 -18 -18 -2 -19 -14 -18 -10 -18 -6
44 85 33 31 58 95 50 6 41 61 51 4 77 48 68 16 59 67 90 46 57 -9 -12 -17 -4 -20 -17 -14 -3 -18 -4 -6 -19 -19 -10 -1 -19 -3 -2 -17 -15 -4 -12 -13 -13 -20 -20 -18 -8 -16 -19 -16 -2 -3 -19 -7 -7 -18 -3 -11 -17 -13 -9 -4 -20 -2 -20 -20 -13 -17 -4 -5 -1 -7 -10 -2 -10 -5 -3 -4 -14 -10 -5 -20 -14 -13 -15 -14 -6 -19 -17 -8 -8 -19 -19 -12 -14 -14 -3 -3 -17 -11 -8 -17 -1 -19 -18 -1 -3 -10 -20
45 5 34 78 10 100 59 27 1 87 41 79 2 32 49 73 45 85 56 40 49 -20 -10 -13 -20 -3 -12 -4 -11 -19 -20 -15 -13 -16 -15 -3 -17 -13 -9 -4 -18 -8 -12 -2 -14 -3 -10 -9 -14 -13 -3 -15 -8 -11 -15 -7 -16 -14 -15 -18 -16 -20 -19 -19 -9 -10 -13 -16 -15 -12 -19 -15 -10 -9 -4 -14 -2 -16 -4 -13 -15 -6 -5 -7 -17 -7 -3 -3 -13 -17 -19 -1 -2 -13 -14 -10 -4 -9 -16 -6 -14 -15 -3 -17 -18 -1 -4 -16 -15 -12 -13
46 61 73 9 48 53 24 65 28 26 63 22 22 87 5 93 30 28 55 76 55 -18 -3 -7 -17 -9 -8 -3 -20 -11 -5 -4 -2 -16 -9 -12 -1 -6 -3 -15 -9 -11 -6 -20 -15 -10 -6 -11 -3 -19 -18 -11 -9 -15 -7 -17 -7 -4 -18 -7 -14 -4 -2 -12 -13 -16 -1 -13 -17 -19 -11 -16 -12 -5 -5 -17 -4 -6 -14 -13 -6 -8 -18 -2 -10 -2 -17 -19 -15 -20 -10 -1 -12 -20 -4 -11 -17 -3 -15 -8 -2 -3 -8 -9 -6 -7 -17 -6 -3 -12 -16
47 95 35 80 27 34 20 2 88 94 4 92 99 21 48 47 74 54 46 60 49 -6 -14 -8 -20 -3 -11 -11 -8 -2 -8 -19 -13 -11 -8 -3 -6 -9 -15 -2 -7 -19 -4 -8 -4 -2 -5 -10 -7 -14 -8 -8 -19 -9 -17 -16 -9 -15 -9 -1 -18 -2 -17 -19 -16 -14 -9 -14 -7 -17 -7 -16 -4 -20 -6 -8 -14 -16 -9 -18 -11 -4 -6 -19 -13 -11 -2 -10 -12 -16 -14 -16 -14 -20 -20 -14 -18 -5 -7 -10 -5 -2 -7 -7 -14 -18 -20 -10 -4 -11 -6
48 47 23 21 35 20 98 69 38 37 56 93 26 30 36 44 90 51 62 89 87 -1 -19 -13 -16 -16 -3 -7 -17 -13 -17 -1 -1 -4 -7 -9 -18 -2 -12 -18 -15 -14 -6 -3 -4 -7 -16 -3 -14 -6 -18 -15 -2 -2 -2 -7 -3 -11 -13 -3 -10 -18 -9 -8 -3 -14 -6 -7 -13 -13 -12 -6 -13 -8 -7 -18 -12 -3 -15 -12 -7 -5 -3 -16 -10 -13 -10 -11 -16 -8 -5 -2 -11 -2 -5 -2 -18 -16 -10 -6 -16 -20 -19 -4 -11 -18 -1 -3 -18 -9 -8
49 8 6 16 92 18 35 85 19 64 9 14 28 45 30 1 51 30 82 58 59 -20 -5 -11 -3 -19 -6 -20 -18 -4 -17 -5 -10 -8 -15 -20 -13 -15 -15 -17 -11 -18 -9 -14 -1 -19 -2 -16 -9 -1 -8 -16 -18 -17 -12 -9 -15 -2 -15 -13 -3 -15 -20 -17 -17 -1 -15 -15 -18 -15 -18 -6 -3 -19 -6 -12 -12 -8 -14 -6 -6 -15 -17 -6 -1 -4 -7 -6 -12 -16 -16 -3 -11 -15 -1 -11 -15 -16 -13 -8 -14 -5 -18 -11 -9 -9 -20 -11 -15 -20 -17
50 96 49 94 100 77 8 72 63 93 37 16 26 48 92 47 29 49 21 10 75 -6 -6 -20 -11 -20 -2 -10 -4 -15 -3 -15 -12 -5 -6 -7 -20 -3 -16 -5 -12 -19 -6 -19 -9 -1 -15 -16 -15 -11 -15 -18 -18 -18 -18 -14 -13 -17 -1 -11 -5 -20 -7 -18 -16 -16 -3 -20 -9 -13 -13 -13 -1 -5 -1 -5 -4 -3 -2 -16 -20 -11 -7 -4 -1 -8 -15 -4 -5 -3 -6 -20 -20 -15 -6 -8 -3 -18 -17 -19 -16 -4 -15 -3 -20 -6 -20 -17 -3 -19 -16
51 46 58 93 2 3 87 82 91 63 12 21 8 46 70 65 29 11 49 76 57 -17 -19 -8 -14 -9 -18 -5 -15 -11 -1 -10 -7 -6 -2 -14 -5 -15 -12 -10 -4 -20 -20 -3 -18 -17 -11 -11 -5 -17 -1 -10 -6 -14 -19 -7 -14 -11 -14 -2 -4 -11 -7 -9 -14 -3 -7 -7 -20 -18 -13 -14 -2 -16 -7 -16 -4 -16 -10 -5 -20 -17 -19 -1 -8 -7 -1 -16 -5 -8 -4 -2 -6 -2 -19 -3 -19 -16 -4 -12 -10 -14 -15 -12 -8 -14 -4 -10 -10 -3 -6
52 29 60 82 53 27 97 59 46 90 66 68 54 30 77 52 28 74 57 69 41 -12 -17 -19 -16 -17 -20 -17 -6 -3 -11 -18 -16 -10 -3 -18 -14 -2 -2 -20 -15 -2 -3 -4 -1 -4 -3 -7 -8 -9 -9 -12 -8 -5 -15 -2 -4 -17 -3 -18 -4 -20 -8 -1 -3 -2 -17 -3 -13 -8 -7 -11 -1 -11 -14 -7 -14 -14 -17 -9 -15 -19 -10 -3 -7 -6 -4 -18 -20 -4 -10 -2 -2 -2 -2 -11 -3 -4 -7 -18 -17 -10 -18 -7 -19 -14 -14 -10 -6 -15 -20
53 74 7 51 62 58 79 11 88 36 84 46 5 29 88 37 4 37 17 48 91 -12 -13 -6 -12 -16 -13 -17 -9 -2 -14 -20 -13 -17 -16 -3 -3 -5 -3 -6 -4 -16 -2 -3 -19 -12 -13 -13 -5 -8 -19 -20 -16 -9 -12 -2 -13 -16 -12 -10 -4 -2 -3 -17 -19 -15 -18 -19 -8 -17 -18 -7 -2 -15 -4 -8 -13 -3 -12 -4 -8 -10 -18 -7 -18 -1 -6 -4 -10 -6 -11 -19 -1 -16 -13 -3 -9 -7 -2 -14 -19 -14 -19 -8 -7 -12 -8 -9 -14 -4 -7
54 96 19 35 55 18 5 55 99 31 26 68 61 30 5 11 10 24 28 11 47 -18 -6 -9 -2 -16 -9 -12 -1 -1 -8 -5 -20 -18 -2 -3 -7 -6 -7 -1 -13 -12 -14 -18 -12 -1 -2 -11 -9 -13 -17 -3 -17 -16 -20 -19 -5 -8 -18 -12 -18 -7 -3 -6 -14 -1 -3 -14 -13 -8 -20 -12 -11 -7 -8 -12 -16 -16 -5 -11 -6 -19 -7 -8 -14 -19 -8 -10 -7 -2 -11 -17 -11 -18 -10 -19 -4 -9 -5 -8 -14 -10 -16 -7 -6 -17 -6 -4 -10 -6 -1
55 39 10 55 20 97 10 97 58 24 3 34 98 96 11 44 31 10 67 73 71 -10 -1 -19 -7 -8 -15 -7 -9 -8 -15 -16 -20 -18 -18 -13 -1 -11 -19 -11 -7 -11 -7 -3 -1 -2 -4 -3 -10 -9 -3 -17 -13 -2 -9 -10 -9 -16 -4 -18 -8 -5 -3 -10 -17 -5 -15 -17 -15 -3 -20 -12 -19 -15 -1 -15 -6 -20 -13 -9 -12 -5 -13 -18 -11 -9 -18 -7 -13 -17 -18 -10 -1 -4 -15 -10 -15 -8 -13 -4 -1 -6 -14 -9 -2 -20 -12 -7 -6 -5 -12
56 92 20 42 23 80 7 40 56 91 63 90 7 48 87 97 60 38 79 18 49 -5 -14 -18 -17 -17 -13 -4 -6 -1 -11 -13 -15 -2 -12 -19 -15 -6 -20 -18 -6 -16 -5 -19 -2 -4 -18 -13 -10 -1 -3 -2 -17 -6 -14 -9 -6 -4 -3 -14 -2 -2 -20 -3 -2 -2 -10 -4 -20 -19 -10 -3 -1 -9 -10 -2 -3 -13 -9 -11 -10 -11 -15 -5 -15 -1 -2 -6 -11 -16 -20 -17 -13 -10 -8 -5 -14 -3 -7 -20 -15 -18 -2 -9 -17 -11 -1 -8 -2 -11 -9
57 29 41 72 9 92 70 21 29 79 19 59 43 18 57 74 90 65 23 83 23 -5 -10 -8 -5 -17 -12 -17 -17 -7 -3 -18 -6 -18 -16 -11 -10 -1 -19 -17 -2 -2 -13 -11 -2 -3 -7 -14 -3 -2 -15 -1 -11 -4 -13 -4 -16 -13 -7 -2 -8 -18 -8 -5 -19 -20 -1 -7 -14 -3 -13 -16 -10 -18 -5 -9 -6 -8 -7 -7 -2 -20 -19 -9 -15 -16 -4 -7 -15 -8 -8 -1 -3 -1 -9 -1 -10 -7 -8 -6 -13 -14 -15 -13 -2 -13 -4 -8 -13 -4 -2
58 63 61 6 39 85 69 100 90 51 60 96 82 6 80 48 38 12 23 34 11 -7 -14 -9 -15 -2 -10 -12 -5 -20 -6 -9 -7 -16 -3 -19 -13 -11 -19 -6 -13 -8 -17 -18 -15 -12 -17 -10 -18 -19 -17 -11 -18 -15 -18 -19 -1 -7 -15 -1 -20 -11 -20 -20 -7 -18 -17 -10 -1 -7 -11 -20 -2 -14 -18 -18 -10 -13 -2 -2 -20 -3 -7 -13 -20 -2 -5 -10 -19 -5 -16 -2 -3 -10 -16 -15 -10 -2 -7 -8 -16 -12 -3 -19 -12 -6 -19 -5 -8 -11 -15
59 56 61 76 44 47 60 33 57 25 11 73 34 35 52 75 75 38 37 34 13 -13 -20 -6 -11 -18 -12 -1 -19 -7 -5 -12 -8 -8 -5 -4 -7 -9 -6 -5 -13 -11 -13 -20 -7 -18 -9 -18 -16 -7 -11 -3 -8 -7 -2 -4 -11 -3 -19 -6 -2 -10 -14 -11 -17 -6 -8 -8 -6 -6 -6 -4 -6 -20 -4 -19 -14 -20 -16 -15 -4 -14 -2 -14 -15 -14 -6 -1 -12 -15 -12 -4 -13 -18 -16 -9 -20 -15 -13 -8 -17 -4 -3 -5 -9 -6 -7 -18 -11 -1 -15
60 56 36 94 27 5 95 97 87 6 87 50 45 24 81 67 67 3 9 90 97 -8 -15 -1 -11 -8 -18 -9 -6 -14 -3 -20 -17 -15 -4 -13 -16 -6 -5 -16 -15 -3 -17 -13 -11 -17 -20 -3 -14 -20 -5 -15 -20 -5 -3 -12 -3 -6 -20 -4 -6 -7 -11 -10 -9 -14 -19 -15 -20 -19 -18 -12 -2 -16 -9 -13 -13 -13 -10 -3 -8 -11 -9 -3 -12 -18 -16 -7 -15 -17 -19 -18 -6 -4 -17 -15 -6 -9 -10 -6 -5 -9 -5 -14 -10 -3 -15 -12 -13 -15 -3
61 91 26 72 86 60 17 10 55 24 89 28 60 97 63 81 96 54 20 88 6 -10 -12 -10 -18 -15 -18 -19 -17 -1 -8 -12 -11 -9 -6 -6 -11 -6 -17 -11 -1 -1 -3 -16 -3 -4 -15 -5 -18 -18 -5 -13 -11 -20 -6 -2 -20 -11 -10 -11 -4 -3 -19 -9 -13 -1 -11 -6 -10 -20 -5 -10 -5 -12 -14 -13 -12 -19 -20 -3 -2 -12 -14 -7 -5 -6 -8 -10 -19 -10 -15 -2 -20 -7 -9 -7 -14 -1 -4 -11 -19 -7 -18 -17 -19 -14 -7 -17 -6 -12 -20
62 41 51 84 95 34 15 44 9 18 53 79 86 100 35 65 50 53 35 88 16 -8 -11 -19 -3 -4 -12 -10 -3 -1 -6 -19 -9 -2 -2 -13 -12 -10 -11 -3 -12 -1 -4 -3 -10 -2 -17 -18 -1 -18 -11 -17 -7 -5 -12 -17 -18 -18 -2 -3 -13 -12 -10 -8 -8 -8 -16 -18 -16 -9 -17 -20 -15 -5 -15 -9 -16 -2 -9 -6 -2 -3 -6 -13 -1 -17 -10 -19 -13 -10 -8 -2 -3 -3 -5 -4 -15 -9 -6 -6 -19 -9 -19 -15 -11 -15 -11 -9 -12 -5 -17
63 80 26 10 63 91 97 61 32 15 69 83 12 99 30 33 16 65 56 57 74 -10 -2 -2 -1 -4 -2 -7 -7 -15 -12 -8 -3 -1 -17 -7 -14 -16 -20 -10 -16 -19 -13 -15 -8 -8 -17 -18 -5 -8 -7 -5 -7 -5 -8 -4 -18 -9 -18 -11 -8 -17 -18 -14 -2 -19 -6 -10 -13 -15 -17 -5 -3 -7 -16 -7 -18 -11 -15 -10 -1 -19 -4 -1 -1 -11 -13 -5 -12 -11 -18 -6 -7 -1 -11 -9 -9 -2 -3 -16 -9 -8 -6 -19 -19 -13 -6 -14 -19 -3 -17
64 75 73 100 55 65 5 90 47 48 36 48 16 88 84 40 26 85 64 43 74 -15 -3 -16 -12 -5 -7 -5 -11 -7 -19 -7 -4 -17 -1 -11 -2 -16 -17 -15 -19 -12 -19 -13 -7 -7 -17 -4 -8 -13 -1 -4 -11 -15 -4 -11 -7 -3 -15 -16 -2 -20 -5 -6 -14 -17 -18 -19 -16 -12 -11 -4 -3 -20 -19 -6 -20 -20 -9 -16 -15 -2 -17 -3 -10 -17 -6 -17 -11 -2 -8 -1 -17 -12 -13 -18 -1 -19 -8 -15 -20 -20 -6 -8 -20 -2 -16 -8 -18 -2 -17
65 20 8 1 80 92 83 73 100 40 47 98 45 11 87 97 76 25 9 55 76 -9 -19 -15 -2 -13 -4 -15 -16 -16 -6 -6 -2 -17 -1 -1 -13 -1 -9 -18 -10 -12 -9 -5 -11 -13 -10 -2 -2 -2 -1 -18 -4 -10 -3 -7 -14 -14 -13 -2 -13 -13 -4 -12 -16 -16 -8 -1 -9 -18 -20 -8 -9 -14 -3 -10 -20 -9 -13 -1 -4 -4 -19 -13 -15 -12 -4 -18 -12 -20 -14 -5 -15 -13 -16 -16 -4 -8 -12 -15 -4 -12 -18 -7 -3 -4 -7 -16 -19 -16 -10
66 3 22 8 31 37 3 91 96 14 8 73 86 48 96 26 52 75 57 76 49 -12 -19 -19 -9 -4 -20 -12 -20 -7 -19 -18 -10 -6 -19 -15 -12 -5 -4 -9 -6 -20 -4 -12 -18 -13 -17 -8 -5 -13 -11 -1 -7 -8 -3 -11 -9 -4 -19 -10 -10 -6 -5 -20 -14 -10 -10 -8 -19 -15 -20 -7 -12 -12 -10 -15 -17 -8 -12 -5 -10 -3 -14 -17 -20 -11 -4 -20 -9 -5 -14 -16 -17 -13 -9 -6 -5 -12 -15 -9 -4 -16 -2 -17 -15 -8 -5 -7 -4 -6 -10
67 70 66 27 23 71 75 100 2 64 15 13 35 86 44 9 47 29 32 49 41 -1 -3 -12 -8 -14 -3 -4 -9 -2 -5 -2 -16 -7 -7 -12 -10 -1 -14 -13 -19 -19 -5 -15 -10 -10 -14 -11 -18 -2 -8 -19 -12 -14 -4 -3 -11 -1 -15 -12 -12 -7 -13 -2 -17 -15 -3 -1 -13 -18 -14 -3 -9 -5 -17 -6 -3 -12 -16 -12 -8 -7 -6 -9 -20 -17 -6 -3 -19 -11 -11 -16 -14 -12 -3 -4 -2 -4 -19 -8 -10 -16 -15 -2 -1 -1 -11 -19 -17 -18 -6
68 75 20 83 47 90 12 72 24 67 49 98 49 100 35 33 88 71 18 35 56 -12 -8 -4 -12 -6 -5 -2 -18 -13 -12 -13 -11 -12 -1 -5 -9 -8 -18 -19 -9 -15 -10 -18 -19 -3 -18 -5 -2 -10 -10 -12 -4 -9 -4 -8 -9 -9 -7 -13 -15 -5 -1 -1 -6 -14 -8 -13 -10 -1 -10 -4 -18 -11 -3 -11 -20 -14 -15 -7 -2 -15 -4 -20 -6 -17 -6 -10 -3 -10 -6 -13 -1 -19 -9 -2 -18 -11 -13 -11 -14 -3 -14 -15 -7 -8 -12 -16 -20 -14 -3
69 12 32 93 33 78 58 73 71 11 26 91 79 27 93 95 18 26 54 5 100 -3 -7 -3 -17 -20 -8 -12 -20 -6 -17 -15 -14 -5 -10 -6 -17 -20 -19 -16 -12 -8 -5 -20 -19 -14 -14 -9 -15 -10 -20 -2 -11 -13 -11 -19 -10 -16 -11 -17 -4 -11 -9 -3 -10 -9 -1 -9 -18 -14 -20 -14 -19 -15 -16 -6 -20 -18 -10 -9 -17 -8 -20 -17 -15 -8 -8 -11 -10 -13 -7 -5 -2 -10 -2 -10 -16 -11 -9 -14 -3 -14 -16 -13 -19 -20 -12 -1 -19 -15 -6
70 30 47 35 20 55 88 28 38 58 86 15 13 3 18 73 40 42 44 63 67 -2 -20 -8 -11 -8 -6 -7 -12 -15 -20 -15 -15 -6 -3 -8 -2 -13 -12 -5 -3 -19 -20 -11 -20 -20 -14 -20 -20 -20 -5 -13 -14 -6 -3 -3 -7 -1 -17 -12 -2 -17 -8 -7 -4 -16 -17 -2 -13 -4 -15 -16 -16 -20 -15 -8 -5 -1 -2 -19 -18 -7 -14 -6 -17 -11 -11 -17 -2 -18 -14 -11 -14 -18 -3 -18 -8 -5 -3 -4 -3 -19 -2 -11 -10 -11 -20 -4 -12 -10 -5
71 16 77 38 55 83 29 59 74 59 61 19 94 73 7 59 35 92 33 3 76 -4 -13 -16 -16 -19 -3 -9 -17 -11 -16 -4 -8 -1 -11 -11 -17 -15 -2 -20 -16 -15 -19 -15 -6 -16 -18 -2 -3 -14 -19 -6 -7 -20 -12 -4 -7 -10 -2 -6 -12 -18 -17 -20 -8 -4 -4 -7 -8 -11 -16 -14 -20 -8 -6 -3 -1 -3 -6 -2 -18 -4 -9 -20 -7 -2 -9 -8 -19 -2 -19 -7 -3 -6 -19 -16 -15 -1 -16 -19 -6 -6 -5 -12 -12 -18 -11 -17 -19 -1 -18
72 43 81 38 14 21 8 70 57 85 3 51 63 87 93 49 50 77 45 26 41 -19 -19 -15 -13 -8 -1 -4 -2 -10 -10 -6 -15 -13 -16 -10 -4 -6 -10 -13 -8 -12 -7 -13 -14 -3 -11 -18 -10 -10 -12 -3 -11 -10 -13 -14 -5 -14 -16 -16 -8 -11 -12 -15 -5 -4 -11 -16 -9 -14 -1 -9 -11 -20 -6 -2 -20 -5 -10 -11 -12 -20 -4 -19 -16 -3 -3 -4 -13 -1 -20 -11 -8 -16 -18 -18 -1 -9 -17 -4 -16 -18 -4 -8 -20 -16 -11 -12 -16 -3 -12
73 33 69 58 17 45 42 41 94 2 82 13 99 82 65 88 3 33 18 55 56 -10 -15 -18 -7 -2 -20 -8 -6 -10 -2 -15 -11 -14 -20 -11 -9 -16 -15 -17 -10 -20 -19 -6 -18 -11 -20 -17 -13 -15 -5 -3 -19 -17 -19 -11 -20 -19 -12 -3 -2 -9 -20 -5 -1 -14 -1 -20 -12 -2 -14 -1 -11 -17 -17 -20 -15 -8 -14 -20 -17 -6 -9 -11 -9 -8 -2 -14 -4 -12 -6 -20 -4 -13 -9 -5 -16 -7 -12 -16 -16 -7 -5 -7 -9 -2 -9 -6 -11 -4 -14
74 70 28 38 33 22 88 30 28 79 8 55 98 12 41 14 53 78 8 64 16 -1 -5 -16 -13 -10 -19 -12 -4 -17 -12 -3 -16 -19 -1 -19 -7 -13 -9 -4 -13 -9 -2 -12 -12 -14 -2 -8 -12 -3 -12 -7 -16 -1 -2 -13 -8 -2 -8 -11 -14 -15 -13 -12 -6 -8 -8 -2 -3 -2 -5 -14 -3 -16 -9 -11 -16 -12 -19 -19 -6 -12 -9 -11 -19 -11 -10 -11 -2 -9 -12 -16 -8 -12 -15 -3 -14 -1 -15 -4 -6 -10 -1 -4 -15 -1 -7 -15 -3 -2 -15
75 28 29 50 82 66 73 23 5 21 86 33 17 25 79 90 63 90 3 76 69 -13 -2 -20 -18 -11 -17 -16 -18 -16 -10 -20 -9 -19 -7 -12 -6 -16 -19 -16 -4 -6 -18 -1 -11 -11 -9 -5 -15 -7 -15 -20 -9 -20 -18 -17 -19 -12 -16 -6 -15 -20 -19 -1 -14 -13 -18 -17 -4 -2 -16 -15 -9 -5 -20 -8 -7 -3 -9 -2 -16 -10 -3 -10 -6 -18 -10 -8 -5 -17 -18 -7 -12 -4 -13 -3 -10 -2 -9 -18 -5 -11 -2 -17 -13 -16 -2 -20 -4 -16 -4
76 57 81 97 40 85 25 69 99 44 66 29 15 98 68 73 90 8 73 13 93 -4 -6 -18 -12 -7 -7 -1 -5 -1 -17 -11 -16 -15 -19 -2 -12 -15 -10 -12 -12 -17 -4 -3 -12 -4 -5 -9 -14 -16 -14 -8 -20 -7 -13 -7 -20 -7 -12 -20 -16 -17 -14 -7 -16 -8 -6 -9 -3 -19 -19 -12 -9 -7 -6 -3 -12 -9 -18 -18 -2 -12 -15 -2 -12 -16 -9 -1 -4 -12 -6 -7 -13 -13 -20 -17 -13 -17 -2 -4 -9 -14 -14 -13 -14 -11 -18 -5 -13 -16 -5
77 29 32 58 81 8 63 59 48 8 63 64 64 96 70 4 66 38 91 15 93 -19 -3 -1 -15 -18 -1 -5 -5 -4 -6 -17 -17 -6 -16 -12 -18 -20 -4 -3 -12 -13 -8 -7 -13 -10 -19 -13 -5 -7 -11 -17 -2 -16 -1 -13 -4 -9 -1 -10 -13 -16 -4 -9 -9 -18 -14 -2 -3 -9 -19 -7 -9 -10 -11 -18 -3 -11 -7 -17 -15 -5 -6 -5 -15 -19 -11 -4 -5 -4 -18 -15 -20 -19 -19 -20 -13 -7 -4 -15 -17 -2 -20 -1 -11 -9 -13 -15 -16 -15 -14
78 65 94 37 32 80 6 78 34 11 90 61 89 81 30 74 40 43 9 1 63 -2 -20 -5 -12 -19 -9 -17 -4 -8 -18 -14 -4 -19 -9 -14 -4 -10 -12 -9 -15 -1 -19 -11 -13 -18 -9 -3 -14 -2 -18 -9 -10 -6 -15 -10 -1 -14 -2 -18 -14 -11 -5 -2 -13 -12 -16 -18 -12 -1 -9 -6 -18 -6 -19 -1 -10 -6 -9 -12 -20 -7 -9 -8 -3 -8 -18 -2 -11 -15 -5 -8 -9 -15 -3 -18 -12 -4 -1 -11 -5 -17 -2 -5 -15 -1 -20 -16 -9 -20 -7
79 56 45 30 98 51 56 5 1 9 96 32 100 73 51 95 57 80 14 31 9 -6 -13 -14 -11 -8 -14 -19 -8 -8 -18 -10 -12 -13 -7 -19 -12 -10 -18 -12 -8 -2 -1 -20 -14 -14 -14 -11 -4 -12 -15 -6 -8 -2 -11 -13 -1 -6 -3 -11 -13 -11 -15 -11 -4 -5 -5 -5 -11 -8 -13 -13 -4 -8 -6 -3 -13 -7 -19 -11 -18 -16 -7 -3 -11 -4 -8 -8 -3 -6 -7 -15 -11 -19 -4 -8 -18 -18 -4 -14 -11 -13 -14 -4 -8 -10 -13 -17 -1 -19 -10
80 88 50 53 22 44 1 91 94 80 5 82 9 91 44 42 68 79 80 75 74 -8 -11 -4 -3 -12 -13 -11 -20 -19 -17 -10 -18 -2 -6 -15 -11 -18 -15 -15 -1 -13 -4 -7 -4 -4 -7 -5 -11 -14 -4 -4 -19 -4 -8 -8 -11 -19 -11 -7 -20 -20 -2 -8 -13 -10 -20 -18 -19 -15 -20 -9 -18 -5 -20 -6 -13 -13 -7 -12 -6 -1 -9 -6 -13 -20 -8 -3 -9 -11 -12 -12 -8 -17 -14 -18 -8 -3 -8 -2 -3 -10 -1 -12 -14 -16 -8 -14 -14 -4 -6
81 83 1 57 75 37 92 36 84 44 46 90 99 93 54 36 4 39 55 98 38 -9 -6 -19 -3 -10 -14 -19 -2 -17 -13 -15 -9 -12 -10 -7 -16 -12 -5 -18 -18 -12 -18 -7 -18 -13 -13 -12 -16 -5 -18 -6 -15 -4 -17 -14 -15 -14 -12 -4 -12 -9 -11 -4 -15 -9 -7 -1 -20 -1 -6 -12 -12 -12 -14 -12 -5 -5 -2 -8 -9 -1 -6 -19 -2 -4 -14 -4 -6 -4 -10 -1 -13 -19 -12 -12 -7 -11 -11 -13 -18 -10 -17 -2 -3 -7 -6 -9 -19 -7 -10
82 30 7 100 5 92 91 53 22 80 27 75 54 13 97 42 79 92 9 32 80 -6 -1 -11 -3 -7 -17 -10 -17 -14 -9 -14 -9 -2 -6 -12 -11 -16 -10 -5 -7 -12 -17 -14 -17 -15 -5 -18 -7 -13 -13 -5 -10 -5 -19 -7 -17 -16 -14 -20 -2 -11 -15 -4 -9 -17 -1 -7 -18 -15 -11 -13 -14 -20 -3 -13 -7 -3 -16 -9 -19 -6 -15 -12 -14 -14 -13 -2 -5 -20 -2 -3 -12 -9 -5 -20 -13 -3 -4 -14 -19 -15 -8 -13 -1 -10 -1 -4 -14 -7 -19
83 70 34 19 82 2 78 82 93 65 6 33 93 55 54 77 76 96 17 30 69 -18 -10 -6 -2 -17 -1 -6 -4 -6 -6 -9 -9 -6 -18 -8 -19 -12 -8 -10 -12 -8 -18 -14 -3 -10 -15 -2 -1 -2 -11 -4 -2 -18 -20 -19 -15 -13 -18 -16 -5 -8 -19 -1 -16 -7 -5 -3 -16 -14 -14 -5 -4 -18 -17 -5 -7 -10 -13 -14 -11 -10 -1 -11 -7 -15 -15 -18 -16 -16 -8 -6 -8 -2 -17 -19 -13 -2 -3 -9 -17 -17 -9 -6 -3 -16 -3 -5 -3 -4 -20
84 53 55 82 43 59 75 37 57 74 43 89 6 88 69 2 25 85 10 59 53 -19 -6 -12 -2 -16 -15 -8 -10 -6 -18 -16 -1 -17 -20 -3 -10 -6 -6 -19 -10 -11 -2 -11 -9 -13 -20 -9 -15 -9 -15 -18 -19 -9 -17 -20 -14 -2 -6 -6 -18 -13 -9 -10 -17 -16 -15 -5 -7 -11 -17 -16 -16 -16 -15 -2 -10 -9 -6 -8 -10 -12 -1 -2 -18 -10 -10 -12 -5 -6 -14 -17 -11 -7 -5 -16 -8 -11 -10 -16 -11 -7 -6 -14 -7 -2 -4 -5 -11 -7 -3
85 44 29 75 43 66 81 78 72 43 73 81 45 41 59 3 42 50 71 16 91 -1 -20 -16 -16 -10 -3 -14 -11 -12 -20 -4 -18 -8 -7 -20 -1 -5 -16 -3 -14 -9 -3 -15 -14 -14 -3 -10 -19 -18 -4 -17 -17 -16 -4 -20 -13 -1 -14 -5 -14 -17 -3 -2 -13 -8 -20 -8 -17 -10 -18 -3 -13 -5 -17 -20 -4 -10 -15 -19 -9 -2 -12 -3 -17 -19 -1 -12 -8 -10 -10 -6 -7 -9 -15 -7 -15 -1 -11 -20 -16 -4 -17 -1 -2 -10 -2 -5 -18 -7 -18
86 10 25 44 6 2 30 83 86 22 46 30 69 19 85 22 10 57 11 37 46 -7 -4 -8 -7 -10 -1 -5 -12 -7 -15 -8 -15 -5 -5 -15 -4 -4 -1 -8 -15 -16 -17 -12 -6 -8 -6 -15 -4 -19 -13 -10 -13 -1 -19 -3 -8 -17 -12 -8 -8 -2 -9 -9 -16 -7 -7 -10 -3 -4 -11 -15 -3 -4 -14 -17 -2 -12 -16 -6 -20 -12 -16 -11 -7 -8 -18 -18 -14 -16 -4 -8 -15 -10 -13 -14 -10 -9 -11 -13 -2 -8 -15 -20 -18 -6 -5 -19 -16 -8 -9
87 82 11 28 38 56 14 20 15 76 34 96 34 60 100 47 51 81 89 58 33 -19 -15 -3 -1 -12 -19 -4 -17 -8 -6 -9 -4 -10 -9 -15 -3 -14 -20 -20 -20 -7 -18 -6 -4 -7 -9 -10 -12 -8 -15 -12 -6 -2 -8 -2 -6 -6 -5 -19 -19 -2 -4 -2 -1 -2 -6 -20 -19 -18 -11 -17 -17 -12 -10 -4 -18 -1 -15 -17 -4 -3 -19 -6 -2 -19 -16 -14 -11 -2 -14 -10 -14 -3 -8 -11 -11 -18 -11 -15 -12 -17 -5 -10 -11 -3 -18 -20 -3 -16 -11
88 65 76 1 48 55 44 90 54 98 51 7 7 81 52 48 2 33 45 10 65 -18 -8 -8 -15 -2 -9 -3 -14 -6 -7 -16 -20 -1 -2 -1 -17 -11 -3 -9 -9 -2 -8 -1 -3 -9 -9 -6 -17 -14 -12 -14 -1 -16 -4 -14 -16 -19 -11 -3 -5 -14 -11 -8 -8 -2 -7 -8 -17 -3 -6 -15 -10 -9 -9 -10 -11 -17 -14 -11 -2 -10 -12 -1 -6 -12 -7 -8 -18 -10 -8 -11 -16 -19 -5 -20 -14 -1 -3 -14 -14 -14 -2 -17 -15 -12 -20 -13 -1 -9 -17
89 68 41 42 89 36 21 76 88 96 2 48 79 66 56 47 32 84 93 82 74 -14 -9 -12 -19 -18 -8 -2 -20 -16 -13 -1 -10 -4 -19 -15 -15 -20 -18 -8 -7 -2 -2 -16 -8 -9 -9 -14 -18 -5 -4 -4 -3 -20 -7 -1 -11 -1 -13 -15 -9 -2 -3 -13 -15 -20 -12 -6 -4 -6 -9 -13 -19 -15 -2 -18 -9 -1 -11 -8 -13 -5 -16 -18 -13 -6 -7 -9 -17 -7 -20 -5 -2 -19 -18 -2 -20 -2 -14 -11 -16 -5 -10 -7 -1 -19 -5 -13 -9 -1 -11
90 97 11 78 14 55 58 8 28 68 96 17 43 67 7 18 22 3 4 39 31 -10 -4 -17 -1 -1 -14 -17 -20 -10 -15 -10 -5 -6 -11 -9 -7 -19 -18 -7 -13 -15 -8 -1 -10 -7 -8 -4 -10 -13 -9 -6 -9 -6 -18 -15 -16 -20 -5 -15 -14 -6 -8 -15 -19 -2 -2 -4 -2 -14 -10 -10 -10 -18 -9 -6 -2 -1 -19 -3 -12 -18 -7 -20 -20 -9 -17 -3 -6 -3 -18 -8 -14 -13 -14 -4 -17 -15 -19 -19 -12 -18 -15 -8 -15 -3 -1 -6 -12 -1 -10
91 20 86 56 64 31 80 77 55 67 67 43 70 67 54 47 70 70 38 7 5 -10 -7 -15 -1 -2 -7 -17 -1 -17 -18 -1 -1 -18 -2 -13 -13 -10 -10 -14 -19 -19 -20 -16 -3 -10 -5 -10 -4 -8 -5 -10 -15 -18 -17 -15 -5 -6 -10 -9 -2 -1 -13 -10 -7 -8 -11 -17 -9 -18 -13 -13 -4 -17 -4 -3 -11 -1 -20 -11 -20 -9 -20 -15 -6 -5 -18 -13 -18 -14 -19 -5 -8 -20 -11 -9 -16 -12 -11 -4 -3 -12 -16 -16 -16 -3 -18 -3 -19 -9 -19
92 89 53 1 86 53 96 38 77 32 20 62 41 62 40 56 9 78 86 33 5 -2 -19 -19 -9 -8 -20 -11 -12 -6 -11 -19 -20 -12 -13 -3 -2 -13 -15 -1 -18 -5 -12 -6 -16 -4 -9 -16 -4 -9 -14 -6 -8 -16 -10 -6 -6 -13 -1 -3 -19 -11 -1 -2 -2 -4 -5 -11 -20 -6 -18 -12 -19 -11 -3 -17 -20 -16 -14 -10 -20 -3 -10 -18 -4 -3 -16 -11 -18 -10 -19 -9 -13 -9 -20 -7 -20 -9 -5 -6 -9 -2 -15 -19 -9 -14 -5 -6 -14 -19 -14
93 53 23 95 86 93 45 16 87 95 92 87 29 63 80 47 70 90 71 79 12 -1 -8 -4 -2 -15 -3 -5 -8 -9 -2 -19 -20 -6 -11 -6 -15 -20 -12 -10 -10 -3 -10 -9 -19 -8 -6 -1 -10 -3 -20 -19 -10 -19 -18 -17 -18 -5 -11 -10 -13 -18 -5 -20 -17 -16 -20 -1 -7 -9 -6 -10 -1 -3 -2 -9 -16 -16 -2 -7 -14 -20 -20 -4 -8 -16 -7 -15 -14 -9 -7 -4 -8 -1 -7 -9 -18 -18 -20 -14 -7 -11 -12 -8 -12 -8 -13 -4 -14 -10 -3
94 44 24 72 88 28 64 70 46 91 52 95 70 75 91 45 8 82 45 5 55 -3 -15 -3 -17 -18 -6 -4 -2 -11 -19 -2 -19 -3 -15 -13 -11 -12 -9 -13 -18 -19 -5 -3 -2 -8 -4 -11 -1 -10 -11 -17 -12 -5 -20 -15 -5 -5 -17 -10 -1 -19 -8 -14 -2 -15 -14 -18 -4 -14 -7 -11 -9 -18 -5 -7 -4 -18 -7 -7 -12 -20 -16 -11 -4 -1 -3 -6 -17 -3 -6 -14 -15 -6 -19 -20 -16 -1 -6 -19 -10 -5 -9 -10 -18 -11 -8 -17 -17 -17 -2
95 89 98 48 25 61 40 76 17 85 51 21 70 77 20 2 80 29 14 54 37 -16 -3 -8 -5 -3 -15 -13 -14 -5 -18 -2 -13 -19 -16 -4 -9 -12 -15 -5 -13 -19 -12 -13 -18 -9 -12 -6 -3 -4 -13 -8 -6 -10 -14 -12 -3 -17 -16 -14 -2 -4 -5 -4 -10 -14 -13 -11 -12 -12 -4 -10 -20 -10 -13 -8 -19 -14 -9 -14 -18 -3 -3 -18 -8 -5 -1 -17 -2 -14 -16 -3 -9 -10 -8 -11 -17 -15 -4 -6 -10 -20 -1 -1 -15 -20 -15 -20 -5 -6 -10
96 34 41 84 73 85 10 20 40 49 100 25 14 26 81 58 1 38 24 69 53 -8 -3 -7 -16 -14 -11 -20 -9 -11 -15 -14 -11 -2 -1 -14 -5 -11 -20 -12 -19 -6 -20 -2 -10 -2 -12 -13 -10 -20 -11 -12 -8 -1 -5 -15 -9 -18 -5 -13 -12 -10 -17 -14 -1 -4 -9 -1 -7 -1 -3 -7 -15 -15 -4 -15 -16 -15 -10 -1 -16 -18 -8 -12 -15 -9 -15 -18 -17 -16 -7 -11 -16 -15 -17 -10 -5 -11 -16 -6 -12 -14 -13 -16 -7 -8 -13 -5 -2 -12 -13
97 36 32 41 46 8 75 92 5 75 3 60 76 94 79 33 97 69 66 9 35 -4 -12 -11 -5 -18 -18 -11 -15 -20 -19 -18 -20 -9 -6 -8 -12 -16 -16 -19 -19 -14 -1 -9 -13 -10 -18 -1 -5 -6 -11 -13 -19 -9 -8 -7 -14 -5 -18 -1 -2 -14 -2 -6 -7 -7 -4 -19 -2 -13 -16 -6 -6 -19 -9 -12 -3 -20 -17 -20 -9 -12 -7 -10 -18 -10 -3 -11 -4 -1 -19 -2 -12 -18 -20 -20 -11 -4 -7 -12 -15 -6 -20 -17 -4 -10 -18 -15 -1 -11 -8
98 87 76 76 58 37 94 70 11 69 79 68 71 9 19 77 89 93 37 32 31 -13 -2 -17 -8 -10 -3 -9 -7 -14 -7 -16 -12 -12 -19 -11 -14 -10 -18 -2 -4 -16 -10 -17 -15 -18 -6 -5 -14 -11 -17 -18 -18 -5 -17 -17 -8 -8 -18 -6 -13 -9 -1 -8 -15 -1 -7 -5 -15 -6 -6 -2 -4 -11 -12 -9 -3 -17 -20 -15 -10 -19 -2 -12 -1 -16 -2 -7 -3 -7 -4 -16 -5 -15 -5 -4 -3 -7 -17 -17 -18 -4 -3 -16 -7 -18 -6 -1 -20 -14 -20
99 12 7 58 14 36 20 13 19 91 85 14 66 2 32 36 100 92 84 73 91 -8 -15 -10 -15 -12 -5 -1 -17 -19 -6 -3 -8 -3 -5 -18 -8 -16 -7 -13 -18 -7 -16 -9 -11 -17 -13 -8 -2 -20 -18 -11 -5 -8 -2 -9 -19 -19 -17 -18 -15 -12 -17 -20 -20 -17 -3 -20 -15 -2 -17 -10 -15 -7 -8 -10 -14 -6 -14 -12 -15 -19 -7 -13 -7 -10 -13 -1 -3 -16 -15 -20 -7 -7 -11 -13 -2 -10 -16 -4 -17 -2 -1 -10 -6 -16 -15 -16 -16 -8 -3
