10 100
982.2 969.6 1165.6000000000001 994.8000000000001 933.2 980.0 884.8000000000001 1091.8 1027.2 1058.8
0 56 8 39 54 75 62 37 94 18 21 1 19 85 22 6 76 2 23 37 54 -5 -15 -3 -12 -2 -3 -16 -18 -20 -3 -9 -19 -8 -19 -8 -3 -2 -2 -14 -2 -18 -15 -4 -13 -15 -7 -11 -4 -18 -9 -13 -16 -15 -19 -4 -5 -17 -16 -3 -13 -16 -6 -1 -16 -6 -7 -11 -4 -3 -11 -7 -10 -20 -1 -2 -7 -19 -15 -9 -9 -8 -8 -5 -15 -19 -5 -6 -17 -13 -10 -15 -2 -5 -11 -5 -12 -1 -16 -17 -13 -14 -2 -5 -2 -20 -7 -4 -9 -17 -14
1 65 96 1 42 7 9 12 59 46 36 73 33 97 84 98 38 2 3 27 32 -18 -5 -12 -4 -9 -3 -18 -10 -10 -19 -4 -12 -10 -3 -17 -4 -16 -20 -9 -17 -17 -3 -13 -11 -7 -18 -16 -17 -8 -8 -6 -7 -7 -19 -10 -16 -16 -17 -4 -1 -2 -17 -1 -10 -15 -17 -7 -7 -8 -6 -4 -10 -11 -14 -6 -1 -5 -7 -6 -9 -18 -13 -2 -14 -16 -11 -17 -4 -5 -9 -1 -9 -9 -6 -9 -3 -6 -12 -18 -8 -20 -11 -15 -18 -13 -10 -7 -3 -3 -11
2 95 30 43 86 79 83 32 32 2 20 91 94 51 85 81 60 6 65 56 38 -9 -15 -6 -12 -17 -15 -11 -17 -3 -3 -14 -16 -16 -12 -17 -19 -3 -9 -4 -18 -17 -1 -17 -11 -10 -17 -11 -10 -5 -16 -17 -7 -2 -2 -1 -19 -12 -10 -11 -7 -12 -10 -4 -3 -8 -3 -20 -12 -9 -1 -1 -5 -6 -19 -12 -18 -8 -6 -3 -3 -20 -20 -12 -19 -2 -13 -4 -13 -8 -12 -11 -15 -13 -3 -2 -20 -13 -15 -19 -4 -17 -2 -1 -1 -5 -12 -14 -1 -11 -18
3 98 25 47 3 94 55 40 98 13 1 21 73 12 91 57 36 31 68 7 82 -15 -1 -20 -11 -10 -1 -19 -6 -7 -17 -16 -16 -3 -13 -6 -13 -19 -15 -8 -9 -5 -1 -6 -8 -18 -11 -11 -4 -2 -1 -2 -8 -13 -14 -9 -20 -20 -3 -1 -20 -11 -19 -14 -2 -9 -6 -15 -11 -13 -19 -13 -10 -8 -5 -19 -18 -3 -17 -14 -9 -11 -11 -18 -14 -1 -2 -17 -15 -9 -16 -18 -15 -15 -15 -17 -20 -20 -1 -15 -9 -12 -6 -11 -7 -12 -15 -3 -20 -7 -2
4 71 34 26 98 33 63 51 40 27 72 75 46 51 19 87 85 37 6 27 83 -3 -19 -8 -5 -16 -2 -17 -11 -6 -8 -13 -11 -11 -5 -11 -1 -20 -19 -6 -3 -8 -3 -9 -6 -4 -10 -13 -13 -15 -1 -7 -1 -9 -16 -20 -13 -7 -2 -8 -7 -3 -17 -19 -8 -18 -2 -4 -15 -5 -18 -12 -6 -8 -7 -8 -3 -19 -5 -10 -15 -9 -6 -2 -2 -7 -11 -6 -5 -5 -16 -3 -2 -16 -19 -6 -16 -7 -7 -2 -8 -18 -18 -12 -9 -3 -10 -14 -1 -7 -20
5 97 35 95 71 36 96 52 29 91 9 45 61 55 33 48 38 67 80 77 1 -4 -1 -6 -16 -11 -8 -7 -9 -10 -2 -9 -5 -10 -16 -18 -13 -17 -17 -16 -3 -17 -18 -10 -7 -1 -17 -10 -15 -17 -19 -18 -4 -18 -12 -20 -10 -5 -2 -4 -14 -12 -18 -9 -11 -7 -17 -11 -5 -5 -19 -5 -12 -2 -12 -14 -19 -9 -6 -17 -6 -11 -13 -9 -6 -18 -17 -6 -12 -3 -8 -18 -13 -4 -12 -1 -13 -2 -9 -17 -6 -1 -5 -4 -1 -15 -6 -19 -8 -5 -6
6 13 89 58 77 64 70 12 91 5 93 75 6 42 29 78 94 71 84 3 83 -11 -1 -7 -15 -8 -8 -1 -19 -10 -4 -4 -6 -18 -6 -3 -11 -1 -17 -5 -10 -5 -13 -15 -14 -8 -8 -18 -17 -11 -19 -12 -19 -8 -5 -13 -8 -19 -5 -17 -18 -18 -2 -15 -11 -10 -12 -4 -2 -15 -4 -7 -13 -17 -3 -12 -7 -5 -16 -1 -8 -3 -6 -9 -10 -9 -5 -9 -19 -1 -19 -6 -15 -9 -4 -18 -18 -1 -8 -12 -10 -11 -16 -3 -15 -19 -4 -8 -6 -8 -4
7 59 49 73 9 60 47 82 39 84 52 5 16 32 96 33 36 30 27 15 62 -17 -1 -1 -16 -5 -8 -7 -15 -10 -2 -19 -16 -18 -15 -18 -1 -11 -3 -12 -5 -9 -14 -18 -15 -5 -6 -9 -3 -6 -19 -17 -17 -13 -5 -11 -20 -8 -15 -1 -16 -3 -7 -1 -18 -16 -4 -10 -17 -10 -3 -7 -7 -15 -4 -3 -18 -2 -19 -12 -11 -18 -20 -19 -13 -3 -16 -12 -19 -9 -3 -3 -16 -3 -13 -18 -7 -14 -20 -3 -6 -11 -8 -11 -15 -8 -6 -1 -12 -10 -3
8 9 43 18 96 41 95 90 51 92 52 13 68 75 71 6 17 29 75 35 14 -8 -2 -12 -19 -3 -17 -7 -5 -14 -13 -16 -5 -12 -9 -10 -3 -5 -13 -14 -17 -12 -13 -11 -11 -11 -4 -12 -3 -3 -6 -16 -1 -14 -6 -7 -11 -6 -14 -4 -1 -14 -7 -12 -8 -19 -4 -17 -19 -15 -4 -7 -14 -16 -10 -8 -16 -4 -11 -20 -17 -4 -2 -13 -19 -2 -14 -18 -7 -5 -7 -8 -7 -13 -10 -8 -20 -10 -6 -15 -5 -1 -14 -15 -11 -7 -16 -17 -8 -8 -13
9 35 62 88 93 52 11 52 95 48 44 4 13 30 11 97 63 50 61 46 14 -13 -17 -9 -6 -3 -12 -7 -10 -20 -3 -15 -15 -11 -8 -9 -4 -3 -19 -5 -20 -8 -10 -5 -9 -15 -20 -17 -9 -14 -7 -9 -6 -2 -7 -2 -1 -14 -12 -19 -2 -14 -13 -11 -15 -2 -17 -15 -10 -10 -9 -12 -17 -5 -2 -9 -10 -14 -20 -13 -5 -10 -19 -7 -12 -11 -14 -2 -2 -16 -15 -18 -9 -3 -11 -18 -13 -10 -6 -15 -17 -5 -18 -6 -15 -6 -5 -10 -9 -10 -11
10 9 73 74 77 8 39 63 88 98 36 29 13 58 19 96 65 91 96 6 26 -11 -13 -18 -8 -5 -16 -7 -19 -15 -13 -15 -18 -16 -16 -2 -8 -1 -11 -10 -20 -10 -20 -5 -2 -7 -3 -9 -19 -8 -12 -9 -3 -16 -20 -19 -2 -16 -3 -18 -4 -16 -7 -6 -4 -18 -11 -18 -9 -14 -14 -6 -13 -2 -4 -8 -15 -1 -16 -8 -4 -12 -3 -7 -14 -7 -18 -4 -19 -9 -9 -5 -13 -14 -16 -11 -2 -12 -8 -15 -11 -17 -11 -16 -15 -13 -2 -4 -15 -16 -11
11 21 15 99 14 85 62 57 10 46 18 65 56 53 22 73 76 43 54 18 94 -6 -12 -7 -3 -9 -2 -1 -12 -13 -11 -16 -2 -7 -12 -7 -10 -2 -10 -1 -8 -17 -16 -6 -19 -12 -8 -20 -15 -16 -16 -19 -4 -13 -15 -10 -20 -5 -13 -10 -20 -3 -16 -15 -5 -17 -15 -19 -1 -13 -14 -6 -7 -18 -9 -15 -9 -3 -6 -16 -9 -11 -11 -6 -11 -8 -8 -8 -3 -5 -16 -18 -8 -14 -18 -8 -14 -15 -12 -2 -14 -9 -19 -11 -5 -2 -3 -18 -5 -14 -1
12 85 36 37 89 70 80 90 68 26 49 82 34 64 7 43 85 59 65 23 2 -2 -12 -6 -11 -14 -8 -9 -14 -12 -18 -7 -9 -15 -20 -14 -12 -9 -8 -8 -18 -6 -1 -17 -9 -1 -2 -17 -5 -7 -8 -10 -17 -14 -4 -7 -6 -18 -3 -8 -19 -12 -2 -18 -15 -17 -5 -2 -4 -3 -8 -1 -2 -10 -15 -8 -13 -13 -6 -14 -13 -16 -16 -19 -1 -7 -1 -15 -13 -20 -20 -4 -12 -1 -19 -12 -1 -9 -18 -15 -12 -9 -4 -19 -9 -18 -15 -17 -12 -1 -18
13 38 92 54 99 3 34 56 49 23 57 78 18 19 60 53 74 28 13 80 91 -6 -1 -19 -14 -5 -11 -1 -10 -2 -5 -2 -16 -9 -16 -6 -6 -17 -6 -6 -1 -9 -1 -19 -10 -11 -7 -20 -20 -9 -1 -3 -10 -18 -12 -10 -18 -3 -3 -13 -15 -20 -19 -4 -1 -19 -1 -10 -3 -16 -12 -16 -13 -18 -20 -19 -11 -1 -16 -20 -5 -13 -4 -2 -8 -7 -9 -7 -12 -12 -1 -4 -4 -18 -10 -5 -16 -14 -12 -2 -9 -11 -7 -5 -20 -16 -13 -12 -5 -17 -19
14 55 73 22 41 51 65 46 30 85 78 72 67 76 82 88 60 44 29 95 78 -4 -12 -20 -19 -14 -2 -5 -7 -16 -10 -19 -3 -12 -15 -4 -7 -20 -13 -6 -11 -14 -3 -9 -16 -17 -6 -14 -2 -18 -16 -6 -20 -9 -20 -9 -2 -13 -7 -2 -15 -1 -9 -16 -14 -2 -16 -13 -17 -14 -2 -1 -1 -4 -16 -15 -8 -12 -10 -7 -13 -11 -16 -19 -15 -11 -7 -19 -3 -12 -17 -17 -7 -11 -9 -5 -15 -13 -15 -19 -8 -6 -16 -5 -10 -19 -8 -11 -7 -14 -15
15 2 92 20 8 9 59 12 98 19 64 65 96 80 66 53 95 50 76 42 45 -20 -9 -12 -20 -18 -20 -5 -7 -2 -15 -1 -7 -9 -16 -2 -1 -20 -9 -5 -8 -7 -20 -16 -7 -13 -13 -9 -17 -10 -12 -16 -6 -7 -7 -11 -8 -12 -3 -17 -9 -7 -2 -1 -7 -9 -7 -11 -19 -14 -8 -4 -10 -8 -3 -3 -10 -19 -14 -1 -4 -8 -12 -9 -2 -6 -3 -3 -6 -20 -16 -16 -4 -9 -8 -10 -5 -15 -18 -16 -9 -6 -1 -20 -20 -19 -15 -6 -13 -19 -11
16 70 56 19 15 90 25 4 92 82 27 66 31 66 27 52 77 26 96 48 66 -13 -5 -8 -12 -4 -20 -7 -9 -15 -8 -20 -13 -5 -4 -10 -10 -1 -8 -8 -4 -17 -17 -14 -16 -7 -8 -13 -1 -16 -11 -6 -4 -20 -11 -7 -13 -18 -4 -16 -20 -7 -12 -3 -9 -19 -19 -15 -4 -10 -12 -13 -20 -6 -11 -17 -5 -15 -15 -2 -11 -11 -8 -11 -12 -15 -5 -12 -15 -8 -1 -4 -17 -16 -10 -6 -5 -5 -17 -12 -3 -11 -12 -8 -4 -14 -19 -7 -1 -17 -17
17 94 2 31 61 6 85 73 33 55 81 63 11 6 48 71 40 81 4 39 96 -20 -7 -5 -8 -16 -18 -3 -8 -19 -15 -9 -14 -4 -10 -12 -18 -17 -20 -14 -1 -18 -18 -6 -12 -16 -20 -14 -9 -1 -15 -13 -19 -4 -14 -1 -5 -11 -13 -9 -19 -5 -16 -4 -1 -5 -6 -19 -13 -2 -18 -19 -17 -19 -13 -18 -11 -6 -14 -9 -11 -14 -14 -11 -1 -3 -4 -8 -14 -4 -17 -8 -6 -20 -9 -6 -17 -15 -6 -1 -11 -7 -11 -6 -5 -18 -11 -1 -2 -5 -5
18 34 52 90 67 47 46 49 56 16 80 82 93 92 95 66 75 17 70 4 30 -15 -17 -20 -15 -11 -4 -1 -2 -16 -15 -16 -10 -12 -16 -3 -15 -3 -7 -13 -8 -14 -14 -9 -17 -15 -16 -14 -10 -1 -16 -19 -6 -20 -10 -12 -1 -14 -5 -20 -15 -4 -5 -18 -11 -7 -3 -15 -10 -19 -3 -9 -1 -8 -4 -16 -2 -4 -5 -9 -20 -11 -19 -9 -4 -7 -17 -4 -9 -4 -14 -1 -6 -12 -10 -9 -16 -13 -11 -20 -10 -4 -9 -9 -18 -20 -12 -12 -4 -12 -6
19 6 71 15 52 56 88 44 68 76 90 2 47 5 15 60 26 22 78 7 57 -1 -17 -9 -17 -2 -6 -7 -8 -4 -14 -16 -5 -17 -14 -19 -20 -9 -13 -13 -2 -10 -10 -10 -8 -12 -15 -7 -11 -16 -19 -7 -19 -20 -15 -15 -1 -17 -9 -17 -1 -14 -12 -20 -8 -3 -15 -6 -1 -20 -20 -4 -14 -12 -12 -16 -3 -3 -1 -4 -3 -13 -20 -3 -4 -3 -10 -16 -3 -16 -18 -14 -4 -17 -3 -5 -9 -11 -13 -3 -7 -20 -18 -1 -5 -10 -9 -7 -10 -20 -4
20 89 75 62 14 87 50 84 7 19 90 89 91 35 42 99 47 80 9 9 67 -16 -7 -3 -10 -14 -11 -16 -7 -1 -13 -12 -6 -17 -14 -16 -10 -19 -10 -15 -2 -16 -20 -11 -19 -19 -15 -18 -2 -5 -12 -8 -2 -9 -11 -13 -1 -15 -17 -1 -1 -8 -11 -18 -6 -19 -8 -14 -4 -7 -2 -6 -10 -7 -12 -19 -19 -8 -18 -10 -3 -1 -18 -13 -7 -19 -5 -14 -15 -19 -12 -4 -12 -7 -12 -8 -5 -2 -15 -11 -20 -14 -19 -7 -4 -13 -6 -1 -19 -8 -12
21 73 31 28 45 59 9 87 89 74 3 7 16 96 12 18 3 84 50 48 90 -3 -3 -17 -7 -14 -13 -17 -1 -6 -13 -20 -9 -3 -16 -20 -9 -20 -6 -8 -9 -9 -14 -13 -15 -15 -4 -5 -9 -3 -20 -14 -14 -8 -16 -11 -19 -14 -12 -19 -13 -20 -13 -9 -7 -11 -16 -5 -5 -7 -15 -1 -5 -5 -17 -10 -1 -3 -9 -19 -11 -18 -3 -8 -16 -14 -7 -6 -20 -12 -19 -13 -20 -9 -18 -6 -2 -12 -5 -15 -20 -20 -11 -8 -13 -15 -11 -9 -3 -11 -5
22 28 68 87 12 10 73 45 14 63 28 13 1 65 55 68 58 94 31 50 73 -14 -11 -1 -11 -7 -9 -13 -18 -4 -1 -8 -4 -15 -10 -10 -5 -10 -2 -8 -20 -20 -3 -15 -17 -16 -11 -7 -18 -12 -17 -17 -4 -10 -19 -7 -3 -16 -14 -3 -1 -7 -12 -16 -4 -15 -15 -12 -17 -18 -8 -1 -3 -4 -3 -1 -18 -11 -15 -2 -7 -2 -12 -20 -3 -1 -4 -14 -13 -3 -19 -1 -11 -1 -20 -17 -17 -16 -5 -6 -14 -20 -11 -19 -9 -14 -11 -3 -2 -3 -12
23 52 96 73 72 60 1 36 52 55 42 62 64 53 24 63 97 70 21 28 21 -6 -14 -9 -20 -7 -8 -1 -13 -2 -10 -16 -7 -7 -1 -6 -15 -10 -10 -13 -20 -18 -9 -6 -8 -11 -19 -3 -11 -15 -18 -16 -6 -15 -12 -18 -2 -7 -18 -18 -17 -11 -11 -6 -20 -18 -8 -4 -4 -9 -16 -7 -18 -16 -17 -6 -17 -11 -11 -11 -2 -8 -14 -11 -10 -11 -12 -17 -6 -2 -15 -11 -19 -5 -19 -5 -17 -20 -20 -17 -16 -11 -10 -20 -19 -6 -20 -10 -9 -3 -15
24 29 23 94 69 48 3 22 32 62 30 65 15 70 41 20 43 71 17 58 57 -6 -10 -11 -14 -6 -18 -1 -8 -10 -8 -16 -9 -10 -1 -13 -4 -10 -10 -3 -5 -7 -12 -10 -8 -1 -16 -11 -13 -17 -17 -2 -18 -14 -20 -20 -10 -3 -2 -19 -3 -18 -11 -7 -14 -10 -15 -5 -10 -11 -9 -8 -5 -8 -5 -5 -15 -10 -1 -7 -7 -19 -10 -4 -6 -15 -15 -14 -10 -12 -4 -6 -14 -1 -4 -16 -3 -19 -13 -4 -17 -3 -19 -5 -3 -19 -19 -1 -8 -8 -4
25 66 98 19 3 16 74 11 27 57 48 65 12 56 96 3 63 20 40 82 44 -8 -6 -9 -8 -15 -14 -13 -3 -8 -18 -8 -14 -9 -6 -10 -12 -17 -20 -20 -13 -14 -14 -6 -13 -14 -7 -13 -5 -18 -14 -5 -8 -11 -19 -13 -2 -13 -7 -1 -8 -18 -6 -6 -5 -14 -6 -14 -9 -7 -1 -2 -14 -9 -19 -13 -1 -16 -4 -6 -5 -16 -3 -19 -20 -11 -20 -16 -4 -8 -14 -6 -12 -11 -20 -7 -11 -10 -3 -9 -18 -12 -8 -8 -10 -16 -18 -1 -19 -13 -20
26 18 99 76 27 76 75 2 84 13 42 27 84 13 4 28 14 42 92 16 27 -17 -12 -13 -8 -10 -3 -17 -15 -3 -14 -12 -9 -5 -11 -2 -18 -6 -3 -10 -16 -1 -20 -4 -15 -7 -13 -20 -5 -5 -15 -18 -16 -2 -6 -2 -5 -5 -3 -18 -5 -10 -13 -5 -10 -15 -13 -10 -19 -20 -11 -20 -4 -10 -17 -18 -9 -20 -12 -1 -11 -20 -5 -9 -7 -6 -3 -6 -12 -7 -14 -3 -1 -16 -14 -15 -4 -12 -3 -15 -4 -17 -19 -20 -1 -11 -4 -11 -2 -15 -18
27 9 35 69 32 26 90 47 46 31 54 10 20 93 59 73 58 65 63 29 50 -16 -8 -19 -9 -16 -10 -19 -9 -17 -1 -7 -11 -1 -16 -13 -13 -15 -3 -13 -12 -19 -7 -4 -13 -13 -20 -17 -14 -17 -4 -1 -5 -12 -12 -2 -18 -10 -8 -16 -5 -11 -17 -18 -6 -5 -2 -3 -10 -5 -6 -1 -5 -8 -8 -8 -17 -4 -3 -2 -16 -15 -10 -11 -19 -3 -19 -17 -4 -19 -11 -13 -6 -11 -9 -1 -10 -17 -15 -11 -5 -6 -13 -3 -16 -11 -9 -15 -2 -16 -2
28 35 32 89 32 43 80 54 66 68 68 66 19 68 63 19 26 63 81 50 16 -14 -18 -20 -9 -7 -1 -14 -10 -6 -20 -18 -14 -4 -5 -6 -17 -4 -5 -9 -4 -11 -1 -17 -6 -20 -20 -7 -4 -11 -7 -16 -20 -12 -10 -1 -2 -15 -11 -10 -2 -8 -18 -10 -19 -4 -15 -14 -1 -16 -9 -13 -4 -15 -19 -16 -15 -11 -10 -15 -18 -2 -18 -9 -20 -12 -18 -2 -1 -16 -12 -17 -2 -19 -14 -19 -11 -9 -19 -15 -9 -9 -20 -18 -19 -18 -13 -14 -2 -9 -12
29 45 3 99 23 66 92 75 76 96 67 54 87 5 36 83 99 12 94 95 95 -3 -1 -7 -1 -10 -6 -15 -9 -7 -15 -20 -12 -19 -17 -19 -7 -8 -3 -4 -18 -20 -3 -1 -2 -20 -10 -14 -6 -14 -5 -14 -4 -16 -11 -14 -15 -6 -17 -16 -7 -8 -16 -14 -9 -19 -9 -4 -7 -17 -7 -11 -19 -11 -7 -12 -16 -3 -17 -7 -2 -8 -9 -4 -5 -13 -6 -3 -18 -6 -17 -15 -15 -20 -17 -20 -13 -17 -19 -20 -14 -15 -15 -13 -18 -2 -19 -8 -1 -8 -2
30 99 77 5 43 23 18 60 17 18 7 74 46 17 27 84 35 18 18 82 85 -9 -6 -7 -10 -9 -13 -5 -9 -13 -7 -7 -10 -3 -13 -5 -15 -7 -17 -2 -3 -18 -20 -16 -18 -11 -14 -6 -20 -14 -1 -11 -9 -15 -14 -5 -15 -7 -15 -5 -18 -12 -10 -5 -2 -5 -15 -8 -2 -10 -5 -18 -5 -2 -17 -5 -20 -6 -1 -7 -3 -11 -10 -9 -13 -13 -10 -19 -12 -6 -15 -17 -12 -11 -12 -10 -10 -5 -19 -4 -11 -13 -9 -18 -11 -17 -6 -9 -6 -10 -7
31 7 28 51 16 90 75 98 16 75 78 41 57 13 46 31 84 34 66 81 45 -1 -15 -5 -20 -16 -13 -1 -8 -14 -6 -2 -3 -8 -16 -18 -9 -8 -1 -1 -13 -2 -17 -14 -7 -18 -14 -5 -19 -9 -8 -6 -17 -9 -17 -11 -11 -6 -19 -20 -19 -19 -9 -3 -5 -10 -11 -19 -15 -1 -14 -12 -19 -9 -18 -4 -5 -17 -2 -16 -17 -1 -7 -7 -3 -14 -9 -11 -6 -6 -20 -7 -9 -11 -14 -11 -13 -16 -8 -8 -17 -3 -16 -5 -2 -14 -3 -14 -17 -19 -12
32 62 53 39 44 91 54 72 10 95 91 86 80 17 55 62 92 69 29 68 53 -20 -7 -14 -1 -13 -4 -11 -9 -11 -9 -1 -15 -4 -16 -12 -8 -1 -20 -12 -16 -19 -11 -12 -8 -1 -8 -16 -20 -13 -14 -8 -18 -8 -10 -2 -19 -10 -17 -7 -11 -16 -20 -13 -19 -6 -10 -9 -7 -16 -13 -10 -12 -9 -9 -19 -17 -9 -5 -2 -15 -1 -1 -6 -7 -7 -17 -20 -19 -5 -18 -16 -16 -15 -6 -12 -15 -3 -13 -16 -3 -16 -5 -5 -3 -7 -8 -13 -1 -5 -9
33 79 49 61 49 97 83 82 95 52 51 71 54 86 20 79 92 70 33 60 82 -19 -19 -17 -8 -6 -7 -3 -20 -20 -4 -15 -6 -19 -7 -7 -17 -7 -1 -17 -15 -4 -15 -20 -19 -11 -19 -9 -3 -12 -15 -17 -10 -13 -6 -15 -16 -14 -9 -19 -3 -6 -18 -17 -10 -2 -2 -11 -4 -10 -5 -14 -19 -3 -14 -9 -14 -4 -8 -1 -15 -20 -20 -11 -18 -9 -9 -12 -14 -4 -10 -13 -5 -18 -18 -16 -19 -9 -19 -7 -9 -11 -20 -8 -20 -8 -11 -13 -11 -18 -5
34 80 20 73 65 79 54 38 85 100 72 12 74 21 76 41 70 45 95 42 80 -7 -13 -4 -1 -3 -12 -17 -18 -12 -16 -6 -12 -1 -12 -16 -19 -11 -18 -11 -12 -9 -15 -17 -9 -8 -16 -12 -7 -12 -12 -11 -3 -5 -4 -1 -13 -20 -14 -13 -4 -5 -6 -12 -17 -11 -9 -3 -12 -1 -5 -18 -20 -8 -1 -7 -8 -2 -7 -10 -15 -3 -19 -18 -15 -13 -8 -18 -20 -4 -14 -15 -17 -10 -5 -20 -18 -9 -4 -11 -2 -10 -19 -12 -12 -7 -8 -8 -8 -4 -11
35 34 43 10 30 54 59 65 64 71 32 98 52 65 9 52 91 87 29 9 65 -2 -13 -7 -6 -3 -3 -13 -12 -2 -13 -5 -20 -9 -10 -14 -5 -9 -19 -5 -14 -20 -13 -6 -1 -12 -14 -2 -12 -9 -20 -10 -3 -11 -20 -11 -1 -15 -2 -15 -5 -6 -5 -6 -1 -9 -6 -17 -13 -18 -20 -14 -8 -3 -4 -20 -5 -20 -20 -6 -9 -10 -11 -8 -5 -13 -13 -1 -2 -14 -17 -6 -15 -5 -7 -4 -8 -19 -18 -16 -11 -8 -14 -3 -10 -7 -15 -19 -7 -19 -20
36 15 24 55 46 57 100 4 18 97 58 58 85 93 79 60 95 1 77 17 35 -7 -11 -18 -6 -16 -17 -8 -16 -4 -19 -19 -12 -13 -6 -15 -10 -16 -2 -2 -17 -11 -1 -8 -6 -10 -6 -5 -12 -8 -10 -19 -1 -11 -17 -6 -12 -9 -9 -3 -13 -6 -15 -18 -16 -19 -15 -12 -1 -5 -16 -20 -6 -19 -13 -9 -15 -6 -4 -5 -12 -13 -19 -17 -13 -18 -20 -18 -4 -12 -9 -18 -3 -16 -16 -17 -8 -20 -18 -5 -18 -9 -7 -20 -20 -16 -16 -1 -17 -1 -2
37 30 70 93 57 70 26 35 24 18 42 61 33 15 11 53 40 3 47 55 23 -3 -12 -18 -18 -4 -15 -1 -4 -20 -17 -12 -6 -16 -5 -18 -12 -20 -19 -15 -6 -8 -2 -20 -17 -8 -11 -14 -8 -7 -17 -4 -18 -11 -12 -19 -6 -7 -9 -14 -14 -9 -5 -16 -2 -2 -19 -5 -10 -20 -14 -16 -12 -7 -17 -8 -17 -15 -7 -7 -10 -18 -11 -9 -5 -20 -14 -14 -19 -12 -17 -11 -2 -2 -11 -7 -20 -2 -13 -9 -13 -12 -12 -8 -4 -20 -12 -9 -11 -10 -3
38 61 12 54 17 7 60 92 13 85 58 61 44 59 25 52 65 70 31 2 75 -2 -6 -3 -8 -1 -19 -17 -9 -7 -1 -18 -13 -8 -4 -5 -7 -6 -16 -3 -11 -9 -20 -15 -5 -6 -10 -13 -19 -13 -11 -6 -18 -2 -9 -5 -1 -3 -18 -2 -5 -14 -12 -15 -6 -4 -5 -10 -12 -17 -18 -2 -7 -9 -17 -3 -17 -3 -9 -17 -19 -20 -17 -20 -7 -2 -4 -13 -13 -8 -16 -16 -13 -17 -2 -7 -14 -14 -4 -4 -7 -5 -2 -3 -13 -17 -6 -14 -8 -20 -11
39 66 29 100 1 80 26 23 21 70 55 92 47 11 26 56 23 6 78 94 84 -11 -5 -7 -14 -7 -18 -10 -17 -10 -16 -18 -13 -8 -18 -10 -8 -13 -7 -3 -20 -3 -11 -2 -2 -15 -20 -13 -20 -13 -4 -3 -18 -17 -15 -20 -15 -14 -15 -5 -16 -18 -1 -8 -5 -17 -16 -19 -15 -1 -2 -5 -18 -16 -17 -13 -2 -3 -18 -4 -2 -11 -18 -16 -3 -9 -12 -14 -12 -19 -15 -20 -17 -20 -14 -17 -10 -6 -19 -11 -12 -4 -9 -4 -18 -11 -7 -6 -8 -18 -14
40 58 51 25 73 87 1 61 71 53 14 72 13 48 95 53 100 78 53 20 46 -5 -19 -4 -2 -18 -2 -5 -8 -9 -6 -10 -15 -13 -8 -20 -15 -3 -10 -11 -12 -9 -18 -16 -8 -18 -12 -8 -12 -9 -14 -12 -18 -20 -9 -14 -9 -2 -4 -9 -5 -10 -15 -8 -19 -5 -14 -10 -5 -11 -2 -5 -11 -5 -14 -7 -20 -9 -15 -14 -2 -2 -17 -14 -4 -3 -5 -12 -18 -17 -5 -4 -2 -14 -10 -1 -9 -20 -13 -8 -4 -19 -9 -4 -13 -10 -2 -16 -18 -13 -12
41 21 83 3 18 71 81 82 16 95 56 8 7 52 74 17 26 21 79 70 76 -12 -19 -8 -8 -7 -6 -9 -9 -19 -6 -11 -7 -20 -5 -8 -10 -12 -20 -17 -17 -2 -20 -3 -14 -16 -19 -8 -6 -20 -18 -7 -7 -15 -20 -5 -11 -20 -10 -4 -9 -17 -12 -17 -9 -15 -5 -5 -9 -11 -10 -1 -12 -9 -11 -15 -12 -9 -10 -5 -11 -4 -1 -8 -20 -15 -3 -7 -1 -14 -13 -5 -16 -5 -1 -18 -11 -4 -17 -12 -8 -17 -18 -14 -10 -6 -4 -16 -7 -12 -2
42 22 3 21 98 99 52 32 98 78 78 77 69 14 10 61 37 15 58 76 9 -4 -5 -15 -2 -3 -3 -11 -4 -2 -10 -13 -20 -9 -16 -5 -19 -16 -20 -15 -5 -9 -15 -2 -10 -7 -16 -1 -16 -13 -12 -19 -7 -14 -4 -12 -8 -14 -17 -12 -7 -7 -11 -16 -19 -3 -19 -4 -1 -11 -1 -7 -6 -6 -8 -14 -10 -4 -14 -8 -9 -7 -10 -12 -5 -4 -10 -4 -5 -12 -11 -5 -13 -16 -15 -9 -18 -15 -9 -8 -10 -18 -16 -18 -18 -12 -8 -9 -1 -8 -10
43 18 13 44 40 42 46 32 32 19 57 28 40 83 35 31 26 73 96 91 77 -14 -19 -20 -9 -19 -2 -9 -15 -17 -7 -14 -9 -17 -10 -4 -5 -10 -17 -13 -20 -9 -14 -9 -9 -17 -9 -20 -11 -1 -7 -14 -10 -19 -14 -12 -7 -5 -16 -18 -3 -17 -15 -16 -14 -11 -9 -9 -3 -6 -6 -14 -19 -14 -17 -19 -14 -15 -3 -7 -16 -14 -10 -13 -2 -2 -4 -8 -8 -8 -6 -20 -6 -20 -15 -13 -13 -5 -2 -18 -11 -5 -16 -13 -11 -8 -16 -1 -1 -9 -14
44 75 80 94 29 27 23 9 75 97 42 91 7 65 51 50 84 64 46 87 15 -14 -6 -10 -1 -17 -13 -15 -20 -15 -8 -16 -7 -18 -16 -1 -17 -10 -4 -5 -11 -14 -3 -1 -7 -15 -5 -13 -7 -13 -7 -17 -19 -3 -15 -16 -8 -20 -12 -14 -8 -9 -13 -5 -4 -11 -1 -17 -9 -15 -1 -10 -17 -14 -15 -17 -3 -6 -2 -11 -18 -3 -10 -15 -11 -7 -15 -11 -16 -1 -8 -13 -19 -14 -17 -3 -5 -20 -6 -15 -18 -13 -15 -12 -9 -6 -20 -6 -19 -9 -16
45 31 10 98 57 98 96 6 26 8 81 3 60 60 19 64 10 41 54 59 83 -11 -10 -9 -11 -1 -17 -3 -19 -9 -19 -1 -10 -11 -17 -11 -11 -7 -7 -14 -5 -6 -9 -18 -13 -15 -8 -16 -14 -18 -12 -15 -14 -11 -14 -3 -15 -10 -17 -18 -13 -10 -1 -14 -5 -20 -14 -11 -5 -20 -4 -9 -14 -16 -18 -20 -3 -16 -6 -13 -7 -3 -12 -18 -9 -14 -12 -7 -3 -12 -6 -4 -15 -1 -13 -12 -15 -10 -1 -12 -9 -4 -14 -17 -2 -6 -17 -4 -12 -13 -18
46 43 7 93 10 33 84 46 50 58 70 52 11 74 86 8 76 86 34 23 55 -14 -3 -10 -4 -15 -18 -9 -1 -9 -18 -12 -4 -20 -6 -16 -7 -8 -3 -18 -9 -4 -16 -13 -7 -12 -20 -1 -8 -13 -2 -6 -7 -5 -5 -8 -6 -8 -13 -12 -16 -11 -18 -13 -5 -20 -19 -10 -1 -3 -11 -19 -5 -3 -18 -9 -14 -5 -5 -14 -2 -17 -18 -18 -18 -18 -16 -17 -15 -1 -3 -3 -8 -3 -13 -8 -14 -1 -20 -16 -16 -6 -17 -15 -9 -12 -5 -12 -20 -9 -8
47 28 45 42 90 75 70 18 7 49 58 68 77 48 86 89 30 52 14 95 20 -7 -10 -18 -3 -16 -6 -14 -1 -1 -10 -5 -5 -13 -16 -8 -17 -20 -12 -8 -11 -8 -6 -15 -9 -12 -20 -13 -2 -2 -11 -4 -1 -6 -7 -18 -6 -20 -4 -12 -13 -4 -18 -17 -5 -11 -13 -2 -14 -11 -2 -3 -16 -19 -9 -18 -7 -3 -18 -9 -7 -14 -7 -11 -12 -14 -6 -5 -7 -19 -15 -14 -18 -15 -4 -7 -3 -14 -10 -8 -11 -16 -6 -16 -2 -2 -1 -5 -3 -5 -10
48 56 68 24 2 18 84 37 82 64 60 36 74 49 23 39 90 75 47 11 45 -15 -18 -7 -16 -3 -10 -17 -16 -6 -16 -12 -12 -13 -6 -18 -11 -18 -8 -19 -3 -20 -19 -1 -17 -20 -12 -15 -2 -18 -9 -9 -19 -8 -16 -12 -5 -17 -6 -2 -3 -9 -10 -9 -8 -4 -3 -17 -17 -20 -6 -17 -3 -13 -14 -11 -16 -6 -8 -11 -2 -15 -6 -15 -1 -2 -10 -9 -8 -15 -18 -16 -1 -1 -18 -10 -20 -13 -10 -14 -3 -3 -14 -2 -5 -19 -16 -9 -12 -2 -11
49 100 30 83 19 77 62 32 45 39 61 29 96 48 53 92 100 8 58 46 6 -11 -4 -11 -5 -19 -16 -19 -10 -19 -2 -12 -19 -3 -15 -17 -2 -13 -3 -5 -5 -18 -3 -1 -12 -14 -9 -3 -1 -8 -12 -16 -9 -10 -5 -16 -8 -16 -10 -7 -11 -15 -10 -13 -8 -17 -13 -7 -20 -8 -2 -3 -11 -12 -8 -2 -11 -9 -12 -19 -1 -3 -4 -6 -2 -3 -14 -7 -3 -12 -9 -9 -8 -1 -11 -20 -7 -9 -15 -9 -10 -2 -11 -4 -17 -20 -13 -8 -18 -12 -11
50 12 8 80 2 94 61 70 50 8 47 91 84 51 3 27 20 65 41 17 97 -18 -7 -17 -7 -11 -11 -7 -13 -20 -8 -17 -3 -14 -6 -10 -16 -8 -17 -14 -1 -4 -19 -16 -5 -11 -18 -8 -2 -10 -13 -12 -4 -9 -8 -19 -14 -6 -4 -3 -12 -4 -13 -5 -12 -7 -4 -18 -17 -20 -20 -11 -13 -15 -13 -13 -8 -15 -17 -13 -9 -2 -18 -16 -19 -20 -8 -13 -14 -12 -18 -8 -19 -17 -13 -11 -10 -14 -15 -15 -11 -12 -5 -18 -1 -2 -18 -4 -3 -15 -6
51 14 50 71 92 34 83 79 52 22 21 91 28 59 12 52 76 10 55 50 92 -12 -16 -19 -16 -2 -8 -2 -16 -8 -8 -7 -2 -10 -11 -12 -13 -14 -8 -18 -8 -7 -16 -2 -3 -15 -7 -16 -12 -8 -1 -18 -9 -13 -10 -17 -2 -2 -13 -18 -12 -6 -10 -14 -1 -13 -14 -11 -1 -11 -15 -19 -19 -20 -1 -2 -17 -16 -8 -18 -1 -5 -13 -1 -7 -6 -9 -4 -13 -5 -12 -18 -9 -16 -9 -16 -3 -3 -6 -12 -14 -12 -8 -2 -9 -10 -15 -18 -17 -9 -11
52 6 11 11 3 11 72 28 56 16 93 10 18 40 48 10 36 43 29 53 7 -5 -20 -7 -8 -1 -18 -17 -17 -10 -12 -12 -15 -14 -5 -9 -9 -19 -11 -3 -5 -20 -8 -10 -20 -6 -16 -11 -3 -8 -17 -11 -17 -13 -5 -17 -18 -2 -9 -5 -20 -7 -3 -13 -7 -19 -13 -13 -20 -2 -4 -10 -6 -4 -10 -20 -4 -17 -11 -6 -10 -9 -14 -14 -1 -17 -15 -13 -1 -13 -11 -13 -8 -5 -7 -4 -7 -14 -8 -14 -19 -14 -1 -6 -10 -3 -4 -5 -4 -18 -4
53 18 37 11 29 40 15 69 82 61 40 40 25 68 57 78 65 39 68 68 86 -7 -16 -4 -16 -18 -14 -19 -19 -14 -17 -19 -4 -12 -11 -10 -15 -9 -18 -17 -2 -3 -9 -4 -18 -15 -14 -18 -6 -11 -3 -12 -9 -9 -1 -7 -1 -16 -14 -16 -8 -18 -12 -7 -15 -9 -8 -4 -20 -7 -15 -17 -2 -16 -8 -9 -19 -13 -10 -19 -7 -3 -8 -3 -16 -17 -10 -8 -15 -9 -14 -5 -15 -4 -11 -18 -3 -1 -9 -17 -4 -3 -15 -13 -12 -18 -6 -18 -15 -9 -15
54 94 40 53 66 12 28 92 70 21 15 24 84 65 40 37 59 75 78 70 54 -14 -13 -20 -2 -3 -3 -11 -12 -3 -4 -17 -14 -1 -9 -8 -13 -6 -15 -3 -1 -8 -8 -11 -11 -7 -16 -17 -17 -19 -7 -4 -7 -16 -15 -15 -16 -14 -7 -16 -6 -2 -12 -6 -6 -17 -12 -18 -20 -9 -17 -4 -14 -18 -10 -2 -19 -3 -10 -15 -1 -12 -16 -19 -15 -1 -3 -19 -14 -9 -11 -12 -1 -14 -6 -7 -10 -14 -2 -7 -14 -6 -16 -20 -19 -3 -15 -1 -10 -4 -5
55 43 32 68 46 5 87 58 8 68 19 58 67 57 65 23 52 61 49 11 69 -7 -8 -17 -7 -19 -12 -14 -19 -17 -17 -7 -9 -3 -8 -14 -12 -19 -19 -7 -16 -10 -5 -12 -15 -3 -15 -11 -12 -17 -14 -1 -18 -16 -11 -19 -11 -15 -9 -9 -18 -14 -9 -14 -16 -15 -3 -18 -16 -2 -5 -13 -15 -20 -16 -1 -12 -6 -19 -19 -9 -14 -2 -15 -2 -11 -8 -19 -18 -13 -20 -20 -20 -19 -8 -15 -14 -9 -8 -12 -14 -1 -18 -15 -6 -1 -15 -17 -7 -19 -17
56 69 73 3 14 100 67 30 88 30 50 11 95 100 64 7 6 94 74 34 16 -14 -20 -10 -5 -12 -1 -1 -8 -18 -15 -1 -2 -1 -9 -3 -5 -8 -14 -6 -11 -6 -5 -3 -19 -16 -11 -15 -8 -19 -17 -9 -14 -4 -16 -10 -4 -11 -18 -7 -9 -11 -13 -5 -4 -20 -6 -18 -15 -19 -3 -16 -7 -2 -4 -14 -18 -15 -18 -2 -7 -2 -14 -7 -5 -5 -3 -8 -5 -3 -7 -8 -10 -2 -8 -11 -13 -13 -2 -3 -3 -8 -1 -3 -12 -7 -8 -17 -5 -11 -6
57 99 11 33 49 54 46 24 91 3 5 23 15 66 96 98 91 7 14 76 75 -11 -7 -13 -14 -2 -8 -14 -12 -2 -17 -11 -6 -18 -1 -12 -2 -14 -3 -7 -14 -15 -10 -19 -3 -20 -16 -13 -11 -20 -3 -1 -18 -10 -8 -7 -19 -16 -7 -9 -17 -10 -17 -9 -2 -3 -19 -16 -19 -13 -14 -14 -16 -8 -2 -19 -9 -14 -12 -3 -19 -17 -2 -10 -19 -11 -10 -18 -13 -14 -8 -5 -3 -9 -5 -11 -20 -7 -8 -2 -5 -15 -8 -16 -19 -6 -12 -12 -8 -16 -19
58 49 91 67 56 75 95 38 82 58 28 100 8 21 19 62 77 53 15 72 75 -3 -14 -13 -15 -8 -5 -5 -14 -1 -1 -12 -7 -9 -4 -12 -6 -11 -17 -17 -3 -7 -20 -5 -19 -13 -18 -16 -8 -5 -9 -8 -13 -4 -4 -1 -18 -15 -9 -5 -8 -13 -1 -18 -6 -10 -17 -16 -8 -1 -2 -16 -5 -12 -6 -8 -15 -1 -15 -9 -10 -16 -7 -13 -15 -8 -5 -1 -9 -5 -14 -14 -17 -8 -17 -8 -1 -9 -10 -3 -13 -17 -19 -7 -12 -12 -14 -6 -15 -1 -5
59 73 88 29 47 22 39 12 38 81 39 52 33 81 43 4 100 46 68 97 12 -12 -8 -15 -17 -14 -9 -15 -17 -13 -15 -6 -4 -18 -11 -17 -9 -20 -14 -16 -16 -3 -18 -2 -14 -11 -12 -19 -8 -11 -16 -14 -6 -1 -13 -16 -8 -14 -20 -12 -4 -10 -2 -12 -5 -17 -16 -20 -17 -2 -14 -12 -13 -9 -3 -9 -11 -16 -5 -6 -20 -18 -14 -1 -3 -18 -2 -14 -17 -9 -14 -18 -13 -2 -19 -2 -16 -9 -15 -16 -8 -19 -9 -15 -20 -1 -3 -5 -3 -9 -2
60 27 40 1 2 52 27 63 48 87 87 48 67 62 76 11 7 2 66 50 79 -12 -3 -2 -17 -3 -18 -19 -1 -19 -3 -11 -6 -9 -5 -5 -1 -8 -6 -13 -16 -9 -8 -17 -11 -16 -14 -20 -5 -18 -13 -10 -4 -1 -10 -1 -5 -19 -5 -13 -18 -14 -18 -7 -15 -8 -1 -6 -3 -7 -18 -19 -19 -18 -4 -4 -2 -16 -10 -9 -8 -15 -18 -8 -9 -4 -9 -10 -3 -20 -10 -11 -18 -3 -15 -13 -12 -19 -17 -12 -9 -18 -1 -7 -4 -2 -10 -17 -15 -15 -9
61 84 48 48 57 20 95 20 32 99 27 33 100 8 10 27 62 73 16 41 55 -6 -7 -15 -13 -6 -8 -7 -13 -8 -11 -2 -2 -8 -1 -16 -2 -6 -7 -4 -19 -8 -3 -11 -10 -10 -2 -3 -7 -5 -12 -4 -7 -17 -15 -13 -5 -8 -11 -1 -19 -15 -9 -10 -20 -10 -19 -5 -8 -13 -5 -17 -20 -17 -18 -6 -3 -6 -10 -14 -5 -18 -1 -8 -7 -20 -4 -14 -5 -10 -11 -3 -17 -4 -4 -9 -10 -13 -14 -17 -17 -2 -5 -3 -13 -15 -17 -2 -13 -1 -8
62 94 79 74 38 59 64 70 84 65 56 38 10 75 59 75 35 30 73 65 4 -10 -11 -11 -14 -4 -11 -9 -6 -2 -13 -9 -10 -1 -18 -16 -17 -20 -16 -8 -12 -1 -5 -19 -17 -19 -15 -20 -20 -8 -2 -17 -14 -12 -9 -15 -8 -3 -11 -9 -17 -18 -12 -6 -18 -11 -2 -16 -14 -12 -15 -10 -18 -5 -20 -20 -2 -15 -14 -12 -17 -18 -9 -19 -16 -4 -18 -5 -19 -5 -6 -19 -2 -2 -19 -20 -4 -20 -6 -19 -2 -10 -13 -8 -14 -18 -13 -15 -2 -5 -5
63 99 45 79 66 71 40 91 21 32 15 94 65 68 24 32 87 94 14 65 9 -3 -18 -10 -9 -3 -3 -6 -18 -17 -20 -15 -13 -9 -3 -11 -9 -18 -15 -3 -2 -4 -11 -4 -2 -9 -3 -15 -15 -19 -7 -8 -14 -15 -4 -16 -15 -9 -6 -11 -13 -14 -13 -14 -6 -20 -14 -15 -10 -19 -8 -10 -5 -11 -1 -17 -8 -13 -14 -9 -13 -4 -19 -16 -3 -11 -20 -6 -5 -2 -2 -3 -1 -10 -11 -17 -9 -6 -20 -3 -12 -8 -11 -3 -9 -4 -7 -12 -10 -5 -7
64 33 31 47 63 73 95 99 46 12 41 53 44 53 2 59 80 29 45 3 44 -19 -7 -19 -20 -19 -3 -19 -19 -8 -5 -3 -7 -15 -7 -18 -13 -20 -7 -5 -16 -3 -6 -16 -15 -3 -11 -17 -10 -13 -7 -7 -11 -4 -14 -2 -13 -7 -16 -9 -9 -10 -4 -11 -20 -7 -14 -6 -2 -2 -5 -7 -15 -1 -20 -2 -10 -1 -8 -12 -2 -20 -4 -7 -8 -13 -10 -20 -9 -6 -6 -4 -17 -6 -2 -15 -1 -18 -8 -16 -12 -9 -2 -17 -17 -20 -2 -10 -6 -1 -8
65 90 70 45 84 66 68 70 51 19 12 95 31 27 54 73 18 66 79 75 72 -16 -13 -9 -5 -17 -8 -1 -2 -6 -8 -5 -1 -17 -9 -1 -17 -10 -9 -9 -7 -7 -2 -4 -11 -3 -1 -15 -4 -5 -2 -16 -3 -4 -15 -13 -10 -17 -13 -7 -20 -1 -4 -14 -3 -18 -15 -1 -18 -9 -3 -10 -20 -19 -11 -2 -11 -4 -15 -10 -4 -9 -14 -7 -20 -19 -7 -7 -17 -17 -9 -9 -7 -7 -2 -2 -15 -9 -19 -11 -16 -5 -10 -9 -16 -7 -14 -7 -18 -18 -10
66 21 44 48 83 9 100 72 17 83 80 32 19 45 27 60 2 90 84 33 78 -8 -19 -5 -10 -19 -11 -5 -19 -11 -7 -5 -6 -19 -10 -14 -4 -14 -14 -15 -15 -17 -20 -14 -3 -14 -10 -11 -12 -11 -3 -10 -15 -12 -12 -20 -9 -12 -15 -1 -15 -8 -8 -9 -12 -14 -6 -3 -13 -18 -16 -20 -18 -14 -19 -12 -20 -6 -19 -20 -6 -9 -14 -12 -19 -2 -4 -16 -18 -3 -6 -16 -1 -1 -4 -12 -4 -14 -18 -20 -6 -18 -9 -9 -8 -6 -13 -12 -8 -9 -7
67 46 41 24 82 89 100 82 17 2 71 66 96 79 25 71 26 66 21 41 15 -18 -16 -18 -17 -19 -7 -16 -18 -6 -16 -10 -20 -5 -8 -4 -10 -2 -18 -2 -10 -3 -14 -11 -15 -13 -1 -17 -3 -12 -20 -14 -15 -5 -3 -19 -2 -19 -8 -12 -15 -6 -19 -8 -14 -16 -15 -14 -10 -13 -4 -5 -4 -11 -4 -18 -4 -4 -13 -11 -4 -16 -12 -13 -12 -2 -18 -18 -2 -9 -12 -19 -18 -5 -14 -10 -4 -1 -4 -14 -8 -5 -13 -19 -15 -18 -16 -8 -5 -1 -6
68 38 1 74 88 92 25 22 39 78 60 96 59 71 73 2 30 29 32 60 1 -15 -6 -1 -12 -9 -7 -15 -12 -9 -3 -13 -15 -16 -15 -13 -15 -1 -5 -5 -13 -7 -3 -9 -8 -14 -2 -16 -7 -7 -2 -20 -13 -5 -2 -19 -10 -2 -1 -12 -1 -9 -4 -14 -2 -18 -11 -13 -4 -6 -17 -11 -12 -16 -20 -12 -7 -19 -13 -6 -2 -9 -11 -20 -19 -19 -8 -19 -18 -5 -17 -3 -5 -4 -17 -13 -6 -18 -12 -14 -10 -11 -6 -1 -15 -6 -6 -10 -5 -19 -11
69 49 40 95 40 68 7 98 83 17 38 63 7 30 8 73 17 64 14 19 55 -3 -3 -11 -8 -1 -19 -2 -15 -18 -10 -4 -15 -15 -4 -7 -4 -13 -19 -8 -13 -1 -1 -3 -1 -13 -14 -14 -17 -10 -2 -3 -17 -3 -8 -8 -11 -6 -15 -3 -17 -9 -11 -18 -18 -3 -13 -11 -19 -11 -6 -4 -20 -4 -4 -8 -8 -11 -19 -13 -1 -9 -6 -4 -16 -12 -9 -20 -6 -6 -18 -13 -2 -15 -1 -13 -18 -10 -5 -9 -12 -12 -9 -12 -1 -6 -19 -18 -15 -1 -2
70 14 87 15 64 42 30 89 5 46 38 13 79 79 12 43 17 30 57 69 32 -11 -14 -8 -8 -18 -12 -5 -4 -7 -16 -11 -8 -13 -3 -4 -5 -1 -5 -14 -4 -4 -20 -9 -12 -20 -16 -14 -15 -7 -15 -10 -10 -5 -2 -16 -20 -2 -19 -12 -10 -2 -5 -11 -18 -15 -5 -6 -1 -7 -5 -1 -17 -9 -14 -7 -6 -20 -2 -4 -2 -2 -6 -20 -20 -6 -16 -17 -20 -20 -2 -11 -12 -5 -16 -8 -15 -4 -17 -4 -8 -17 -10 -9 -15 -17 -12 -9 -2 -6 -11
71 14 52 29 74 88 88 47 99 27 9 50 78 17 89 41 1 75 55 13 91 -4 -14 -13 -8 -3 -2 -1 -17 -15 -16 -13 -9 -15 -11 -12 -12 -10 -4 -1 -13 -1 -16 -17 -11 -6 -16 -9 -14 -6 -9 -4 -18 -20 -16 -20 -17 -20 -3 -9 -7 -9 -10 -19 -20 -11 -9 -10 -1 -17 -7 -19 -12 -16 -3 -2 -3 -7 -1 -15 -10 -11 -6 -1 -3 -7 -11 -13 -11 -4 -8 -2 -20 -16 -8 -9 -7 -19 -6 -11 -3 -7 -12 -2 -19 -16 -10 -5 -18 -20 -14
72 31 50 85 81 83 84 44 88 12 12 52 74 98 38 95 28 60 41 59 90 -5 -7 -5 -5 -5 -3 -8 -10 -19 -5 -8 -10 -5 -5 -7 -20 -20 -11 -7 -3 -10 -6 -17 -19 -4 -16 -11 -5 -19 -17 -5 -17 -17 -10 -10 -9 -17 -16 -19 -4 -11 -5 -18 -18 -13 -12 -4 -15 -16 -7 -20 -2 -20 -8 -16 -5 -14 -16 -10 -11 -10 -14 -17 -12 -2 -10 -10 -11 -6 -11 -2 -3 -6 -19 -12 -12 -10 -6 -13 -10 -2 -17 -19 -1 -4 -2 -11 -14 -9 -7
73 72 63 15 58 37 65 84 14 37 24 58 76 68 92 31 74 87 95 63 83 -1 -5 -10 -18 -8 -15 -7 -6 -13 -8 -1 -14 -3 -5 -14 -8 -9 -17 -3 -1 -15 -1 -2 -17 -5 -8 -7 -2 -7 -5 -20 -3 -10 -5 -9 -14 -6 -14 -14 -3 -19 -2 -12 -8 -8 -1 -4 -19 -13 -19 -5 -9 -19 -3 -8 -16 -13 -11 -19 -17 -10 -4 -19 -13 -11 -9 -20 -16 -10 -9 -7 -2 -2 -4 -17 -2 -4 -8 -5 -18 -1 -1 -4 -15 -10 -14 -13 -1 -3 -4
74 42 23 84 71 18 44 78 67 69 49 95 79 98 88 27 38 62 38 67 67 -18 -8 -13 -7 -4 -17 -6 -20 -15 -12 -14 -6 -18 -10 -7 -13 -8 -5 -6 -11 -17 -16 -12 -13 -17 -9 -8 -8 -2 -12 -14 -16 -13 -16 -16 -17 -1 -3 -11 -13 -18 -16 -16 -11 -18 -20 -10 -6 -4 -17 -14 -11 -20 -19 -10 -13 -13 -5 -8 -18 -14 -2 -10 -2 -5 -16 -1 -6 -14 -7 -3 -3 -18 -20 -11 -5 -16 -9 -10 -19 -16 -17 -4 -2 -16 -1 -18 -19 -10 -13
75 40 73 17 37 46 78 68 54 82 17 89 24 97 63 60 91 62 79 45 34 -9 -16 -18 -16 -2 -13 -14 -16 -17 -3 -7 -5 -7 -7 -11 -13 -2 -13 -14 -1 -4 -2 -9 -1 -20 -16 -3 -17 -17 -16 -10 -19 -9 -3 -10 -18 -17 -13 -7 -2 -16 -5 -14 -14 -17 -19 -1 -19 -13 -3 -16 -5 -15 -9 -8 -15 -5 -7 -11 -4 -17 -9 -5 -18 -10 -17 -11 -1 -2 -9 -14 -3 -14 -16 -6 -15 -19 -20 -1 -7 -1 -4 -14 -3 -11 -13 -18 -19 -13 -14
76 63 54 35 32 65 60 90 27 91 38 13 67 52 12 27 7 48 87 26 75 -17 -3 -7 -16 -2 -14 -8 -5 -2 -16 -10 -4 -7 -4 -16 -8 -1 -15 -2 -12 -19 -4 -7 -9 -2 -14 -12 -1 -2 -10 -6 -7 -7 -2 -4 -20 -11 -4 -12 -14 -14 -11 -20 -20 -9 -13 -16 -8 -6 -2 -3 -5 -12 -8 -12 -13 -9 -7 -15 -18 -7 -2 -17 -1 -15 -4 -2 -16 -8 -14 -4 -13 -9 -10 -20 -4 -1 -4 -9 -7 -5 -4 -2 -11 -7 -1 -12 -9 -7 -3
77 26 71 27 65 28 35 27 65 34 61 18 29 58 83 93 71 15 66 63 57 -9 -12 -15 -7 -10 -19 -15 -8 -20 -17 -17 -16 -8 -10 -10 -19 -8 -8 -7 -3 -10 -13 -15 -15 -20 -1 -8 -13 -11 -4 -10 -6 -9 -16 -18 -10 -12 -11 -16 -5 -1 -9 -13 -14 -11 -5 -10 -8 -14 -16 -9 -14 -18 -18 -6 -1 -18 -8 -4 -14 -5 -4 -14 -14 -3 -20 -19 -3 -6 -2 -19 -17 -5 -9 -17 -17 -5 -14 -6 -11 -10 -6 -11 -11 -14 -17 -5 -10 -11 -14
78 48 79 98 67 34 40 38 59 66 92 54 50 91 17 29 81 4 82 92 36 -18 -8 -19 -15 -18 -18 -19 -16 -18 -11 -5 -3 -20 -16 -16 -9 -15 -13 -12 -7 -12 -20 -1 -13 -8 -10 -13 -5 -18 -4 -19 -11 -18 -16 -6 -6 -11 -18 -3 -9 -6 -1 -9 -17 -11 -13 -15 -16 -13 -12 -2 -19 -3 -16 -16 -18 -6 -19 -7 -2 -9 -18 -16 -12 -2 -7 -16 -4 -16 -17 -16 -8 -20 -8 -13 -20 -4 -7 -18 -19 -18 -15 -3 -17 -15 -15 -3 -17 -13 -14
79 28 75 91 27 44 84 16 5 82 85 52 75 12 15 73 27 90 40 92 38 -6 -15 -6 -8 -15 -7 -8 -3 -18 -1 -3 -1 -8 -17 -20 -4 -1 -17 -4 -1 -10 -8 -17 -16 -8 -11 -3 -13 -17 -2 -4 -10 -18 -6 -15 -18 -15 -10 -5 -3 -19 -6 -19 -16 -4 -13 -8 -6 -5 -20 -17 -9 -4 -3 -9 -6 -16 -12 -12 -11 -18 -18 -12 -17 -2 -17 -2 -20 -18 -12 -2 -2 -15 -19 -12 -4 -7 -16 -17 -8 -8 -11 -13 -20 -20 -9 -2 -8 -3 -8
80 31 71 40 30 1 32 71 50 43 14 83 51 72 25 13 67 43 88 40 33 -20 -17 -19 -2 -6 -14 -19 -13 -19 -1 -5 -8 -8 -5 -9 -12 -13 -19 -15 -4 -3 -17 -11 -14 -14 -13 -18 -16 -7 -16 -3 -11 -1 -2 -7 -14 -11 -16 -12 -8 -18 -9 -8 -20 -18 -4 -17 -20 -7 -2 -17 -9 -5 -2 -10 -5 -14 -17 -1 -14 -11 -16 -8 -10 -16 -7 -12 -2 -16 -2 -6 -15 -17 -11 -19 -8 -3 -15 -16 -10 -1 -3 -17 -9 -5 -1 -6 -1 -1 -15
81 68 25 35 15 78 42 98 85 16 57 52 75 35 40 89 2 25 89 28 71 -7 -15 -16 -4 -13 -10 -9 -7 -8 -16 -9 -12 -4 -5 -13 -9 -3 -4 -19 -1 -20 -16 -17 -17 -18 -18 -11 -9 -14 -5 -2 -9 -12 -17 -18 -4 -4 -1 -5 -10 -17 -6 -11 -1 -18 -20 -12 -7 -1 -10 -20 -10 -19 -9 -16 -19 -17 -9 -4 -10 -8 -17 -15 -12 -5 -18 -18 -1 -20 -7 -5 -19 -18 -8 -1 -3 -8 -3 -5 -4 -16 -2 -10 -12 -20 -11 -10 -1 -14 -19
82 21 44 30 76 100 73 12 72 32 25 8 48 72 35 12 59 83 80 35 45 -4 -6 -16 -3 -15 -6 -5 -13 -14 -1 -8 -2 -5 -19 -15 -4 -7 -11 -5 -5 -16 -17 -11 -3 -7 -16 -15 -7 -18 -18 -10 -13 -18 -7 -2 -15 -15 -12 -12 -8 -14 -5 -16 -10 -2 -5 -16 -8 -2 -11 -13 -1 -7 -11 -2 -7 -16 -1 -8 -17 -1 -5 -20 -15 -4 -11 -15 -9 -11 -11 -3 -17 -8 -11 -16 -11 -2 -10 -20 -20 -1 -9 -1 -10 -15 -11 -17 -17 -11 -20
83 91 17 15 43 83 92 63 39 99 83 51 54 80 8 90 39 80 17 2 44 -8 -5 -13 -9 -15 -10 -20 -18 -7 -20 -7 -10 -14 -2 -6 -5 -7 -3 -16 -15 -12 -20 -7 -19 -16 -20 -5 -18 -1 -14 -13 -18 -1 -18 -8 -15 -8 -1 -3 -20 -4 -3 -19 -7 -10 -20 -16 -5 -16 -15 -14 -5 -11 -11 -13 -4 -11 -10 -17 -3 -15 -13 -17 -18 -17 -16 -18 -4 -5 -7 -15 -10 -3 -15 -2 -18 -16 -17 -18 -20 -2 -4 -15 -10 -8 -1 -1 -9 -18 -19
84 32 66 75 20 71 34 15 14 22 17 9 68 31 57 73 18 68 35 82 56 -11 -14 -18 -6 -20 -18 -10 -15 -12 -12 -11 -1 -18 -4 -19 -9 -4 -1 -1 -13 -17 -3 -3 -10 -13 -15 -14 -17 -15 -4 -9 -6 -18 -13 -9 -9 -11 -13 -1 -7 -10 -9 -3 -1 -19 -13 -15 -6 -13 -11 -9 -13 -4 -16 -20 -5 -17 -4 -14 -12 -10 -4 -10 -8 -10 -11 -3 -14 -18 -3 -5 -5 -19 -11 -2 -14 -15 -9 -15 -5 -3 -18 -16 -16 -2 -13 -13 -2 -14 -11
85 9 58 46 83 15 48 67 42 26 28 77 12 91 85 78 25 99 26 40 28 -20 -12 -5 -12 -4 -10 -16 -18 -1 -16 -1 -10 -3 -17 -10 -1 -20 -12 -15 -7 -17 -4 -2 -10 -8 -2 -11 -4 -13 -12 -19 -2 -10 -18 -16 -10 -15 -18 -17 -15 -8 -17 -4 -2 -9 -13 -8 -7 -14 -15 -6 -13 -1 -12 -8 -7 -8 -12 -14 -6 -14 -11 -11 -20 -15 -12 -4 -4 -16 -2 -6 -17 -19 -6 -13 -5 -7 -20 -3 -10 -13 -6 -16 -1 -1 -4 -18 -1 -10 -18
86 45 28 63 76 1 99 18 22 9 67 92 43 35 77 1 100 76 8 83 87 -6 -12 -19 -13 -16 -4 -4 -20 -7 -16 -15 -1 -17 -17 -12 -13 -20 -5 -18 -20 -20 -15 -8 -5 -3 -20 -10 -5 -18 -8 -18 -10 -15 -7 -9 -16 -17 -4 -14 -19 -10 -13 -1 -8 -18 -4 -8 -16 -3 -15 -20 -2 -12 -1 -14 -16 -16 -3 -20 -12 -3 -4 -18 -18 -16 -13 -3 -12 -2 -10 -1 -7 -13 -7 -8 -12 -17 -9 -18 -6 -3 -4 -19 -8 -3 -17 -9 -10 -5 -14
87 78 11 18 11 93 91 29 38 36 21 85 44 91 48 39 86 10 46 95 91 -19 -6 -17 -4 -14 -10 -19 -4 -1 -9 -16 -11 -10 -16 -2 -15 -15 -6 -20 -12 -20 -3 -10 -1 -19 -2 -2 -15 -11 -7 -2 -18 -14 -15 -11 -7 -19 -9 -17 -18 -12 -9 -14 -19 -20 -8 -20 -5 -1 -12 -4 -11 -7 -7 -1 -8 -4 -15 -5 -8 -3 -7 -7 -6 -13 -5 -8 -16 -13 -13 -9 -14 -10 -17 -9 -13 -9 -5 -10 -3 -20 -6 -17 -19 -4 -10 -5 -19 -13 -12
88 34 64 43 51 47 22 22 5 84 13 20 33 52 16 82 100 27 15 79 34 -8 -3 -5 -18 -4 -2 -12 -19 -2 -18 -14 -3 -19 -16 -9 -13 -14 -6 -11 -17 -14 -3 -4 -17 -20 -4 -4 -8 -18 -13 -10 -2 -5 -13 -19 -9 -4 -19 -20 -2 -4 -15 -17 -18 -7 -13 -11 -14 -5 -6 -10 -15 -13 -14 -2 -19 -7 -3 -6 -18 -6 -12 -18 -18 -17 -15 -1 -16 -15 -12 -7 -6 -8 -14 -5 -20 -1 -4 -13 -19 -10 -3 -18 -9 -5 -4 -8 -16 -17 -19
89 69 43 26 48 38 58 100 62 17 68 3 6 81 25 99 81 17 34 27 76 -14 -1 -13 -18 -12 -18 -7 -8 -14 -5 -12 -14 -11 -17 -8 -4 -9 -16 -13 -10 -10 -3 -8 -11 -3 -9 -9 -13 -11 -17 -4 -4 -17 -3 -10 -3 -5 -8 -18 -11 -19 -12 -16 -7 -19 -19 -20 -16 -1 -6 -5 -1 -17 -13 -7 -16 -12 -8 -16 -20 -11 -17 -19 -4 -8 -16 -18 -15 -12 -18 -15 -19 -1 -7 -7 -19 -2 -2 -6 -4 -18 -8 -18 -18 -6 -4 -13 -9 -16 -15
90 67 9 2 3 18 3 93 31 74 52 56 35 13 24 70 34 29 35 6 20 -7 -3 -14 -4 -16 -4 -19 -5 -8 -16 -6 -3 -4 -6 -2 -5 -7 -4 -18 -1 -6 -9 -1 -13 -6 -13 -17 -13 -14 -5 -9 -5 -4 -8 -10 -10 -7 -13 -5 -6 -2 -1 -8 -7 -3 -1 -2 -19 -18 -20 -9 -5 -7 -16 -6 -19 -1 -8 -12 -8 -13 -13 -19 -6 -12 -15 -1 -7 -18 -15 -6 -2 -2 -2 -1 -19 -19 -3 -4 -12 -1 -10 -11 -18 -4 -1 -19 -13 -1 -7
91 13 66 41 98 4 93 3 20 73 93 45 62 37 37 95 42 5 75 6 8 -5 -7 -8 -5 -14 -6 -1 -5 -1 -18 -7 -10 -13 -20 -16 -17 -4 -10 -5 -13 -18 -17 -8 -15 -10 -10 -10 -18 -1 -5 -1 -19 -2 -9 -17 -2 -8 -6 -3 -9 -19 -11 -18 -12 -20 -12 -8 -10 -10 -20 -2 -7 -14 -20 -2 -20 -20 -20 -2 -15 -10 -7 -1 -1 -4 -9 -1 -11 -5 -12 -16 -19 -11 -12 -15 -7 -4 -16 -2 -2 -11 -3 -14 -11 -15 -14 -5 -16 -13 -5
92 77 70 1 74 2 70 60 36 42 12 82 60 7 30 98 74 76 35 20 29 -16 -8 -4 -12 -17 -4 -12 -1 -14 -20 -3 -12 -14 -16 -5 -17 -13 -2 -6 -14 -1 -15 -18 -5 -12 -13 -17 -20 -2 -19 -16 -4 -6 -8 -20 -1 -20 -10 -12 -15 -1 -6 -16 -3 -20 -10 -1 -13 -4 -20 -2 -17 -6 -19 -7 -5 -18 -7 -1 -4 -9 -3 -20 -15 -9 -6 -15 -19 -3 -10 -17 -12 -9 -3 -6 -8 -5 -20 -9 -11 -9 -4 -11 -16 -14 -15 -17 -10 -9 -19
93 55 78 53 86 10 85 29 39 52 16 73 77 82 50 87 11 33 18 57 71 -14 -15 -3 -13 -17 -2 -3 -4 -10 -13 -19 -8 -12 -1 -9 -16 -20 -13 -15 -6 -9 -15 -18 -1 -18 -10 -1 -18 -8 -11 -18 -14 -3 -14 -11 -5 -1 -5 -12 -14 -7 -4 -4 -12 -7 -3 -16 -17 -8 -1 -10 -19 -11 -18 -10 -17 -19 -5 -2 -19 -15 -15 -4 -13 -18 -11 -16 -18 -2 -13 -10 -17 -2 -13 -9 -3 -3 -20 -1 -3 -6 -4 -3 -6 -11 -6 -16 -9 -19 -12
94 57 5 53 62 16 10 71 74 60 2 35 55 16 28 4 22 44 55 82 74 -2 -11 -5 -6 -11 -12 -14 -12 -4 -2 -16 -18 -18 -14 -1 -12 -9 -16 -8 -17 -2 -9 -9 -9 -10 -4 -1 -10 -3 -1 -20 -18 -20 -19 -5 -7 -15 -20 -2 -17 -11 -20 -9 -16 -11 -6 -5 -17 -15 -9 -6 -6 -12 -12 -2 -12 -1 -7 -18 -19 -7 -12 -11 -1 -19 -18 -14 -10 -10 -4 -12 -17 -6 -14 -15 -15 -17 -13 -8 -13 -18 -13 -9 -14 -17 -5 -3 -14 -9 -10
95 72 54 97 86 4 64 31 50 82 62 67 20 8 72 64 92 16 72 87 22 -11 -11 -17 -18 -19 -1 -12 -3 -11 -2 -3 -4 -16 -14 -9 -19 -20 -12 -17 -15 -3 -2 -2 -17 -18 -15 -15 -9 -18 -11 -3 -2 -20 -17 -8 -2 -8 -3 -7 -6 -6 -14 -1 -7 -15 -4 -8 -13 -4 -3 -19 -12 -18 -8 -1 -10 -13 -14 -1 -13 -2 -12 -20 -2 -8 -20 -20 -19 -4 -10 -17 -18 -14 -5 -7 -13 -16 -10 -2 -10 -2 -17 -13 -8 -10 -4 -19 -4 -7 -2
96 6 71 76 17 60 99 28 25 92 4 87 31 15 78 67 42 11 98 21 58 -4 -2 -3 -19 -5 -3 -8 -9 -7 -16 -19 -15 -18 -15 -20 -10 -6 -17 -1 -3 -8 -13 -11 -13 -13 -18 -10 -12 -9 -14 -11 -15 -2 -10 -13 -8 -2 -12 -8 -13 -15 -14 -13 -19 -7 -16 -6 -16 -7 -11 -7 -16 -2 -19 -19 -8 -19 -20 -10 -3 -18 -7 -3 -15 -5 -14 -13 -19 -8 -1 -17 -9 -7 -11 -8 -6 -3 -19 -14 -14 -6 -8 -8 -6 -9 -5 -18 -1 -3 -20
97 54 72 1 73 87 24 90 80 90 59 25 85 34 12 18 56 26 91 43 92 -16 -18 -7 -14 -15 -9 -7 -4 -4 -12 -11 -8 -13 -7 -2 -18 -10 -2 -18 -19 -5 -9 -17 -19 -18 -7 -17 -10 -10 -7 -8 -9 -10 -18 -12 -13 -20 -1 -7 -6 -16 -15 -15 -3 -7 -18 -14 -7 -5 -8 -18 -16 -13 -11 -14 -10 -6 -14 -12 -16 -9 -8 -20 -14 -13 -1 -9 -3 -9 -8 -17 -1 -12 -1 -9 -14 -6 -5 -15 -20 -1 -6 -5 -1 -4 -13 -16 -18 -20 -16
98 24 68 58 6 55 35 87 23 68 94 92 48 97 21 54 40 95 2 97 29 -16 -8 -2 -10 -3 -18 -11 -8 -4 -19 -5 -3 -5 -13 -7 -7 -12 -7 -3 -14 -7 -18 -1 -3 -17 -15 -2 -18 -20 -9 -15 -19 -2 -15 -14 -17 -20 -13 -18 -8 -16 -7 -13 -6 -20 -11 -14 -9 -9 -13 -20 -13 -6 -8 -11 -6 -1 -18 -2 -2 -8 -9 -13 -20 -15 -13 -14 -9 -4 -2 -17 -4 -7 -8 -1 -5 -19 -4 -5 -11 -4 -15 -15 -19 -9 -7 -20 -5 -17 -7
99 19 96 85 22 26 57 24 51 15 37 60 77 29 22 42 98 57 29 27 81 -5 -17 -6 -7 -10 -4 -15 -16 -14 -9 -13 -2 -1 -15 -1 -4 -3 -18 -13 -6 -8 -9 -3 -19 -20 -1 -15 -1 -19 -6 -7 -20 -7 -1 -12 -7 -11 -10 -17 -3 -13 -10 -7 -1 -7 -5 -14 -17 -17 -11 -2 -5 -10 -14 -6 -8 -4 -1 -3 -8 -14 -13 -10 -1 -16 -2 -14 -3 -16 -6 -3 -9 -1 -12 -2 -5 -3 -2 -8 -9 -18 -15 -1 -17 -17 -9 -8 -20 -12 -14
