2 100
2242 2425
0 47 5 67 77 -1 -14
1 73 9 48 26 -13 -20
2 96 4 3 48 -5 -4
3 22 81 35 96 -6 -7
4 91 35 80 17 -18 -9
5 95 11 62 19 -6 -11
6 30 67 28 45 -7 -1
7 16 39 77 13 -12 -20
8 100 33 2 45 -17 -3
9 56 67 57 63 -14 -15
10 25 82 62 76 -10 -1
11 10 74 74 27 -7 -4
12 50 61 67 57 -7 -17
13 67 67 80 98 -12 -3
14 49 89 18 19 -19 -19
15 54 17 21 90 -16 -8
16 35 79 48 15 -6 -10
17 57 28 65 85 -18 -14
18 17 48 10 49 -12 -8
19 95 92 61 28 -7 -6
20 66 18 58 8 -14 -2
21 57 82 86 98 -5 -15
22 39 13 77 86 -15 -20
23 24 44 40 9 -15 -1
24 1 51 39 84 -4 -14
25 94 93 92 76 -1 -1
26 60 21 73 8 -6 -3
27 89 33 86 43 -11 -19
28 63 85 33 58 -15 -9
29 8 83 36 47 -9 -18
30 36 55 30 61 -5 -20
31 13 76 42 61 -16 -12
32 37 23 45 85 -3 -2
33 54 63 52 66 -17 -17
34 74 99 12 79 -17 -4
35 29 41 91 41 -17 -9
36 88 100 93 21 -13 -5
37 61 97 58 42 -1 -14
38 100 1 2 5 -2 -4
39 63 29 40 93 -11 -7
40 40 6 10 63 -6 -19
41 43 81 50 42 -8 -14
42 58 32 53 13 -19 -8
43 45 56 41 47 -20 -5
44 3 79 75 11 -7 -8
45 42 53 35 78 -4 -12
46 44 51 34 43 -15 -10
47 75 18 85 1 -10 -1
48 58 89 77 41 -14 -1
49 99 19 47 28 -15 -7
50 29 2 97 27 -3 -17
51 85 95 61 94 -20 -3
52 95 45 12 20 -4 -16
53 34 25 15 25 -5 -2
54 56 49 56 98 -10 -3
55 90 11 89 82 -15 -2
56 47 59 21 78 -11 -6
57 57 43 87 7 -11 -4
58 11 10 65 3 -4 -11
59 30 24 56 66 -17 -18
60 56 23 61 90 -11 -13
61 53 16 89 84 -3 -11
62 8 13 76 80 -13 -1
63 63 33 46 6 -13 -17
64 78 48 96 59 -12 -9
65 81 44 56 34 -17 -20
66 68 7 39 66 -18 -2
67 58 54 98 43 -9 -14
68 61 11 20 67 -11 -20
69 98 2 30 16 -8 -18
70 44 35 24 58 -2 -10
71 15 27 24 54 -18 -3
72 20 55 85 9 -13 -3
73 50 2 69 29 -15 -11
74 73 21 85 26 -1 -8
75 46 66 87 86 -11 -7
76 33 39 65 90 -2 -2
77 73 71 27 27 -15 -2
78 82 72 71 91 -9 -4
79 65 80 41 80 -7 -2
80 6 74 80 37 -11 -8
81 53 38 25 2 -17 -11
82 60 2 83 11 -2 -14
83 40 1 99 71 -3 -19
84 67 1 31 42 -4 -15
85 55 27 16 23 -1 -5
86 7 12 97 49 -11 -18
87 53 42 81 1 -12 -19
88 96 88 33 41 -16 -5
89 77 83 29 99 -15 -18
90 66 12 10 2 -18 -13
91 24 26 20 55 -4 -13
92 21 79 65 56 -7 -10
93 99 18 98 24 -1 -5
94 67 43 12 44 -3 -3
95 24 26 2 26 -4 -13
96 64 64 2 44 -15 -3
97 85 71 19 49 -9 -7
98 95 52 99 74 -2 -12
99 30 64 21 75 -8 -9
