2 100
3955.2000000000003 4495.2
0 44 72 91 23 -13 -17
1 56 23 67 93 -8 -19
2 11 19 36 64 -1 -8
3 40 35 36 68 -11 -18
4 5 74 92 54 -15 -18
5 11 19 38 92 -15 -19
6 78 55 96 91 -1 -13
7 36 54 6 8 -11 -11
8 42 76 92 42 -16 -2
9 67 83 72 28 -19 -20
10 64 20 23 59 -18 -6
11 68 17 28 94 -20 -14
12 10 6 8 69 -15 -8
13 85 20 6 36 -8 -1
14 78 69 55 87 -19 -6
15 67 24 4 58 -6 -3
16 15 1 79 57 -11 -15
17 63 84 97 99 -17 -6
18 100 8 78 37 -17 -16
19 98 42 90 33 -20 -4
20 14 72 37 63 -8 -3
21 98 91 31 21 -11 -20
22 71 22 5 28 -11 -17
23 50 86 10 73 -6 -11
24 47 23 41 14 -10 -10
25 36 88 99 63 -13 -16
26 82 12 94 74 -6 -20
27 38 27 31 27 -13 -20
28 89 73 32 21 -14 -3
29 42 62 94 51 -4 -17
30 36 73 12 98 -18 -15
31 85 49 46 9 -1 -16
32 31 74 89 43 -5 -18
33 3 97 95 79 -11 -6
34 42 99 45 74 -6 -19
35 91 31 5 2 -6 -17
36 63 34 53 56 -20 -17
37 97 69 75 72 -1 -14
38 100 22 22 99 -12 -10
39 17 39 26 74 -6 -8
40 53 63 98 80 -8 -11
41 66 91 85 82 -9 -4
42 76 12 41 51 -6 -9
43 12 80 3 97 -5 -20
44 3 4 84 96 -14 -14
45 67 84 15 30 -1 -10
46 25 30 86 38 -2 -1
47 83 85 24 75 -17 -7
48 52 3 55 74 -4 -5
49 3 93 56 12 -2 -17
50 76 94 20 13 -13 -13
51 6 5 66 34 -11 -18
52 75 69 63 72 -12 -9
53 20 9 53 81 -7 -1
54 31 32 20 73 -1 -19
55 73 62 11 70 -2 -4
56 5 40 77 71 -14 -6
57 88 30 26 99 -6 -5
58 55 65 13 31 -4 -19
59 17 23 95 75 -15 -10
60 97 99 13 51 -1 -3
61 42 7 35 84 -12 -13
62 70 99 78 43 -16 -15
63 66 18 1 53 -17 -5
64 34 3 33 24 -5 -16
65 67 5 24 95 -4 -9
66 11 1 60 98 -11 -15
67 91 97 86 82 -14 -12
68 16 4 93 12 -12 -17
69 61 5 47 37 -12 -10
70 12 96 26 37 -20 -12
71 17 74 67 10 -6 -2
72 80 65 78 81 -2 -18
73 68 12 28 93 -11 -11
74 28 81 17 42 -8 -14
75 66 77 16 19 -4 -1
76 31 82 19 4 -2 -16
77 78 9 51 58 -8 -15
78 98 52 78 34 -11 -9
79 15 98 77 39 -4 -19
80 77 53 56 18 -9 -7
81 78 90 47 36 -16 -16
82 95 83 10 3 -14 -9
83 75 13 63 66 -20 -7
84 45 15 59 40 -6 -9
85 44 91 27 60 -14 -7
86 65 2 100 92 -14 -18
87 6 34 93 62 -3 -15
88 63 30 20 60 -11 -8
89 87 67 4 67 -1 -18
90 2 60 100 56 -8 -4
91 62 82 96 52 -19 -14
92 60 29 91 96 -7 -14
93 2 19 85 71 -4 -16
94 40 77 18 69 -17 -20
95 78 88 5 77 -13 -19
96 62 40 41 89 -14 -20
97 32 59 17 53 -6 -13
98 64 96 36 33 -16 -18
99 50 14 12 36 -12 -20
