2 100
1037 1123
0 26 27 40 69 -8 -10
1 7 11 21 69 -3 -19
2 63 59 6 80 -13 -16
3 17 33 28 59 -20 -17
4 21 11 40 56 -7 -13
5 22 15 62 47 -18 -5
6 11 17 64 99 -6 -4
7 6 31 56 83 -2 -8
8 72 100 19 89 -13 -13
9 6 40 22 60 -14 -2
10 50 98 5 60 -6 -9
11 29 45 70 78 -11 -11
12 4 96 10 74 -14 -3
13 14 4 52 21 -13 -1
14 30 29 86 23 -11 -8
15 40 68 98 27 -11 -4
16 43 37 25 65 -18 -3
17 89 72 42 35 -4 -12
18 39 21 95 73 -16 -18
19 22 43 43 12 -5 -11
20 50 30 17 60 -20 -13
21 10 60 39 22 -4 -5
22 3 30 86 94 -5 -18
23 77 43 48 88 -5 -1
24 40 11 13 56 -11 -16
25 90 26 17 41 -20 -11
26 94 47 21 64 -8 -12
27 54 78 85 68 -6 -3
28 51 1 34 80 -4 -17
29 70 98 56 40 -2 -1
30 27 94 64 61 -8 -20
31 77 72 7 78 -13 -14
32 70 47 24 68 -8 -4
33 53 12 6 72 -17 -1
34 87 57 31 86 -9 -5
35 32 87 75 53 -1 -12
36 77 26 73 70 -17 -18
37 49 66 78 24 -11 -9
38 34 70 38 24 -3 -11
39 24 49 59 24 -18 -16
40 8 13 77 81 -13 -4
41 74 94 99 66 -10 -10
42 35 90 40 85 -18 -1
43 39 70 98 58 -18 -3
44 72 46 81 7 -15 -19
45 28 37 15 15 -15 -1
46 80 29 38 100 -17 -17
47 79 69 13 5 -7 -3
48 13 77 75 8 -20 -2
49 92 10 83 71 -18 -4
50 95 10 52 76 -7 -19
51 6 89 50 72 -12 -17
52 42 81 48 43 -4 -2
53 96 11 69 85 -16 -16
54 72 73 57 69 -2 -12
55 48 10 46 75 -3 -16
56 45 67 19 72 -9 -11
57 96 98 31 9 -2 -8
58 2 79 10 33 -3 -12
59 57 59 92 98 -1 -4
60 74 69 32 78 -12 -14
61 77 7 15 40 -17 -18
62 71 85 74 15 -17 -17
63 14 43 47 60 -11 -3
64 20 75 19 58 -13 -4
65 31 66 35 41 -12 -17
66 23 90 32 100 -17 -11
67 25 73 76 99 -19 -4
68 22 21 66 18 -2 -11
69 8 89 81 20 -6 -14
70 37 87 63 27 -10 -4
71 20 57 21 7 -3 -10
72 81 46 85 21 -13 -10
73 48 91 15 99 -5 -10
74 87 21 21 25 -14 -16
75 6 36 1 9 -17 -6
76 18 10 6 82 -16 -8
77 97 95 34 94 -17 -19
78 48 22 79 78 -20 -6
79 95 77 48 49 -17 -3
80 12 68 78 60 -15 -11
81 72 31 48 14 -2 -5
82 73 32 23 88 -10 -5
83 29 95 39 92 -1 -5
84 66 82 74 19 -9 -2
85 78 82 28 88 -11 -13
86 77 77 97 34 -1 -1
87 73 5 75 73 -13 -3
88 5 51 78 39 -7 -15
89 81 97 10 75 -16 -9
90 31 1 71 22 -12 -2
91 21 82 58 97 -13 -8
92 2 38 71 82 -5 -8
93 61 57 4 93 -14 -2
94 19 17 59 47 -1 -6
95 64 61 59 43 -2 -8
96 82 1 96 14 -10 -8
97 6 31 17 12 -5 -17
98 17 69 91 46 -13 -4
99 41 75 59 77 -1 -13
