3 100
1044.6000000000001 1049.8 985.0
0 44 94 38 34 4 19 -8 -12 -5 -2 -13 -14
1 71 5 27 74 3 27 -16 -17 -14 -8 -10 -8
2 62 97 47 87 69 8 -10 -1 -2 -3 -15 -14
3 54 90 31 64 71 43 -2 -8 -14 -12 -18 -4
4 63 91 72 82 72 10 -5 -14 -6 -9 -14 -9
5 73 6 15 76 77 36 -11 -20 -20 -3 -10 -10
6 99 66 57 39 72 45 -4 -11 -15 -19 -13 -12
7 97 99 69 100 23 38 -11 -9 -4 -16 -1 -10
8 40 35 72 55 55 87 -6 -14 -18 -10 -18 -13
9 61 62 38 77 17 54 -10 -5 -11 -8 -20 -4
10 100 24 38 75 42 21 -19 -6 -19 -19 -12 -6
11 69 50 60 39 30 89 -7 -12 -18 -4 -11 -14
12 95 49 93 26 39 21 -19 -10 -20 -19 -20 -20
13 37 63 72 71 55 67 -12 -12 -19 -6 -14 -15
14 21 58 90 70 55 31 -9 -16 -5 -2 -1 -7
15 70 81 38 77 92 100 -14 -12 -6 -11 -20 -8
16 43 29 44 46 75 83 -20 -4 -9 -14 -10 -19
17 9 20 20 51 98 61 -10 -11 -5 -10 -8 -17
18 13 50 81 53 42 14 -16 -20 -16 -7 -15 -11
19 31 99 54 49 51 84 -11 -16 -3 -11 -13 -1
20 95 21 8 66 40 70 -16 -6 -8 -19 -18 -5
21 63 81 56 50 81 86 -10 -16 -14 -19 -4 -4
22 95 45 33 10 56 6 -20 -12 -5 -11 -9 -6
23 12 44 23 35 77 50 -13 -11 -20 -1 -2 -2
24 25 19 50 98 41 61 -19 -4 -3 -15 -6 -13
25 77 8 79 2 81 30 -8 -18 -17 -12 -16 -14
26 74 74 86 98 2 75 -3 -18 -19 -13 -18 -20
27 4 91 22 79 81 32 -14 -16 -13 -2 -10 -1
28 59 43 42 3 28 52 -20 -3 -6 -1 -9 -4
29 13 4 79 63 73 67 -2 -10 -7 -9 -19 -6
30 92 63 48 79 82 81 -16 -5 -1 -3 -4 -4
31 91 12 22 12 75 58 -8 -5 -18 -16 -17 -19
32 100 8 13 56 88 87 -14 -4 -8 -10 -11 -20
33 20 42 93 28 43 20 -17 -2 -1 -3 -5 -20
34 21 87 57 41 28 15 -11 -11 -11 -18 -19 -5
35 98 40 28 58 33 62 -12 -13 -13 -12 -1 -6
36 21 21 28 100 78 31 -15 -10 -2 -5 -2 -17
37 38 68 4 65 32 27 -9 -3 -16 -4 -17 -6
38 68 71 85 19 95 69 -20 -10 -4 -14 -9 -10
39 80 13 26 4 72 58 -9 -6 -8 -2 -6 -9
40 98 77 58 96 32 92 -19 -1 -2 -5 -4 -8
41 27 80 59 3 43 1 -8 -16 -8 -16 -1 -20
42 28 42 55 80 82 75 -5 -10 -4 -10 -18 -2
43 55 50 6 99 43 51 -9 -18 -7 -16 -14 -19
44 22 21 60 65 81 76 -8 -20 -6 -18 -12 -11
45 14 35 95 13 29 71 -8 -8 -17 -17 -4 -7
46 10 63 7 50 16 28 -11 -2 -14 -4 -5 -9
47 76 69 65 37 34 79 -12 -20 -19 -13 -11 -7
48 5 15 41 90 53 45 -18 -8 -17 -1 -15 -19
49 17 72 70 64 89 14 -18 -11 -18 -18 -15 -7
50 98 97 23 20 22 65 -17 -5 -18 -6 -5 -8
51 65 3 54 76 100 25 -1 -2 -16 -6 -1 -2
52 95 51 10 48 71 35 -14 -3 -9 -12 -14 -19
53 22 66 93 54 65 96 -14 -16 -3 -5 -18 -6
54 81 84 16 57 40 96 -13 -2 -9 -19 -4 -3
55 62 86 52 66 72 6 -2 -16 -11 -11 -12 -5
56 60 68 68 97 32 7 -18 -14 -14 -5 -2 -4
57 12 5 57 94 97 30 -2 -17 -10 -14 -5 -18
58 100 64 23 67 92 55 -19 -17 -12 -15 -10 -17
59 27 14 18 38 66 34 -16 -18 -18 -13 -19 -1
60 38 26 48 53 83 32 -16 -3 -16 -20 -15 -11
61 10 86 22 58 85 93 -16 -5 -17 -16 -6 -15
62 46 85 49 55 15 78 -17 -8 -4 -14 -16 -17
63 75 58 93 97 60 90 -15 -13 -15 -19 -10 -13
64 51 76 90 82 6 34 -4 -6 -12 -6 -9 -2
65 49 29 22 24 78 1 -20 -5 -11 -1 -12 -5
66 11 1 70 56 7 44 -6 -16 -6 -13 -2 -11
67 87 38 31 71 27 3 -6 -12 -20 -16 -20 -13
68 96 26 2 6 7 13 -5 -6 -12 -11 -18 -2
69 40 22 1 97 8 83 -16 -16 -6 -17 -5 -13
70 97 81 91 89 98 29 -17 -11 -9 -11 -10 -11
71 10 40 33 19 83 53 -7 -6 -14 -11 -9 -11
72 97 72 46 46 4 2 -3 -18 -19 -15 -7 -4
73 81 69 91 61 79 39 -9 -4 -4 -4 -7 -15
74 59 66 20 75 18 16 -17 -2 -3 -18 -13 -5
75 98 94 39 11 15 78 -17 -18 -14 -1 -14 -18
76 88 4 24 42 80 64 -17 -19 -3 -12 -9 -13
77 5 76 36 26 85 51 -1 -12 -6 -3 -15 -3
78 36 82 75 1 64 59 -4 -16 -19 -10 -19 -17
79 6 14 92 44 71 100 -20 -8 -9 -1 -12 -12
80 26 19 99 6 31 95 -15 -1 -8 -10 -6 -19
81 81 78 9 15 74 94 -1 -3 -11 -6 -11 -15
82 85 85 87 58 98 26 -4 -8 -17 -5 -18 -12
83 93 26 97 34 16 23 -1 -17 -6 -10 -15 -11
84 26 50 45 6 64 85 -19 -2 -19 -11 -11 -2
85 92 7 60 17 41 9 -15 -15 -17 -19 -9 -10
86 53 33 68 70 93 12 -3 -11 -2 -10 -7 -3
87 85 37 82 83 57 4 -11 -19 -16 -10 -11 -14
88 1 10 5 16 96 12 -16 -11 -13 -13 -12 -5
89 96 86 98 47 79 31 -2 -13 -12 -17 -13 -4
90 78 90 30 66 91 89 -1 -20 -8 -7 -13 -9
91 32 31 7 48 15 92 -18 -4 -18 -20 -20 -5
92 42 91 16 47 55 20 -8 -11 -3 -20 -11 -19
93 43 82 60 9 13 12 -6 -17 -14 -1 -7 -3
94 66 68 43 47 40 57 -18 -16 -9 -2 -1 -14
95 25 27 33 92 95 87 -10 -16 -16 -10 -6 -11
96 83 58 79 11 33 89 -15 -15 -9 -4 -17 -9
97 18 63 42 11 75 76 -8 -17 -11 -1 -8 -14
98 23 79 92 77 97 24 -2 -15 -14 -20 -15 -13
99 71 73 89 51 44 70 -6 -18 -15 -3 -2 -18
