3 100
4339 3924 4143
0 16 92 59 49 99 100 -19 -13 -18 -11 -10 -16
1 100 47 75 51 98 1 -10 -2 -5 -5 -17 -6
2 8 55 82 15 92 92 -20 -3 -10 -7 -17 -15
3 11 56 39 81 67 52 -15 -8 -18 -2 -5 -20
4 85 79 8 50 12 31 -6 -15 -19 -4 -13 -14
5 84 13 99 48 96 16 -6 -16 -16 -2 -12 -13
6 34 61 37 35 39 72 -16 -2 -18 -12 -14 -17
7 71 49 95 31 36 61 -3 -14 -12 -7 -2 -17
8 81 57 34 29 19 88 -20 -14 -15 -9 -12 -18
9 76 12 68 49 84 24 -16 -1 -11 -3 -17 -15
10 34 90 67 65 62 54 -1 -9 -10 -7 -14 -9
11 73 58 22 26 34 83 -18 -14 -16 -20 -1 -7
12 60 11 67 42 24 78 -15 -2 -1 -18 -14 -9
13 99 33 25 62 89 40 -10 -11 -2 -2 -3 -10
14 52 78 41 1 48 64 -13 -15 -7 -14 -8 -8
15 27 92 31 81 4 36 -13 -4 -18 -20 -7 -3
16 44 89 93 18 50 63 -13 -9 -18 -10 -1 -7
17 78 9 86 1 21 76 -1 -11 -9 -9 -11 -5
18 66 88 90 4 43 47 -5 -7 -14 -2 -10 -6
19 20 70 23 53 53 88 -6 -1 -12 -18 -17 -7
20 14 47 100 4 25 6 -3 -16 -3 -20 -20 -2
21 92 77 30 29 76 73 -9 -5 -16 -11 -15 -12
22 30 100 98 62 91 52 -17 -6 -12 -7 -20 -5
23 96 63 83 13 32 12 -4 -10 -8 -14 -12 -8
24 95 42 96 95 60 57 -2 -4 -8 -12 -9 -18
25 30 100 3 46 11 99 -19 -7 -9 -20 -11 -13
26 88 28 91 20 53 5 -2 -20 -12 -16 -13 -3
27 80 21 26 76 44 99 -4 -16 -18 -13 -20 -16
28 13 70 71 50 45 99 -9 -18 -14 -13 -17 -19
29 42 86 89 10 31 28 -1 -5 -5 -9 -9 -8
30 90 37 58 30 86 11 -16 -3 -13 -19 -9 -16
31 80 64 90 7 33 84 -3 -7 -17 -15 -15 -2
32 96 14 78 17 72 35 -7 -1 -11 -19 -15 -10
33 5 66 5 84 92 33 -18 -9 -7 -8 -12 -5
34 64 46 46 37 8 48 -13 -2 -16 -15 -8 -12
35 92 9 23 74 93 20 -4 -20 -11 -7 -1 -3
36 55 63 21 23 71 37 -12 -17 -13 -7 -4 -7
37 99 51 33 91 11 58 -7 -11 -14 -13 -1 -12
38 50 32 81 21 57 69 -18 -12 -12 -13 -9 -14
39 59 95 55 61 14 10 -12 -6 -5 -12 -3 -12
40 48 11 8 62 4 92 -6 -18 -4 -3 -19 -4
41 55 16 48 83 32 4 -3 -12 -15 -2 -8 -18
42 86 77 94 57 88 79 -19 -5 -15 -19 -8 -5
43 67 63 69 38 51 90 -20 -2 -3 -8 -8 -13
44 66 63 49 85 80 16 -8 -17 -18 -1 -17 -14
45 99 97 87 26 41 41 -6 -11 -16 -12 -5 -20
46 30 17 38 62 64 21 -6 -16 -8 -16 -10 -14
47 79 28 63 37 74 69 -3 -1 -11 -18 -19 -8
48 46 20 36 93 77 82 -15 -8 -1 -17 -14 -3
49 58 10 97 46 8 27 -17 -4 -17 -20 -2 -7
50 76 36 70 12 25 49 -2 -12 -15 -14 -8 -4
51 49 13 72 15 59 78 -10 -9 -15 -19 -5 -12
52 20 17 58 34 28 81 -11 -1 -2 -10 -6 -2
53 96 1 18 60 14 30 -12 -1 -5 -10 -3 -19
54 57 53 2 49 93 57 -1 -8 -13 -3 -2 -20
55 86 89 21 76 76 61 -7 -14 -8 -13 -8 -10
56 66 40 39 98 69 50 -19 -15 -17 -15 -10 -11
57 3 38 58 98 45 19 -12 -4 -13 -17 -19 -19
58 56 19 95 43 33 75 -6 -18 -13 -3 -16 -8
59 70 13 47 54 87 50 -19 -1 -5 -10 -15 -13
60 83 100 27 38 92 11 -4 -2 -14 -2 -11 -14
61 68 99 60 73 24 45 -7 -19 -5 -13 -11 -10
62 20 44 19 96 59 81 -4 -4 -14 -5 -19 -9
63 22 4 53 98 38 1 -6 -16 -5 -9 -10 -19
64 33 56 93 12 7 100 -19 -15 -10 -15 -16 -9
65 58 2 1 75 38 53 -7 -9 -9 -12 -9 -20
66 18 92 54 35 74 31 -3 -17 -7 -14 -10 -2
67 38 94 24 99 9 8 -12 -1 -11 -20 -1 -5
68 85 64 20 8 65 81 -5 -12 -4 -20 -20 -5
69 98 97 83 75 60 16 -2 -7 -10 -2 -19 -7
70 17 2 83 35 1 27 -8 -20 -10 -4 -4 -18
71 92 99 79 20 88 2 -19 -5 -11 -2 -2 -3
72 50 37 100 56 25 71 -14 -17 -17 -18 -6 -7
73 72 96 27 100 37 53 -5 -5 -10 -1 -13 -6
74 9 97 34 49 58 80 -7 -17 -7 -11 -13 -20
75 39 89 78 8 95 43 -18 -11 -16 -8 -7 -19
76 53 63 34 42 56 57 -20 -9 -16 -17 -15 -15
77 36 81 55 84 75 49 -13 -6 -6 -1 -8 -3
78 82 2 8 36 51 76 -11 -12 -3 -3 -17 -2
79 52 41 28 68 50 92 -15 -16 -1 -4 -9 -5
80 44 100 92 35 81 52 -17 -19 -17 -1 -7 -7
81 71 88 21 44 5 63 -7 -6 -10 -5 -18 -17
82 88 71 93 35 12 16 -2 -15 -6 -20 -13 -1
83 8 54 53 77 67 13 -13 -5 -3 -7 -20 -3
84 11 54 16 73 1 6 -17 -3 -10 -15 -18 -7
85 77 40 22 62 7 71 -14 -3 -7 -9 -14 -14
86 85 37 88 12 81 70 -14 -11 -5 -1 -15 -10
87 33 64 8 42 37 40 -19 -4 -14 -17 -7 -15
88 74 80 57 65 2 88 -12 -5 -9 -12 -1 -20
89 36 58 1 10 48 56 -10 -4 -11 -10 -19 -7
90 82 64 75 83 80 43 -3 -2 -7 -5 -7 -7
91 45 82 66 45 64 87 -13 -20 -10 -18 -12 -20
92 75 24 75 71 95 20 -17 -17 -16 -7 -3 -3
93 46 57 96 76 81 23 -10 -18 -14 -9 -18 -17
94 42 61 67 29 64 77 -17 -19 -16 -10 -15 -1
95 44 72 79 46 24 75 -8 -14 -19 -2 -8 -9
96 19 19 72 31 28 94 -6 -18 -12 -1 -5 -19
97 59 23 50 97 41 28 -7 -9 -9 -2 -6 -7
98 86 61 5 88 12 72 -16 -12 -17 -16 -8 -14
99 86 85 5 8 100 36 -9 -9 -11 -13 -17 -4
