3 100
2571 2336 2477
0 7 53 37 78 34 95 -9 -18 -10 -8 -1 -5
1 69 65 15 8 9 53 -12 -16 -12 -20 -19 -7
2 54 51 26 94 57 29 -3 -2 -15 -2 -12 -10
3 3 51 85 98 20 31 -3 -1 -20 -5 -3 -1
4 1 100 68 87 88 96 -12 -7 -17 -16 -10 -10
5 52 39 99 77 47 99 -7 -11 -1 -6 -2 -18
6 44 86 75 18 59 76 -7 -15 -1 -17 -1 -13
7 100 31 29 9 95 50 -19 -8 -7 -2 -4 -9
8 82 42 51 75 63 84 -5 -13 -20 -16 -11 -14
9 62 25 55 78 67 65 -2 -6 -2 -10 -19 -1
10 33 9 100 21 85 80 -15 -1 -6 -12 -2 -16
11 84 75 41 11 90 87 -5 -11 -12 -7 -7 -4
12 73 67 83 81 33 87 -9 -1 -16 -7 -14 -8
13 77 17 61 27 36 94 -17 -18 -2 -7 -4 -1
14 4 82 28 39 18 41 -9 -16 -16 -19 -11 -12
15 53 68 98 33 80 4 -7 -3 -20 -16 -10 -18
16 42 28 88 14 37 74 -14 -20 -3 -20 -19 -17
17 69 61 67 58 46 21 -5 -15 -6 -5 -5 -12
18 91 9 22 32 53 64 -14 -20 -18 -5 -20 -18
19 16 39 80 89 15 25 -2 -16 -15 -6 -19 -11
20 77 96 62 53 70 7 -13 -10 -16 -16 -5 -7
21 28 99 5 5 40 56 -16 -13 -8 -11 -18 -2
22 39 11 65 87 28 8 -12 -14 -6 -18 -1 -14
23 64 99 46 25 21 55 -1 -4 -19 -16 -4 -20
24 16 83 34 66 75 69 -1 -11 -2 -13 -3 -3
25 94 84 19 74 96 10 -10 -3 -3 -16 -9 -1
26 34 26 89 7 47 16 -6 -3 -9 -13 -11 -1
27 43 54 28 84 77 53 -7 -16 -8 -20 -12 -8
28 94 57 64 65 89 77 -2 -3 -1 -3 -16 -15
29 16 36 47 6 51 12 -11 -2 -3 -8 -18 -6
30 93 6 75 51 66 23 -1 -12 -18 -3 -18 -2
31 45 17 86 57 31 62 -9 -5 -7 -7 -2 -12
32 63 22 60 11 15 20 -16 -6 -19 -15 -4 -17
33 95 84 14 32 65 1 -4 -13 -14 -9 -16 -16
34 59 90 45 80 30 10 -1 -14 -14 -3 -8 -19
35 20 32 76 100 84 65 -4 -10 -10 -8 -5 -15
36 91 89 46 16 39 33 -13 -9 -10 -19 -17 -15
37 61 49 64 97 85 29 -6 -17 -20 -20 -1 -10
38 70 97 20 27 32 40 -5 -14 -3 -6 -19 -3
39 11 61 65 29 5 22 -17 -6 -3 -9 -16 -7
40 80 82 67 35 7 77 -7 -2 -20 -9 -10 -4
41 77 22 36 42 62 42 -3 -6 -15 -10 -1 -14
42 24 100 35 66 29 20 -17 -15 -7 -7 -20 -1
43 99 59 52 25 4 54 -5 -7 -12 -9 -6 -5
44 53 20 27 56 67 9 -10 -9 -19 -20 -6 -9
45 48 35 93 1 65 15 -20 -17 -9 -4 -2 -2
46 15 58 72 70 99 21 -12 -1 -16 -13 -14 -12
47 55 95 66 54 100 68 -12 -7 -3 -3 -4 -5
48 61 61 70 78 32 40 -18 -16 -9 -20 -12 -3
49 1 10 52 24 37 32 -19 -14 -13 -17 -15 -4
50 34 48 7 1 79 47 -9 -10 -9 -7 -4 -15
51 37 77 41 13 87 18 -18 -12 -6 -11 -17 -1
52 1 89 2 5 41 4 -17 -19 -1 -19 -15 -13
53 32 37 9 93 80 73 -4 -4 -6 -6 -2 -1
54 66 17 27 3 85 86 -1 -12 -5 -7 -20 -5
55 6 22 6 56 44 97 -9 -2 -15 -14 -10 -16
56 18 90 34 42 85 79 -1 -15 -5 -7 -10 -18
57 64 78 12 57 44 61 -9 -8 -11 -19 -4 -13
58 91 50 95 97 79 49 -7 -19 -20 -17 -7 -5
59 10 18 97 63 22 1 -1 -4 -8 -4 -18 -17
60 73 63 39 55 25 64 -19 -13 -18 -2 -10 -7
61 68 95 66 95 4 32 -18 -3 -1 -11 -9 -12
62 15 50 73 17 90 18 -20 -19 -18 -15 -8 -12
63 49 78 91 65 66 53 -8 -1 -15 -17 -16 -13
64 84 39 68 52 80 71 -18 -15 -19 -13 -9 -7
65 32 37 4 54 5 18 -11 -16 -5 -9 -8 -10
66 87 74 57 39 57 59 -9 -16 -20 -14 -7 -13
67 46 10 83 11 4 27 -7 -8 -10 -15 -18 -12
68 76 100 30 95 26 91 -20 -9 -18 -11 -12 -19
69 35 21 17 68 81 39 -13 -7 -1 -7 -13 -13
70 91 58 41 84 100 22 -16 -12 -4 -1 -20 -17
71 45 11 65 59 86 80 -9 -12 -17 -15 -14 -13
72 53 62 16 39 100 50 -18 -11 -5 -16 -7 -16
73 26 14 74 43 73 85 -4 -18 -10 -11 -9 -15
74 17 24 79 95 93 58 -7 -20 -18 -12 -20 -13
75 99 89 26 37 29 88 -18 -3 -3 -14 -5 -11
76 30 53 70 46 72 72 -1 -16 -7 -1 -19 -12
77 4 77 63 21 21 74 -12 -6 -19 -15 -13 -4
78 61 31 92 25 2 36 -4 -8 -11 -11 -9 -6
79 71 4 67 73 43 49 -1 -2 -1 -11 -6 -9
80 9 10 58 80 70 74 -6 -8 -10 -20 -2 -11
81 88 40 2 21 67 36 -19 -17 -15 -11 -3 -12
82 77 72 83 21 39 8 -17 -19 -1 -3 -14 -2
83 43 16 45 9 2 88 -18 -9 -12 -16 -10 -3
84 97 47 56 49 61 26 -7 -6 -1 -19 -12 -14
85 5 16 27 3 16 18 -1 -9 -3 -19 -12 -1
86 9 85 28 93 31 32 -15 -3 -1 -11 -18 -20
87 76 2 28 2 89 92 -1 -10 -17 -5 -11 -7
88 85 76 45 28 18 52 -12 -19 -16 -18 -4 -15
89 72 73 34 45 85 74 -1 -9 -9 -1 -11 -11
90 87 6 30 9 63 61 -20 -4 -9 -13 -1 -3
91 64 93 54 3 10 23 -14 -15 -8 -2 -2 -2
92 99 9 19 55 41 99 -6 -14 -5 -8 -19 -10
93 10 43 32 35 52 5 -4 -6 -14 -5 -8 -17
94 45 91 31 84 3 82 -19 -15 -7 -14 -9 -5
95 66 32 83 6 58 30 -11 -4 -9 -8 -15 -10
96 16 59 33 9 47 42 -10 -20 -1 -3 -9 -15
97 69 6 19 71 48 90 -16 -19 -5 -10 -14 -20
98 95 66 36 3 98 25 -10 -6 -8 -2 -6 -8
99 50 52 48 94 57 95 -19 -11 -10 -8 -8 -15
