5 100
4153 4452 4060 4192 4141
0 63 70 49 33 69 44 74 44 53 11 -20 -14 -9 -3 -13 -3 -18 -14 -6 -6 -10 -20 -7 -4 -4 -4 -7 -12 -19 -20
1 26 32 53 25 82 89 64 63 22 13 -6 -5 -16 -3 -15 -11 -4 -4 -19 -9 -7 -14 -17 -4 -9 -9 -11 -12 -14 -14
2 58 33 87 69 94 4 18 8 93 31 -13 -18 -6 -13 -3 -7 -18 -5 -3 -2 -17 -16 -15 -20 -5 -8 -12 -18 -12 -16
3 1 66 24 14 94 99 79 52 30 15 -20 -11 -6 -19 -9 -8 -16 -15 -14 -7 -4 -4 -8 -17 -6 -8 -10 -18 -7 -7
4 22 26 38 64 4 19 17 3 80 95 -10 -14 -6 -13 -17 -8 -12 -2 -9 -17 -16 -2 -8 -11 -6 -9 -1 -14 -16 -20
5 70 58 87 37 15 25 91 32 2 46 -1 -10 -7 -20 -8 -13 -13 -13 -11 -5 -13 -4 -20 -10 -2 -8 -19 -7 -11 -8
6 27 3 78 76 9 23 90 88 37 82 -17 -12 -6 -19 -14 -3 -10 -6 -10 -12 -16 -12 -3 -7 -12 -16 -4 -8 -10 -20
7 55 16 77 51 94 89 48 52 82 23 -10 -13 -15 -17 -4 -18 -12 -7 -20 -1 -15 -4 -3 -15 -18 -2 -4 -13 -6 -9
8 53 50 73 65 22 49 6 46 78 64 -20 -19 -15 -3 -16 -16 -15 -13 -19 -16 -13 -13 -17 -12 -4 -17 -3 -19 -15 -2
9 40 23 94 91 86 66 92 86 43 70 -5 -2 -5 -10 -3 -20 -9 -5 -4 -10 -16 -4 -18 -12 -8 -1 -7 -14 -4 -11
10 44 24 96 4 74 86 90 74 67 100 -5 -5 -10 -14 -19 -7 -11 -16 -20 -13 -8 -14 -4 -10 -19 -10 -16 -10 -9 -1
11 79 55 81 45 89 68 49 41 60 42 -3 -20 -4 -9 -9 -10 -5 -9 -8 -19 -15 -7 -12 -16 -7 -12 -19 -13 -14 -7
12 58 14 63 12 34 93 72 33 90 6 -19 -2 -4 -5 -7 -4 -6 -15 -7 -5 -13 -15 -14 -9 -7 -1 -2 -18 -6 -19
13 32 15 67 52 3 50 60 24 78 96 -20 -15 -7 -8 -13 -16 -20 -19 -1 -5 -5 -17 -10 -15 -11 -15 -6 -19 -12 -10
14 65 28 1 10 85 79 59 82 90 77 -4 -10 -9 -14 -20 -14 -19 -9 -13 -16 -2 -4 -15 -2 -20 -1 -9 -17 -15 -13
15 87 27 64 93 19 52 78 11 75 73 -1 -19 -16 -16 -7 -9 -12 -1 -15 -5 -13 -11 -7 -10 -9 -12 -1 -18 -4 -19
16 21 13 70 73 9 41 19 87 89 99 -17 -12 -15 -4 -9 -7 -10 -19 -12 -13 -20 -6 -8 -11 -11 -19 -13 -17 -19 -4
17 17 19 99 53 9 85 33 36 36 36 -15 -3 -2 -3 -17 -12 -14 -2 -3 -11 -17 -1 -1 -20 -14 -20 -11 -15 -1 -8
18 22 21 71 86 5 28 22 19 78 13 -11 -4 -15 -13 -2 -5 -12 -9 -18 -19 -20 -7 -20 -2 -19 -12 -5 -11 -17 -7
19 99 98 52 89 95 63 15 7 1 7 -17 -11 -9 -10 -19 -13 -16 -19 -15 -12 -18 -8 -10 -18 -3 -17 -17 -13 -9 -20
20 56 8 43 7 47 97 40 88 27 33 -20 -1 -4 -10 -12 -4 -19 -14 -2 -5 -10 -6 -11 -5 -9 -6 -13 -2 -7 -8
21 49 55 35 82 36 45 56 57 66 96 -9 -19 -2 -10 -13 -15 -17 -18 -20 -15 -9 -17 -2 -8 -15 -8 -7 -5 -7 -3
22 90 75 13 45 71 33 61 100 58 65 -15 -19 -4 -9 -10 -17 -3 -16 -19 -2 -19 -3 -10 -9 -16 -13 -2 -17 -9 -20
23 21 92 76 63 68 46 49 38 40 72 -11 -5 -13 -8 -5 -12 -11 -4 -10 -8 -17 -3 -19 -11 -11 -1 -17 -12 -7 -16
24 3 57 48 62 30 69 25 22 64 43 -10 -10 -3 -5 -7 -17 -15 -15 -20 -18 -9 -16 -3 -7 -5 -19 -12 -11 -11 -17
25 78 27 82 85 67 33 43 12 51 20 -19 -18 -15 -7 -4 -10 -17 -14 -5 -3 -4 -2 -9 -5 -18 -5 -17 -7 -13 -15
26 39 12 25 94 61 14 96 79 41 79 -13 -8 -11 -6 -16 -2 -9 -20 -12 -16 -20 -6 -18 -12 -8 -15 -13 -7 -13 -16
27 92 70 79 2 59 82 22 73 27 53 -12 -14 -5 -8 -14 -18 -14 -5 -15 -20 -18 -6 -16 -8 -17 -16 -11 -16 -17 -4
28 42 59 55 74 24 52 92 31 94 24 -11 -19 -18 -19 -17 -4 -4 -5 -10 -19 -7 -15 -17 -12 -15 -17 -11 -19 -13 -4
29 71 65 64 52 42 11 96 88 68 37 -6 -15 -19 -19 -13 -15 -8 -14 -3 -13 -3 -1 -1 -6 -19 -5 -18 -7 -13 -3
30 61 92 17 19 9 23 85 63 39 34 -15 -16 -9 -11 -9 -16 -9 -10 -16 -11 -13 -18 -19 -12 -16 -6 -4 -14 -17 -17
31 30 69 95 35 41 79 50 78 42 62 -11 -4 -3 -6 -17 -20 -20 -18 -6 -12 -9 -3 -3 -6 -3 -16 -16 -16 -14 -8
32 13 7 79 25 95 70 40 1 27 8 -13 -12 -6 -18 -6 -16 -1 -9 -2 -5 -3 -16 -18 -11 -8 -16 -11 -6 -19 -18
33 78 78 14 73 33 11 93 48 79 89 -2 -12 -19 -1 -8 -10 -4 -9 -9 -15 -9 -19 -8 -2 -8 -19 -18 -20 -6 -10
34 88 76 88 62 69 89 67 79 21 84 -11 -3 -8 -7 -16 -4 -2 -18 -4 -6 -4 -8 -17 -9 -18 -6 -7 -10 -10 -2
35 22 92 46 27 24 82 82 27 58 27 -18 -3 -16 -17 -19 -8 -6 -8 -8 -10 -5 -10 -19 -15 -1 -2 -4 -15 -2 -8
36 64 74 96 50 81 59 88 24 30 73 -16 -19 -19 -15 -16 -3 -1 -19 -8 -4 -10 -5 -9 -4 -10 -8 -7 -8 -7 -19
37 10 63 58 51 43 10 3 91 70 62 -15 -2 -12 -4 -2 -4 -4 -8 -6 -7 -13 -17 -14 -12 -10 -10 -14 -10 -15 -11
38 39 12 37 75 56 50 28 61 25 100 -11 -6 -15 -17 -17 -20 -11 -6 -8 -13 -9 -14 -11 -15 -1 -18 -11 -1 -7 -15
39 87 86 87 87 30 25 13 72 60 31 -3 -6 -2 -12 -14 -11 -6 -16 -3 -14 -15 -18 -18 -17 -4 -10 -1 -6 -7 -18
40 42 96 47 66 58 72 72 87 47 44 -13 -16 -4 -4 -20 -19 -15 -4 -15 -11 -20 -4 -12 -19 -8 -15 -9 -8 -5 -15
41 95 86 79 15 45 22 2 66 80 54 -19 -6 -6 -2 -12 -2 -9 -17 -8 -18 -16 -2 -18 -9 -2 -12 -10 -1 -7 -2
42 76 63 91 45 65 82 35 91 65 7 -4 -17 -20 -13 -8 -1 -6 -6 -7 -5 -4 -5 -16 -12 -7 -14 -13 -15 -8 -19
43 22 54 60 94 10 4 90 77 96 36 -20 -3 -16 -20 -3 -12 -1 -8 -14 -5 -5 -13 -10 -12 -5 -19 -16 -1 -3 -17
44 35 63 37 68 5 83 68 25 82 87 -14 -14 -17 -13 -6 -16 -17 -2 -6 -5 -10 -12 -15 -15 -18 -2 -8 -6 -7 -16
45 3 79 1 74 1 27 8 20 90 71 -9 -14 -14 -17 -4 -11 -18 -7 -20 -9 -12 -11 -12 -11 -18 -14 -15 -12 -9 -1
46 91 57 76 35 17 12 24 79 82 30 -15 -19 -18 -18 -14 -13 -13 -7 -3 -7 -10 -18 -19 -4 -1 -11 -6 -16 -2 -6
47 15 100 77 19 26 100 24 85 40 25 -5 -5 -17 -18 -4 -1 -2 -1 -3 -18 -18 -9 -15 -18 -1 -12 -2 -17 -5 -6
48 27 60 67 39 33 88 8 66 40 18 -2 -10 -12 -20 -13 -18 -7 -5 -10 -17 -20 -20 -10 -5 -6 -14 -20 -13 -1 -5
49 49 16 77 18 26 7 81 12 14 26 -2 -2 -16 -9 -10 -16 -9 -2 -7 -5 -17 -10 -5 -14 -7 -10 -3 -16 -16 -17
50 37 18 30 43 39 56 98 55 82 70 -12 -2 -16 -11 -5 -11 -16 -17 -16 -18 -3 -10 -13 -16 -15 -1 -19 -20 -11 -20
51 6 48 9 94 19 75 46 4 25 47 -8 -12 -13 -9 -19 -17 -2 -9 -17 -9 -4 -3 -11 -8 -19 -5 -20 -12 -6 -2
52 100 86 15 16 75 91 57 81 66 13 -9 -15 -12 -13 -2 -4 -3 -9 -20 -14 -18 -13 -11 -15 -15 -7 -10 -11 -17 -20
53 25 59 64 97 81 65 68 57 62 26 -16 -11 -18 -12 -20 -13 -13 -14 -17 -10 -14 -17 -13 -19 -7 -7 -3 -11 -1 -13
54 54 71 97 100 86 32 27 31 9 91 -5 -7 -18 -17 -7 -3 -20 -12 -15 -11 -18 -12 -7 -17 -8 -8 -2 -2 -19 -5
55 44 87 49 67 26 52 60 15 92 39 -5 -9 -16 -7 -15 -19 -10 -20 -13 -9 -5 -10 -5 -3 -9 -9 -16 -17 -5 -19
56 98 61 70 25 66 7 28 37 96 97 -9 -13 -13 -17 -7 -15 -9 -18 -2 -13 -11 -4 -3 -17 -2 -13 -7 -19 -13 -20
57 45 46 45 100 78 47 96 63 63 36 -4 -14 -9 -19 -13 -10 -2 -15 -17 -15 -7 -20 -4 -17 -20 -2 -14 -4 -6 -6
58 28 22 17 64 86 7 69 81 71 54 -4 -5 -7 -8 -2 -11 -14 -15 -1 -12 -16 -8 -13 -19 -14 -16 -15 -6 -17 -11
59 63 58 57 47 52 44 82 48 7 46 -4 -9 -11 -5 -15 -8 -5 -11 -1 -5 -15 -3 -13 -10 -17 -2 -14 -17 -8 -10
60 41 44 16 10 91 93 43 51 19 10 -4 -2 -10 -12 -10 -3 -14 -8 -3 -13 -20 -1 -6 -15 -3 -17 -12 -6 -14 -16
61 47 93 75 39 74 59 35 36 23 20 -17 -17 -1 -14 -5 -11 -8 -7 -19 -15 -7 -19 -12 -19 -13 -11 -20 -8 -4 -6
62 88 72 61 90 20 67 12 30 95 24 -3 -19 -14 -1 -5 -15 -18 -4 -4 -10 -19 -3 -14 -9 -10 -20 -8 -9 -13 -3
63 36 36 70 34 95 52 84 46 49 71 -9 -17 -9 -6 -7 -5 -9 -19 -15 -18 -20 -14 -4 -18 -7 -20 -3 -19 -11 -2
64 39 3 48 53 47 64 72 47 97 99 -19 -9 -10 -7 -19 -19 -14 -8 -13 -16 -17 -1 -3 -12 -11 -14 -13 -15 -13 -20
65 98 98 80 40 61 89 17 88 60 62 -13 -9 -7 -16 -18 -8 -2 -2 -11 -20 -13 -7 -3 -18 -4 -9 -18 -17 -9 -12
66 75 90 5 57 50 41 37 35 28 58 -14 -1 -11 -13 -9 -5 -5 -18 -13 -13 -2 -12 -17 -1 -9 -6 -6 -6 -8 -5
67 77 96 44 60 91 16 39 84 70 32 -5 -16 -14 -1 -18 -18 -16 -5 -1 -10 -11 -15 -14 -6 -8 -8 -17 -2 -11 -13
68 6 15 59 84 74 73 87 47 85 32 -20 -6 -1 -9 -12 -13 -12 -5 -15 -8 -18 -4 -19 -2 -9 -18 -5 -13 -1 -11
69 83 42 36 56 65 86 43 29 2 59 -16 -6 -10 -2 -11 -19 -8 -3 -20 -11 -14 -1 -10 -1 -2 -6 -15 -8 -5 -1
70 24 40 76 56 59 15 28 13 14 72 -12 -13 -19 -16 -9 -4 -1 -2 -17 -17 -9 -10 -16 -3 -12 -14 -10 -1 -12 -6
71 5 47 74 67 42 54 61 60 92 87 -1 -1 -8 -3 -1 -3 -10 -1 -10 -2 -14 -6 -17 -1 -12 -3 -13 -8 -6 -18
72 23 67 37 7 20 38 77 46 49 36 -11 -11 -1 -12 -19 -13 -18 -20 -15 -12 -16 -4 -9 -16 -4 -3 -16 -3 -7 -9
73 94 98 27 61 36 72 25 97 17 46 -20 -17 -15 -4 -11 -6 -7 -4 -19 -1 -5 -10 -2 -17 -2 -4 -3 -16 -20 -13
74 80 55 74 46 42 90 40 21 44 91 -1 -18 -13 -12 -12 -6 -13 -19 -3 -2 -1 -8 -14 -17 -13 -6 -1 -17 -12 -9
75 75 85 84 41 41 28 44 51 4 57 -10 -14 -20 -18 -1 -12 -20 -5 -12 -8 -18 -10 -7 -11 -3 -2 -11 -5 -7 -17
76 1 57 50 81 62 26 82 29 27 89 -9 -8 -10 -17 -8 -4 -3 -3 -3 -19 -10 -10 -3 -8 -2 -4 -20 -8 -15 -9
77 59 34 72 97 79 19 23 85 79 74 -20 -13 -3 -14 -9 -3 -7 -20 -8 -17 -2 -16 -18 -8 -10 -3 -13 -12 -20 -3
78 99 76 26 34 58 34 70 78 29 51 -4 -16 -20 -5 -15 -3 -15 -20 -20 -5 -11 -19 -17 -13 -15 -15 -6 -16 -20 -17
79 27 12 17 82 52 100 18 55 46 67 -11 -20 -18 -20 -18 -16 -19 -17 -15 -13 -9 -14 -3 -4 -1 -16 -1 -3 -19 -7
80 77 18 86 72 87 39 94 21 57 87 -9 -20 -8 -4 -9 -12 -4 -8 -1 -16 -19 -17 -9 -3 -20 -16 -17 -16 -1 -14
81 85 7 99 54 11 66 69 60 19 21 -19 -7 -19 -3 -18 -14 -3 -18 -12 -16 -4 -9 -11 -8 -17 -9 -15 -15 -16 -16
82 17 54 56 66 9 20 59 94 40 83 -2 -18 -2 -7 -6 -6 -11 -16 -12 -6 -15 -8 -12 -4 -16 -1 -1 -20 -5 -18
83 80 22 24 81 10 25 86 67 69 5 -4 -11 -14 -13 -2 -15 -13 -7 -16 -2 -7 -1 -13 -11 -20 -11 -3 -13 -3 -16
84 52 81 9 22 25 55 1 84 49 46 -20 -13 -3 -13 -6 -2 -14 -5 -6 -12 -17 -3 -7 -13 -20 -2 -3 -14 -1 -14
85 75 68 88 93 93 23 54 13 91 67 -20 -1 -19 -15 -11 -3 -14 -10 -9 -14 -3 -10 -10 -9 -14 -8 -1 -5 -11 -7
86 85 44 44 79 65 55 57 4 38 96 -20 -14 -15 -9 -1 -8 -4 -7 -1 -18 -12 -19 -7 -3 -8 -16 -8 -11 -4 -9
87 65 22 40 4 38 71 70 87 43 82 -1 -20 -9 -3 -9 -20 -7 -13 -6 -8 -16 -8 -19 -1 -5 -19 -10 -5 -11 -12
88 71 40 74 17 51 62 20 57 44 3 -19 -7 -10 -11 -20 -2 -16 -13 -1 -10 -18 -14 -16 -8 -3 -8 -14 -3 -1 -10
89 89 88 77 3 64 69 66 15 71 52 -1 -9 -13 -5 -6 -10 -5 -7 -7 -14 -1 -18 -16 -7 -11 -7 -11 -17 -5 -14
90 32 88 7 73 12 43 25 98 14 22 -10 -7 -4 -10 -13 -13 -6 -13 -5 -16 -19 -6 -16 -16 -17 -10 -3 -8 -8 -18
91 87 72 27 100 54 37 42 77 40 2 -4 -13 -19 -5 -1 -12 -2 -3 -6 -14 -20 -8 -1 -18 -1 -8 -10 -11 -14 -14
92 97 25 46 85 78 25 96 60 83 1 -1 -10 -18 -11 -9 -18 -3 -20 -8 -5 -17 -7 -20 -3 -9 -11 -9 -9 -1 -19
93 40 23 23 28 66 17 83 55 18 84 -18 -8 -3 -10 -11 -11 -7 -1 -17 -11 -5 -9 -12 -8 -12 -13 -14 -6 -14 -4
94 54 29 58 100 21 76 51 98 96 53 -10 -17 -16 -16 -14 -7 -12 -4 -13 -15 -7 -7 -2 -15 -8 -18 -14 -8 -12 -17
95 53 70 69 67 2 26 79 3 31 78 -5 -5 -5 -3 -4 -11 -3 -20 -11 -8 -17 -17 -9 -2 -7 -15 -15 -13 -18 -18
96 81 98 54 46 59 48 92 6 1 71 -13 -8 -10 -8 -7 -7 -15 -1 -13 -5 -17 -17 -13 -18 -8 -16 -3 -15 -7 -6
97 10 36 63 83 30 15 7 52 83 64 -11 -20 -16 -11 -3 -6 -7 -20 -8 -3 -19 -6 -6 -3 -10 -4 -1 -11 -18 -14
98 79 20 12 85 81 60 7 78 42 69 -11 -20 -11 -19 -1 -11 -20 -18 -11 -16 -19 -1 -13 -5 -11 -11 -14 -20 -13 -1
99 93 37 23 75 29 22 14 83 80 46 -14 -3 -18 -18 -1 -6 -14 -12 -6 -19 -5 -12 -4 -9 -16 -8 -17 -13 -20 -7
