5 100
1052.6000000000001 909.0 1114.6000000000001 1035.8 973.4000000000001
0 4 36 14 78 72 49 80 6 52 79 -19 -14 -20 -16 -6 -11 -16 -9 -4 -10 -6 -5 -12 -11 -4 -19 -3 -8 -7 -20
1 11 91 2 32 69 2 6 81 96 62 -18 -2 -13 -17 -12 -19 -10 -13 -12 -10 -3 -1 -15 -2 -2 -2 -19 -1 -18 -1
2 97 26 42 1 21 79 93 69 66 54 -7 -15 -8 -16 -2 -9 -8 -3 -19 -8 -9 -7 -13 -4 -11 -19 -16 -10 -16 -11
3 71 97 14 95 45 46 72 69 70 23 -15 -2 -18 -4 -9 -6 -17 -12 -4 -14 -17 -19 -19 -15 -11 -15 -18 -15 -18 -9
4 69 3 13 1 61 59 73 90 74 48 -15 -2 -9 -3 -9 -16 -11 -18 -9 -3 -14 -20 -2 -14 -13 -10 -6 -15 -13 -19
5 68 85 77 59 72 37 25 90 95 9 -13 -14 -10 -20 -6 -19 -7 -12 -12 -5 -6 -2 -8 -13 -18 -11 -18 -20 -3 -1
6 1 19 8 2 53 60 26 66 22 86 -8 -8 -19 -7 -16 -9 -8 -19 -2 -4 -16 -16 -2 -9 -15 -2 -20 -20 -9 -17
7 73 89 43 87 77 10 42 63 8 18 -17 -8 -19 -6 -19 -19 -20 -19 -7 -7 -18 -10 -13 -2 -7 -8 -6 -18 -1 -1
8 79 61 22 41 37 52 34 2 98 80 -6 -4 -15 -14 -3 -8 -1 -9 -19 -3 -11 -19 -13 -11 -12 -12 -2 -11 -6 -11
9 70 60 87 47 11 12 33 59 53 73 -11 -14 -6 -17 -8 -17 -4 -8 -11 -14 -17 -2 -7 -10 -4 -1 -15 -16 -18 -8
10 71 85 14 17 98 50 83 82 51 22 -18 -10 -8 -12 -8 -17 -7 -5 -8 -12 -15 -7 -12 -14 -14 -16 -7 -2 -7 -18
11 34 88 29 62 99 8 32 8 84 14 -5 -14 -11 -6 -16 -19 -2 -10 -13 -7 -8 -18 -10 -14 -13 -17 -12 -1 -16 -7
12 33 85 64 26 76 27 78 70 36 84 -8 -12 -1 -12 -2 -12 -2 -17 -4 -3 -7 -15 -13 -18 -6 -18 -4 -9 -7 -12
13 47 80 11 65 53 78 6 8 21 38 -11 -11 -8 -15 -4 -1 -10 -6 -16 -14 -18 -18 -10 -8 -6 -18 -20 -19 -9 -12
14 91 85 93 63 84 80 57 27 84 41 -11 -5 -6 -9 -4 -20 -8 -16 -8 -6 -4 -7 -8 -10 -1 -12 -20 -8 -17 -1
15 4 8 28 1 2 69 69 11 88 17 -7 -18 -5 -4 -20 -5 -20 -10 -15 -11 -20 -4 -10 -17 -12 -19 -13 -13 -18 -1
16 70 91 18 39 74 94 70 79 42 4 -20 -3 -6 -14 -20 -14 -12 -18 -4 -3 -6 -20 -15 -4 -1 -5 -18 -20 -5 -9
17 1 20 31 11 64 98 10 69 86 36 -3 -19 -1 -18 -3 -8 -17 -8 -13 -4 -7 -4 -2 -1 -14 -9 -8 -17 -19 -2
18 87 14 16 1 68 71 23 69 50 53 -15 -5 -17 -16 -9 -20 -12 -19 -5 -9 -7 -13 -8 -16 -12 -18 -9 -15 -5 -2
19 98 80 90 3 71 86 2 41 20 83 -12 -15 -14 -18 -7 -18 -8 -3 -11 -20 -6 -19 -13 -18 -4 -7 -17 -18 -7 -15
20 82 100 57 80 76 92 48 44 15 42 -8 -14 -8 -18 -6 -14 -15 -19 -13 -4 -18 -8 -16 -5 -8 -19 -11 -20 -15 -20
21 39 16 43 70 98 56 98 35 38 96 -8 -6 -16 -3 -7 -14 -5 -1 -13 -19 -6 -11 -12 -8 -7 -8 -19 -17 -3 -17
22 47 3 16 74 78 90 67 68 49 19 -8 -4 -16 -2 -6 -7 -2 -12 -3 -10 -4 -3 -4 -12 -10 -8 -10 -12 -14 -11
23 28 18 75 6 26 86 100 85 62 72 -13 -1 -20 -6 -16 -7 -10 -10 -6 -15 -14 -7 -13 -6 -20 -7 -2 -16 -1 -15
24 55 53 46 45 16 92 63 68 39 46 -2 -10 -8 -18 -17 -1 -1 -12 -17 -15 -2 -4 -8 -17 -14 -12 -5 -1 -12 -1
25 55 100 85 64 100 43 36 42 74 61 -2 -11 -12 -8 -9 -17 -7 -16 -3 -18 -13 -10 -18 -7 -19 -2 -7 -2 -1 -18
26 21 2 36 45 70 89 47 60 85 45 -2 -15 -4 -19 -8 -14 -13 -4 -4 -18 -19 -8 -18 -6 -9 -8 -11 -6 -10 -4
27 94 37 67 99 61 87 27 66 52 24 -6 -20 -1 -14 -8 -2 -10 -10 -19 -20 -19 -20 -14 -3 -8 -8 -7 -16 -2 -1
28 55 20 3 26 37 98 37 71 37 74 -18 -9 -16 -11 -14 -3 -16 -20 -9 -13 -15 -4 -13 -6 -10 -14 -4 -1 -7 -10
29 71 73 5 43 6 20 6 30 31 56 -1 -10 -19 -19 -14 -9 -18 -12 -13 -6 -11 -15 -6 -6 -9 -4 -17 -19 -1 -4
30 10 78 96 5 73 22 59 80 3 55 -12 -2 -11 -18 -15 -9 -7 -2 -11 -6 -18 -4 -14 -2 -19 -13 -8 -11 -18 -1
31 78 43 18 57 7 83 43 90 63 62 -2 -20 -16 -18 -15 -1 -12 -14 -13 -10 -2 -10 -7 -8 -19 -12 -4 -15 -10 -10
32 37 79 30 6 75 95 60 52 75 18 -9 -17 -13 -15 -17 -5 -20 -10 -19 -7 -4 -18 -11 -9 -16 -9 -5 -20 -2 -16
33 66 55 97 63 16 12 7 100 55 21 -19 -5 -19 -17 -9 -19 -8 -13 -6 -3 -10 -5 -17 -14 -2 -19 -19 -14 -3 -20
34 17 26 13 91 24 35 2 52 48 80 -1 -13 -1 -19 -19 -1 -14 -15 -4 -20 -8 -9 -19 -11 -16 -15 -18 -16 -20 -3
35 47 75 35 40 6 42 54 87 18 31 -12 -5 -10 -12 -4 -12 -14 -2 -12 -5 -14 -17 -5 -5 -18 -8 -5 -10 -17 -7
36 41 23 89 7 53 74 49 28 4 20 -17 -13 -14 -19 -14 -7 -13 -2 -17 -15 -5 -1 -4 -10 -10 -7 -2 -15 -6 -8
37 21 48 34 77 39 31 41 68 27 25 -11 -8 -7 -10 -17 -19 -15 -10 -16 -19 -6 -8 -19 -12 -16 -15 -11 -16 -16 -15
38 77 35 27 85 18 47 71 17 97 26 -1 -12 -16 -1 -6 -18 -10 -5 -10 -7 -12 -5 -2 -17 -5 -18 -12 -17 -16 -17
39 58 56 84 79 8 71 28 3 67 54 -17 -17 -6 -11 -4 -1 -5 -2 -18 -14 -9 -10 -4 -20 -8 -13 -11 -9 -17 -9
40 66 90 30 67 20 49 90 21 45 17 -16 -13 -2 -6 -5 -20 -14 -2 -19 -1 -20 -5 -6 -6 -14 -15 -2 -20 -9 -17
41 44 99 12 21 12 44 99 69 57 28 -3 -4 -15 -11 -15 -7 -12 -10 -10 -9 -8 -19 -14 -10 -4 -7 -15 -7 -8 -16
42 56 18 88 59 33 94 62 24 99 63 -8 -19 -14 -4 -19 -9 -10 -14 -8 -10 -14 -15 -2 -19 -9 -7 -8 -19 -2 -9
43 60 72 26 84 16 89 79 73 6 24 -6 -1 -3 -4 -20 -2 -13 -13 -12 -17 -3 -6 -7 -5 -6 -3 -16 -12 -15 -1
44 14 54 82 61 21 32 48 72 64 24 -7 -4 -8 -3 -4 -16 -1 -19 -6 -10 -6 -17 -11 -8 -6 -18 -1 -13 -20 -11
45 16 76 91 30 46 73 25 18 51 21 -10 -10 -1 -17 -4 -4 -11 -16 -1 -13 -13 -8 -6 -19 -20 -17 -11 -17 -2 -17
46 92 77 25 68 65 16 48 67 95 76 -14 -20 -6 -7 -14 -17 -7 -13 -2 -17 -8 -6 -7 -12 -11 -8 -5 -11 -1 -3
47 2 8 46 6 47 77 40 73 69 12 -14 -16 -1 -9 -13 -1 -14 -1 -7 -1 -13 -16 -11 -8 -20 -14 -8 -8 -1 -17
48 95 91 29 33 40 50 93 80 15 6 -5 -3 -17 -2 -5 -12 -12 -6 -12 -11 -19 -6 -5 -12 -5 -19 -20 -3 -16 -15
49 99 51 31 80 75 37 55 33 72 66 -12 -20 -18 -17 -15 -15 -5 -15 -6 -9 -1 -6 -11 -11 -8 -16 -13 -17 -18 -13
50 10 63 64 14 24 67 47 71 45 62 -11 -18 -12 -9 -14 -16 -10 -20 -19 -13 -11 -15 -16 -7 -4 -20 -4 -19 -8 -17
51 34 18 8 31 70 18 50 76 97 54 -16 -10 -6 -18 -17 -1 -13 -8 -16 -4 -14 -11 -17 -10 -2 -9 -19 -8 -12 -1
52 5 95 66 3 97 87 34 23 71 26 -14 -13 -15 -8 -3 -9 -19 -2 -12 -15 -3 -19 -6 -7 -20 -3 -2 -5 -13 -7
53 37 68 3 2 68 89 33 23 84 50 -6 -17 -17 -4 -4 -16 -20 -20 -19 -12 -13 -18 -4 -8 -12 -7 -5 -12 -16 -12
54 84 79 25 27 99 78 92 32 9 69 -19 -20 -13 -19 -3 -9 -5 -12 -17 -16 -20 -4 -8 -8 -16 -18 -13 -10 -2 -18
55 9 65 82 61 24 85 19 19 56 53 -12 -1 -14 -1 -12 -9 -8 -1 -19 -2 -18 -10 -3 -20 -14 -19 -19 -8 -12 -7
56 8 14 74 84 99 70 32 54 15 22 -14 -19 -2 -19 -3 -1 -4 -18 -6 -3 -10 -8 -14 -4 -2 -16 -8 -19 -5 -9
57 66 100 11 11 51 47 68 75 1 45 -10 -2 -2 -7 -20 -20 -3 -14 -2 -15 -14 -15 -18 -13 -19 -9 -2 -19 -11 -16
58 85 44 50 14 7 43 3 51 56 63 -12 -19 -4 -12 -7 -16 -11 -18 -12 -18 -7 -16 -17 -20 -3 -20 -17 -15 -13 -9
59 2 92 67 46 42 73 38 32 25 22 -12 -12 -8 -11 -14 -19 -14 -7 -7 -12 -6 -18 -2 -10 -10 -19 -2 -7 -17 -20
60 86 17 11 47 1 53 52 80 91 86 -4 -12 -12 -2 -10 -5 -14 -7 -18 -19 -20 -2 -7 -9 -10 -16 -7 -2 -18 -2
61 48 71 81 78 81 90 17 14 29 16 -10 -3 -15 -10 -19 -6 -4 -6 -11 -12 -15 -1 -1 -20 -15 -11 -13 -6 -4 -18
62 100 45 23 21 76 22 57 6 39 32 -13 -5 -18 -10 -16 -12 -8 -5 -8 -6 -18 -14 -1 -4 -17 -14 -7 -4 -2 -7
63 17 52 31 40 3 40 10 54 37 94 -14 -4 -19 -20 -1 -1 -4 -6 -12 -8 -4 -18 -12 -13 -19 -15 -19 -20 -20 -9
64 94 11 47 11 99 85 5 9 45 52 -1 -8 -4 -10 -10 -7 -4 -11 -7 -7 -13 -6 -20 -12 -11 -19 -1 -19 -8 -6
65 41 26 54 100 42 2 51 50 64 83 -5 -2 -6 -8 -6 -19 -19 -9 -19 -6 -17 -9 -2 -17 -7 -16 -8 -19 -12 -17
66 45 37 14 97 40 70 32 62 17 29 -15 -18 -17 -6 -1 -15 -9 -12 -3 -15 -13 -4 -6 -1 -18 -10 -1 -3 -16 -3
67 14 36 40 6 34 12 33 28 94 31 -11 -1 -2 -3 -8 -13 -4 -13 -15 -2 -19 -1 -20 -17 -18 -7 -14 -8 -1 -14
68 73 84 87 61 56 62 40 49 64 5 -7 -1 -18 -9 -8 -16 -2 -3 -13 -15 -4 -4 -17 -17 -15 -2 -3 -5 -19 -5
69 39 16 58 4 88 96 3 29 55 40 -20 -17 -5 -5 -16 -15 -11 -11 -11 -7 -17 -18 -16 -12 -17 -4 -19 -9 -10 -3
70 36 77 35 71 41 45 89 63 94 39 -3 -4 -12 -6 -6 -2 -11 -17 -13 -18 -1 -2 -8 -2 -12 -11 -20 -12 -18 -11
71 39 19 84 85 72 41 18 86 79 51 -14 -16 -6 -9 -5 -7 -20 -19 -20 -12 -3 -14 -16 -2 -10 -14 -5 -20 -17 -20
72 85 19 46 65 22 64 39 62 61 20 -2 -4 -8 -1 -16 -17 -14 -2 -5 -1 -13 -1 -9 -12 -13 -12 -15 -4 -11 -17
73 56 9 17 1 36 14 69 39 24 96 -13 -15 -18 -4 -20 -4 -6 -8 -13 -20 -6 -6 -3 -11 -16 -17 -11 -9 -5 -13
74 64 15 83 76 71 4 55 93 50 42 -2 -2 -15 -18 -2 -17 -3 -5 -10 -6 -1 -3 -12 -11 -10 -18 -1 -17 -5 -5
75 42 83 83 39 40 88 64 37 77 72 -15 -7 -18 -6 -18 -1 -12 -20 -13 -16 -13 -9 -18 -1 -8 -10 -9 -16 -7 -18
76 63 61 13 71 8 25 87 20 61 19 -6 -15 -9 -10 -12 -17 -4 -9 -7 -12 -18 -8 -9 -2 -4 -5 -8 -16 -7 -10
77 78 94 2 91 82 75 35 39 48 51 -6 -11 -12 -10 -4 -19 -6 -20 -12 -17 -11 -16 -12 -16 -12 -17 -19 -18 -13 -10
78 1 49 1 25 80 12 5 68 75 90 -5 -8 -19 -4 -18 -2 -10 -8 -20 -8 -15 -13 -16 -18 -3 -9 -16 -17 -4 -18
79 26 10 36 48 91 82 50 14 14 17 -10 -5 -17 -17 -15 -12 -9 -5 -13 -8 -1 -13 -17 -6 -9 -20 -2 -12 -14 -11
80 76 68 14 98 91 61 63 86 61 92 -4 -9 -17 -6 -9 -3 -8 -4 -6 -16 -1 -6 -2 -14 -10 -16 -5 -18 -12 -13
81 42 48 6 11 20 10 91 46 52 98 -13 -14 -13 -8 -18 -16 -14 -15 -10 -20 -8 -19 -16 -16 -8 -9 -3 -9 -19 -20
82 63 80 16 54 7 65 64 64 34 76 -19 -17 -19 -17 -11 -18 -4 -8 -15 -5 -5 -18 -1 -6 -9 -19 -15 -6 -19 -1
83 19 42 47 37 22 53 77 54 9 40 -8 -15 -16 -6 -17 -4 -10 -16 -19 -20 -10 -1 -7 -5 -11 -1 -11 -12 -8 -10
84 20 11 100 58 66 82 24 20 73 54 -12 -12 -18 -18 -2 -14 -10 -9 -12 -19 -10 -2 -14 -11 -12 -8 -17 -11 -12 -5
85 63 94 81 93 68 59 54 93 8 91 -4 -4 -10 -19 -10 -3 -19 -1 -8 -7 -8 -11 -6 -19 -14 -7 -12 -2 -6 -5
86 9 7 40 29 75 74 69 78 30 94 -1 -16 -12 -13 -16 -20 -10 -10 -20 -2 -10 -3 -2 -12 -8 -15 -1 -2 -19 -7
87 71 18 56 14 27 89 18 90 90 30 -15 -18 -13 -13 -18 -6 -10 -19 -12 -3 -14 -5 -3 -6 -3 -7 -11 -18 -5 -14
88 12 9 91 30 64 26 86 4 35 15 -7 -16 -1 -4 -4 -17 -5 -6 -4 -5 -6 -17 -7 -4 -14 -1 -14 -11 -5 -2
89 4 68 13 75 88 27 40 27 78 37 -10 -7 -13 -14 -7 -13 -18 -1 -5 -14 -6 -11 -6 -17 -16 -12 -8 -15 -17 -17
90 89 94 8 20 24 58 93 95 13 4 -8 -13 -19 -18 -8 -1 -5 -6 -15 -17 -5 -1 -15 -9 -14 -16 -19 -8 -14 -3
91 91 57 22 34 47 63 74 6 70 67 -17 -7 -15 -2 -16 -10 -5 -14 -18 -3 -6 -14 -14 -6 -11 -11 -11 -12 -12 -10
92 40 53 99 83 4 45 47 83 54 93 -19 -1 -1 -7 -11 -4 -19 -7 -12 -5 -17 -12 -8 -12 -6 -5 -1 -9 -16 -6
93 55 44 1 54 58 23 12 100 87 70 -7 -13 -1 -3 -10 -19 -4 -7 -11 -3 -14 -1 -6 -13 -12 -12 -6 -3 -10 -18
94 66 39 33 24 20 69 75 12 30 44 -9 -1 -8 -18 -3 -15 -10 -4 -7 -4 -6 -10 -10 -3 -13 -12 -4 -10 -7 -17
95 70 19 100 75 43 55 77 14 28 75 -10 -18 -18 -4 -13 -8 -10 -1 -7 -18 -17 -16 -3 -16 -19 -9 -2 -20 -9 -7
96 18 70 22 25 48 8 25 8 13 94 -5 -19 -16 -8 -17 -7 -5 -2 -10 -1 -1 -6 -20 -18 -8 -9 -15 -3 -3 -15
97 87 68 64 53 71 18 47 100 95 2 -20 -19 -1 -7 -16 -9 -13 -5 -3 -13 -15 -3 -3 -18 -15 -13 -14 -7 -4 -15
98 72 98 98 10 30 78 23 85 31 75 -10 -10 -4 -19 -9 -17 -4 -6 -2 -19 -8 -4 -9 -10 -18 -15 -18 -4 -10 -5
99 39 28 78 36 11 78 31 21 83 97 -19 -6 -4 -3 -15 -18 -19 -3 -17 -19 -8 -16 -9 -13 -16 -15 -14 -1 -13 -19
