5 100
2561.0 2529.5 2440.5 2895.5 2246.0
0 15 85 93 80 24 60 13 77 83 42 -9 -10 -20 -18 -19 -20 -2 -17 -8 -13 -14 -16 -12 -1 -9 -2 -13 -6 -11 -6
1 34 64 66 99 61 74 1 76 96 54 -5 -10 -19 -11 -6 -8 -15 -19 -2 -14 -18 -16 -15 -17 -20 -10 -5 -3 -10 -2
2 69 7 83 25 52 74 86 2 36 33 -19 -15 -11 -18 -4 -1 -18 -4 -19 -9 -10 -3 -7 -14 -15 -1 -14 -14 -10 -7
3 57 59 64 34 97 15 39 85 29 43 -12 -17 -1 -5 -5 -1 -20 -8 -13 -10 -7 -12 -2 -14 -20 -12 -3 -11 -5 -20
4 84 75 56 61 92 3 96 49 22 15 -15 -2 -14 -9 -14 -3 -8 -4 -5 -2 -12 -6 -13 -7 -15 -6 -13 -8 -8 -19
5 54 35 57 33 68 29 10 99 63 18 -9 -20 -1 -14 -5 -20 -5 -14 -14 -11 -10 -11 -1 -20 -2 -1 -6 -18 -9 -10
6 70 35 78 12 80 47 27 47 58 9 -7 -14 -8 -19 -6 -11 -20 -10 -10 -18 -19 -2 -7 -8 -17 -10 -14 -4 -14 -19
7 49 47 96 38 69 24 89 47 2 15 -8 -11 -13 -2 -5 -6 -14 -19 -4 -1 -20 -6 -3 -12 -19 -19 -13 -3 -7 -1
8 81 78 72 60 43 41 85 90 57 4 -16 -1 -10 -2 -19 -7 -8 -20 -2 -11 -1 -15 -3 -9 -17 -13 -3 -13 -1 -14
9 46 70 45 20 87 52 45 93 98 27 -14 -5 -6 -19 -13 -17 -4 -9 -3 -19 -10 -4 -20 -9 -3 -4 -19 -2 -4 -4
10 1 93 40 80 45 88 86 70 80 37 -15 -10 -13 -20 -14 -11 -6 -19 -16 -11 -18 -5 -9 -12 -12 -10 -1 -14 -18 -2
11 24 37 91 4 70 62 90 24 43 11 -10 -8 -9 -14 -11 -20 -16 -5 -14 -9 -2 -7 -1 -2 -2 -5 -4 -5 -9 -5
12 65 44 14 29 75 84 13 55 60 10 -5 -17 -17 -7 -3 -6 -1 -15 -5 -2 -7 -16 -10 -8 -20 -4 -4 -8 -19 -14
13 44 25 38 55 11 15 64 49 49 21 -7 -14 -19 -6 -11 -16 -8 -17 -9 -12 -1 -13 -5 -15 -4 -8 -19 -1 -7 -19
14 66 27 47 40 26 48 9 38 91 28 -2 -4 -1 -6 -13 -8 -14 -6 -16 -5 -2 -18 -16 -17 -20 -17 -19 -5 -2 -5
15 40 17 52 73 71 5 19 22 58 33 -16 -4 -2 -15 -14 -6 -8 -17 -10 -11 -3 -5 -12 -10 -14 -11 -18 -9 -12 -16
16 18 72 94 76 15 88 32 54 84 87 -12 -16 -1 -12 -12 -11 -11 -15 -10 -13 -7 -8 -20 -15 -14 -8 -18 -13 -16 -15
17 60 34 26 27 99 83 6 3 73 78 -11 -12 -6 -14 -7 -14 -3 -16 -16 -8 -2 -4 -7 -11 -15 -12 -3 -19 -5 -3
18 45 17 23 52 3 82 85 67 6 51 -9 -8 -4 -5 -15 -15 -9 -4 -15 -6 -7 -16 -13 -10 -9 -5 -19 -17 -13 -9
19 97 13 22 98 5 70 20 49 57 10 -8 -18 -19 -10 -8 -19 -19 -14 -14 -11 -14 -15 -10 -11 -2 -13 -3 -18 -20 -17
20 28 42 90 11 77 20 25 48 61 31 -13 -10 -3 -13 -13 -17 -19 -1 -18 -11 -20 -7 -18 -11 -8 -15 -8 -17 -17 -16
21 3 99 40 41 73 44 29 89 80 34 -8 -17 -12 -3 -15 -2 -3 -16 -8 -12 -5 -4 -6 -4 -19 -18 -3 -19 -7 -1
22 84 70 27 7 71 44 84 94 94 12 -13 -19 -17 -16 -12 -13 -18 -2 -3 -11 -5 -3 -8 -12 -3 -1 -10 -19 -3 -1
23 8 94 50 81 61 94 31 59 93 38 -16 -7 -9 -18 -6 -19 -20 -6 -18 -13 -3 -10 -8 -19 -6 -14 -18 -15 -12 -14
24 15 67 72 59 58 57 64 46 54 73 -15 -5 -2 -12 -4 -16 -4 -6 -6 -12 -9 -14 -4 -19 -1 -9 -10 -6 -15 -9
25 27 71 96 4 35 72 79 96 46 93 -1 -10 -9 -9 -12 -20 -4 -15 -16 -8 -19 -3 -10 -15 -3 -14 -17 -14 -15 -8
26 9 76 84 40 51 34 91 61 27 74 -17 -4 -11 -2 -13 -1 -1 -1 -1 -4 -4 -5 -4 -14 -7 -11 -9 -3 -19 -9
27 85 94 39 67 66 76 14 73 33 13 -10 -6 -5 -8 -9 -4 -18 -13 -13 -12 -15 -12 -9 -19 -15 -10 -7 -19 -5 -3
28 66 48 64 7 23 13 90 68 58 26 -8 -9 -7 -16 -7 -13 -18 -7 -10 -8 -19 -19 -14 -6 -16 -8 -1 -10 -2 -2
29 54 3 12 45 64 34 25 77 65 69 -6 -17 -13 -18 -3 -9 -19 -18 -17 -16 -2 -19 -18 -7 -3 -8 -10 -2 -7 -10
30 79 2 16 87 39 54 91 66 67 58 -12 -8 -9 -12 -4 -2 -11 -17 -20 -12 -13 -18 -16 -16 -10 -2 -14 -2 -5 -17
31 14 93 36 76 80 70 79 55 53 8 -4 -13 -16 -11 -9 -4 -8 -1 -14 -12 -18 -5 -19 -17 -11 -14 -1 -12 -4 -12
32 11 95 68 49 3 42 6 28 26 100 -12 -6 -13 -4 -16 -12 -5 -10 -20 -1 -13 -11 -2 -18 -8 -19 -18 -1 -8 -14
33 72 95 97 5 98 19 45 19 1 51 -5 -2 -12 -15 -16 -12 -13 -8 -12 -7 -16 -7 -20 -7 -20 -1 -19 -17 -5 -7
34 94 9 84 77 57 91 86 83 72 33 -8 -9 -9 -3 -8 -12 -17 -8 -4 -13 -1 -20 -16 -18 -15 -18 -16 -9 -17 -1
35 19 11 22 61 98 58 44 52 73 13 -12 -11 -15 -16 -15 -3 -15 -5 -3 -15 -1 -10 -11 -7 -19 -10 -7 -17 -16 -12
36 73 45 20 62 29 76 16 45 34 17 -8 -2 -4 -15 -14 -2 -7 -1 -3 -13 -19 -14 -15 -16 -12 -18 -20 -17 -10 -3
37 72 31 65 85 16 54 51 68 74 96 -14 -9 -3 -18 -13 -13 -18 -16 -12 -16 -5 -12 -17 -13 -2 -4 -18 -14 -1 -8
38 23 25 17 21 84 8 71 81 85 26 -13 -7 -3 -17 -14 -20 -15 -19 -13 -10 -16 -20 -4 -14 -20 -16 -14 -8 -15 -14
39 91 9 71 38 76 50 85 87 56 56 -20 -20 -7 -9 -18 -19 -2 -6 -14 -19 -19 -11 -3 -2 -4 -1 -8 -19 -20 -12
40 9 98 28 93 11 23 1 96 20 18 -4 -19 -9 -20 -9 -19 -14 -13 -15 -13 -12 -17 -19 -18 -17 -15 -20 -8 -18 -14
41 99 85 63 16 52 15 47 88 72 95 -14 -6 -17 -15 -12 -7 -5 -5 -20 -17 -8 -16 -17 -2 -18 -19 -19 -7 -2 -9
42 81 17 96 4 53 13 12 52 97 6 -18 -17 -20 -9 -16 -17 -20 -18 -6 -7 -7 -11 -11 -2 -3 -12 -12 -6 -8 -8
43 79 84 71 40 69 12 68 59 9 6 -11 -13 -13 -9 -10 -3 -3 -4 -20 -2 -11 -12 -16 -6 -15 -13 -15 -12 -17 -3
44 23 90 75 86 41 44 52 91 100 12 -16 -9 -10 -13 -10 -10 -2 -6 -3 -8 -2 -19 -7 -3 -20 -3 -2 -1 -18 -2
45 34 50 23 79 42 17 78 81 49 65 -1 -2 -5 -7 -8 -11 -4 -1 -8 -4 -14 -5 -16 -7 -2 -12 -18 -6 -9 -20
46 6 73 40 79 28 34 17 39 82 69 -10 -18 -11 -13 -13 -15 -20 -9 -19 -7 -9 -6 -19 -17 -15 -2 -20 -14 -9 -12
47 26 38 96 86 40 62 94 1 82 59 -3 -9 -18 -7 -15 -16 -2 -12 -20 -14 -13 -3 -9 -18 -6 -11 -11 -20 -9 -11
48 61 98 7 51 50 9 79 71 95 55 -4 -19 -15 -1 -13 -20 -8 -4 -8 -13 -20 -20 -7 -9 -19 -3 -14 -5 -5 -15
49 60 2 65 72 7 66 76 34 45 16 -5 -12 -5 -19 -1 -6 -15 -19 -11 -5 -13 -8 -1 -5 -12 -19 -15 -5 -16 -17
50 62 85 8 20 27 30 14 84 29 29 -16 -12 -17 -1 -12 -8 -6 -14 -20 -10 -7 -15 -9 -14 -18 -10 -20 -15 -6 -5
51 43 20 40 1 43 85 6 28 53 86 -1 -3 -5 -17 -4 -3 -12 -7 -1 -11 -11 -20 -3 -20 -5 -11 -4 -20 -3 -3
52 30 25 15 59 81 57 93 62 38 66 -12 -14 -3 -8 -8 -7 -20 -14 -17 -19 -19 -9 -16 -6 -12 -4 -10 -13 -11 -3
53 34 88 99 29 92 63 91 4 29 22 -4 -8 -19 -13 -5 -10 -8 -4 -6 -4 -20 -13 -8 -1 -1 -11 -4 -8 -20 -2
54 12 9 68 10 41 61 52 5 6 35 -18 -3 -20 -12 -5 -1 -8 -10 -9 -17 -12 -4 -19 -4 -1 -19 -15 -9 -20 -5
55 62 19 32 66 41 14 19 55 61 40 -19 -3 -10 -12 -14 -3 -19 -18 -6 -1 -5 -9 -14 -1 -17 -11 -11 -4 -14 -10
56 53 99 92 92 79 83 10 81 19 49 -15 -10 -13 -13 -7 -5 -3 -10 -18 -5 -13 -20 -1 -18 -12 -19 -13 -12 -20 -12
57 79 27 3 4 16 90 33 35 91 35 -12 -6 -6 -13 -9 -5 -5 -12 -19 -14 -9 -2 -13 -19 -13 -14 -12 -7 -16 -10
58 15 91 56 21 31 28 34 91 91 38 -1 -16 -11 -18 -11 -20 -13 -12 -10 -6 -8 -18 -15 -4 -13 -2 -14 -8 -17 -14
59 15 41 57 35 63 54 70 73 45 32 -8 -15 -14 -13 -15 -9 -4 -10 -11 -3 -20 -2 -11 -14 -11 -13 -10 -20 -13 -20
60 88 39 34 29 79 50 57 83 87 47 -18 -11 -15 -13 -17 -20 -2 -5 -14 -3 -2 -7 -7 -4 -1 -18 -9 -15 -4 -5
61 17 13 22 36 51 11 83 41 7 56 -4 -20 -15 -17 -12 -9 -20 -9 -2 -13 -1 -1 -8 -10 -5 -20 -18 -6 -13 -18
62 38 90 42 74 5 86 80 90 28 60 -13 -9 -7 -20 -18 -6 -4 -10 -20 -1 -13 -19 -17 -11 -11 -6 -17 -3 -17 -2
63 71 37 54 29 28 69 65 99 79 68 -12 -2 -4 -15 -2 -10 -20 -3 -7 -19 -1 -18 -1 -20 -3 -18 -12 -18 -8 -19
64 98 34 41 3 46 42 30 27 30 45 -9 -3 -9 -15 -14 -1 -19 -3 -18 -19 -6 -19 -7 -15 -4 -3 -19 -11 -3 -10
65 81 85 12 36 15 39 56 65 25 57 -10 -12 -10 -17 -6 -13 -5 -17 -17 -8 -10 -6 -15 -13 -1 -3 -10 -11 -14 -2
66 20 83 34 82 70 12 33 81 11 58 -2 -12 -1 -18 -18 -4 -4 -20 -20 -8 -4 -3 -18 -5 -16 -11 -20 -20 -17 -6
67 30 51 13 93 31 100 60 96 25 55 -8 -14 -2 -6 -15 -20 -11 -15 -20 -5 -20 -15 -12 -11 -15 -4 -7 -12 -9 -19
68 54 82 37 37 66 71 4 90 38 76 -8 -20 -18 -15 -19 -13 -14 -13 -9 -9 -17 -17 -19 -20 -3 -7 -10 -1 -13 -10
69 4 21 20 73 35 76 6 34 56 57 -18 -5 -8 -14 -3 -12 -16 -15 -2 -14 -4 -13 -14 -16 -20 -8 -9 -11 -11 -4
70 68 85 93 56 93 47 13 17 76 71 -14 -8 -17 -16 -1 -10 -12 -19 -11 -17 -18 -14 -15 -16 -20 -13 -6 -17 -8 -3
71 67 36 74 96 6 31 94 35 22 27 -17 -20 -1 -3 -15 -10 -5 -19 -17 -12 -1 -5 -4 -4 -16 -8 -16 -9 -20 -19
72 39 72 81 96 91 26 87 83 35 69 -5 -5 -2 -4 -6 -6 -11 -5 -3 -15 -10 -1 -18 -9 -2 -20 -10 -13 -17 -14
73 34 15 23 92 10 82 8 74 1 90 -9 -10 -10 -4 -16 -7 -8 -14 -10 -11 -1 -8 -13 -19 -20 -8 -14 -9 -5 -1
74 96 72 87 96 66 27 19 78 4 81 -14 -20 -15 -7 -13 -20 -5 -7 -20 -5 -10 -17 -14 -2 -14 -5 -8 -12 -7 -8
75 95 50 56 85 80 49 26 96 26 31 -7 -14 -1 -14 -9 -3 -15 -8 -2 -2 -9 -12 -15 -17 -20 -19 -6 -19 -18 -4
76 75 9 6 99 88 25 77 33 76 63 -1 -3 -2 -11 -20 -17 -5 -18 -11 -7 -14 -16 -11 -9 -19 -13 -5 -11 -19 -12
77 81 81 35 36 31 66 28 96 19 32 -4 -10 -8 -16 -17 -15 -1 -15 -4 -16 -3 -4 -12 -7 -13 -14 -16 -16 -2 -10
78 76 36 75 85 15 69 96 86 51 94 -19 -11 -11 -4 -11 -5 -18 -18 -12 -12 -1 -19 -10 -19 -2 -9 -20 -4 -4 -4
79 73 17 97 57 59 40 28 18 84 52 -12 -18 -10 -4 -17 -6 -19 -15 -11 -7 -1 -17 -19 -19 -18 -17 -2 -4 -12 -19
80 97 96 61 78 7 15 90 89 44 94 -20 -7 -2 -6 -19 -19 -2 -18 -18 -7 -20 -4 -3 -8 -7 -14 -14 -20 -18 -10
81 60 88 34 76 81 34 5 60 97 8 -10 -18 -4 -5 -11 -19 -16 -10 -4 -12 -1 -6 -10 -6 -9 -20 -19 -8 -10 -17
82 36 27 9 10 11 28 62 50 63 29 -11 -1 -19 -10 -11 -16 -2 -4 -7 -8 -6 -3 -7 -20 -19 -20 -11 -4 -14 -18
83 53 61 4 52 36 22 51 59 68 58 -12 -11 -20 -13 -3 -4 -16 -6 -19 -9 -1 -14 -9 -18 -19 -4 -9 -18 -16 -8
84 75 96 16 25 69 57 57 71 19 79 -16 -11 -20 -16 -8 -5 -4 -9 -19 -19 -17 -19 -1 -1 -11 -19 -4 -9 -15 -12
85 73 45 40 25 20 47 54 65 37 24 -19 -12 -15 -5 -8 -3 -14 -8 -11 -15 -18 -16 -20 -9 -4 -18 -17 -14 -19 -16
86 88 70 70 3 27 90 89 18 72 66 -17 -19 -18 -6 -9 -17 -3 -6 -19 -7 -20 -15 -4 -7 -1 -15 -13 -14 -1 -9
87 10 34 9 13 2 65 50 13 4 23 -4 -5 -5 -8 -2 -6 -7 -12 -7 -10 -18 -15 -15 -20 -5 -16 -5 -11 -4 -4
88 70 41 87 96 77 27 66 39 98 34 -6 -11 -4 -16 -5 -13 -16 -15 -1 -18 -4 -7 -6 -8 -2 -11 -19 -20 -7 -16
89 7 1 100 68 6 97 47 29 87 4 -6 -18 -19 -16 -3 -13 -18 -12 -9 -11 -19 -17 -11 -15 -11 -9 -1 -14 -10 -9
90 60 77 75 95 30 19 36 62 1 43 -15 -16 -19 -11 -13 -6 -14 -13 -2 -18 -4 -8 -3 -16 -17 -1 -17 -20 -17 -4
91 67 91 2 89 53 52 2 98 93 23 -5 -7 -10 -14 -15 -1 -1 -8 -9 -17 -19 -11 -18 -6 -3 -15 -12 -13 -6 -14
92 68 6 78 4 95 32 36 11 63 50 -9 -13 -2 -2 -16 -8 -20 -11 -11 -6 -12 -4 -20 -1 -15 -15 -15 -16 -14 -1
93 72 31 48 7 5 13 54 73 7 57 -15 -20 -6 -6 -7 -5 -4 -14 -3 -5 -16 -15 -10 -20 -16 -11 -6 -9 -17 -1
94 10 12 65 38 32 81 88 5 50 23 -19 -18 -10 -19 -19 -10 -9 -17 -16 -17 -7 -6 -19 -13 -20 -13 -19 -4 -6 -19
95 71 43 1 5 86 61 91 1 41 87 -14 -7 -20 -16 -11 -11 -11 -14 -15 -11 -11 -8 -1 -4 -13 -5 -9 -1 -16 -10
96 30 27 48 26 55 26 81 95 79 47 -9 -16 -16 -14 -3 -14 -7 -19 -10 -12 -17 -17 -5 -16 -7 -2 -10 -10 -11 -14
97 99 15 31 78 28 25 40 12 31 43 -20 -11 -13 -5 -7 -10 -10 -4 -8 -4 -14 -10 -9 -12 -9 -4 -9 -9 -9 -1
98 63 37 33 23 60 86 9 79 75 94 -12 -18 -13 -14 -19 -16 -1 -7 -8 -4 -20 -10 -9 -1 -15 -10 -8 -20 -6 -13
99 72 64 92 96 36 72 42 19 38 37 -15 -20 -13 -13 -8 -20 -8 -17 -16 -1 -20 -2 -19 -18 -11 -20 -20 -18 -20 -20
