8 100
968 1016 941 907 1037 1006 914 968
0 67 77 97 56 13 34 27 33 84 65 37 13 33 39 1 29 -13 -3 -17 -13 -14 -5 -12 -19 -18 -14 -18 -8 -3 -19 -1 -11 -19 -18 -16 -20 -3 -12 -17 -20 -6 -6 -8 -8 -9 -5 -13 -9 -15 -4 -19 -2 -1 -15 -18 -17 -9 -9 -13 -1 -2 -12 -11 -17 -2 -3 -3 -20 -15 -3 -2 -18
1 95 32 17 86 15 3 47 31 71 72 49 95 62 29 13 51 -15 -3 -6 -1 -19 -3 -3 -1 -15 -19 -20 -15 -19 -13 -4 -18 -13 -19 -2 -20 -11 -9 -8 -16 -13 -14 -6 -19 -1 -5 -19 -17 -18 -9 -12 -18 -15 -2 -6 -13 -6 -14 -10 -9 -12 -4 -9 -2 -14 -17 -10 -19 -16 -9 -1 -7
2 82 65 48 17 36 5 90 89 80 8 24 15 48 70 72 78 -20 -10 -18 -6 -11 -8 -17 -11 -16 -11 -2 -3 -16 -9 -13 -15 -8 -13 -17 -13 -12 -6 -2 -1 -15 -13 -6 -1 -1 -6 -12 -3 -8 -1 -18 -9 -9 -10 -6 -1 -11 -7 -4 -12 -13 -13 -16 -8 -11 -15 -16 -18 -13 -9 -8 -6
3 93 18 76 56 14 59 80 41 36 49 29 54 22 37 22 51 -4 -20 -9 -20 -1 -4 -11 -12 -15 -17 -5 -13 -1 -20 -8 -19 -12 -9 -14 -16 -10 -3 -10 -8 -10 -17 -5 -17 -6 -18 -3 -5 -17 -10 -13 -7 -1 -3 -18 -12 -14 -10 -6 -13 -20 -13 -14 -13 -3 -11 -1 -16 -20 -17 -18 -19
4 7 49 77 62 83 34 94 18 36 93 47 28 47 61 1 28 -14 -2 -11 -3 -20 -1 -14 -8 -17 -20 -6 -8 -14 -2 -4 -12 -7 -19 -10 -6 -16 -10 -9 -20 -12 -6 -9 -3 -12 -17 -8 -5 -2 -15 -13 -8 -8 -6 -19 -3 -4 -5 -16 -12 -1 -16 -15 -1 -15 -7 -11 -9 -4 -7 -19 -3
5 70 9 76 82 24 73 12 33 20 90 68 85 59 69 53 70 -14 -15 -8 -17 -9 -9 -3 -13 -20 -9 -14 -15 -2 -10 -6 -1 -8 -5 -4 -12 -7 -1 -19 -2 -16 -1 -2 -17 -4 -8 -14 -5 -19 -15 -17 -1 -9 -14 -20 -16 -11 -20 -11 -8 -9 -2 -17 -15 -18 -7 -3 -20 -20 -10 -12 -1
6 5 7 28 4 48 66 79 18 57 25 15 51 45 61 22 16 -5 -5 -9 -10 -18 -4 -2 -10 -13 -8 -17 -5 -19 -11 -19 -3 -16 -16 -18 -1 -13 -14 -5 -2 -19 -2 -5 -5 -10 -10 -16 -2 -13 -3 -19 -12 -10 -7 -8 -18 -12 -19 -15 -3 -16 -6 -6 -15 -10 -11 -20 -5 -16 -14 -14 -1
7 81 19 16 2 18 64 59 38 6 55 12 37 59 92 80 89 -19 -7 -19 -1 -15 -20 -16 -15 -13 -8 -15 -11 -5 -17 -9 -11 -17 -2 -13 -4 -20 -9 -19 -12 -13 -15 -15 -17 -10 -17 -4 -2 -17 -20 -11 -10 -12 -4 -4 -9 -13 -16 -16 -10 -10 -4 -5 -6 -9 -18 -6 -11 -12 -4 -6 -12
8 14 67 49 54 11 70 92 44 96 95 13 61 82 18 63 58 -16 -11 -6 -14 -3 -4 -12 -2 -5 -19 -12 -2 -12 -1 -14 -11 -9 -19 -5 -4 -4 -3 -2 -6 -8 -7 -12 -19 -4 -10 -15 -12 -19 -13 -19 -13 -16 -13 -5 -1 -14 -19 -2 -7 -6 -13 -4 -2 -13 -5 -16 -6 -10 -1 -4 -7
9 66 35 55 25 1 61 68 15 83 15 98 22 72 28 68 92 -18 -5 -6 -15 -6 -18 -14 -12 -5 -18 -9 -8 -1 -14 -2 -11 -4 -5 -20 -6 -16 -19 -6 -6 -13 -5 -9 -3 -13 -15 -2 -18 -17 -5 -13 -9 -4 -19 -4 -14 -11 -6 -17 -1 -13 -10 -17 -19 -7 -3 -2 -18 -13 -7 -8 -14
10 5 1 66 61 57 93 32 26 96 3 96 44 2 6 75 29 -20 -12 -7 -10 -17 -2 -16 -4 -18 -2 -17 -20 -9 -19 -11 -7 -13 -1 -20 -17 -8 -19 -13 -12 -6 -16 -2 -11 -14 -5 -5 -10 -15 -4 -20 -4 -12 -1 -3 -4 -18 -16 -18 -1 -8 -12 -7 -4 -14 -20 -8 -4 -11 -15 -20 -8
11 59 17 42 33 27 75 87 61 27 54 79 62 75 47 49 44 -10 -20 -20 -8 -17 -19 -7 -11 -8 -5 -2 -8 -12 -1 -8 -8 -18 -17 -4 -1 -11 -15 -7 -15 -20 -13 -13 -4 -9 -19 -10 -1 -8 -16 -5 -20 -17 -6 -2 -4 -13 -16 -17 -17 -12 -16 -1 -4 -11 -2 -11 -7 -9 -13 -4 -11
12 94 91 29 19 75 51 75 24 19 70 75 64 100 8 18 45 -11 -15 -2 -18 -6 -8 -19 -17 -8 -7 -20 -5 -1 -18 -2 -15 -1 -14 -18 -2 -11 -4 -6 -3 -14 -6 -18 -16 -6 -13 -1 -1 -13 -2 -7 -17 -14 -18 -17 -20 -4 -1 -1 -20 -6 -5 -11 -19 -15 -19 -1 -2 -14 -20 -11 -7
13 27 82 89 34 7 16 80 34 21 78 67 80 50 94 98 29 -7 -15 -13 -15 -15 -4 -14 -14 -17 -8 -11 -15 -3 -10 -10 -7 -2 -5 -16 -9 -1 -1 -12 -18 -18 -4 -2 -5 -19 -9 -14 -1 -18 -8 -17 -7 -1 -15 -9 -8 -2 -2 -4 -3 -20 -14 -8 -10 -7 -4 -6 -14 -17 -9 -15 -16
14 17 35 78 97 36 32 52 99 52 45 16 31 52 29 88 55 -9 -9 -1 -4 -9 -16 -1 -7 -6 -11 -16 -10 -9 -16 -11 -12 -12 -12 -20 -9 -17 -7 -20 -8 -12 -14 -8 -19 -7 -18 -7 -10 -4 -19 -3 -13 -10 -17 -15 -4 -10 -19 -2 -7 -6 -11 -5 -10 -11 -3 -19 -16 -17 -7 -9 -16
15 89 53 14 20 67 26 84 95 9 59 65 41 35 10 45 42 -14 -10 -1 -10 -15 -19 -5 -4 -13 -16 -3 -3 -4 -11 -8 -7 -13 -18 -1 -18 -17 -14 -13 -1 -16 -18 -13 -4 -10 -20 -12 -15 -5 -5 -17 -3 -19 -1 -19 -6 -8 -5 -13 -15 -2 -14 -16 -8 -19 -4 -1 -4 -1 -14 -19 -8
16 2 84 30 66 60 64 16 60 16 3 51 82 96 14 69 68 -15 -18 -16 -3 -4 -17 -4 -4 -11 -11 -16 -2 -13 -1 -10 -12 -12 -9 -4 -6 -5 -10 -13 -1 -7 -15 -16 -15 -3 -17 -18 -14 -11 -5 -13 -15 -20 -19 -9 -9 -16 -3 -11 -9 -10 -16 -9 -6 -19 -14 -3 -2 -17 -6 -2 -12
17 61 82 40 100 91 50 65 34 75 75 70 69 29 83 28 64 -14 -16 -2 -2 -17 -14 -17 -12 -20 -17 -19 -10 -8 -20 -7 -15 -9 -19 -8 -18 -2 -13 -20 -13 -9 -9 -16 -1 -18 -18 -14 -6 -10 -17 -11 -1 -19 -3 -8 -1 -9 -17 -13 -6 -3 -16 -6 -14 -4 -1 -18 -11 -20 -4 -3 -4
18 64 59 44 48 63 71 15 34 71 22 72 85 89 21 85 23 -3 -13 -19 -15 -2 -5 -17 -3 -10 -11 -16 -6 -14 -17 -14 -3 -7 -15 -1 -4 -17 -14 -1 -16 -17 -18 -6 -15 -4 -15 -17 -7 -7 -15 -10 -4 -19 -12 -16 -4 -15 -20 -16 -20 -11 -8 -11 -10 -17 -12 -14 -14 -3 -14 -15 -8
19 52 90 7 41 10 12 87 7 93 85 2 39 94 1 1 88 -9 -3 -7 -17 -9 -4 -2 -19 -12 -14 -16 -19 -1 -14 -10 -16 -10 -3 -15 -17 -2 -9 -8 -4 -7 -4 -8 -17 -10 -12 -4 -7 -1 -10 -11 -6 -2 -7 -11 -5 -14 -17 -13 -19 -5 -15 -5 -11 -20 -14 -1 -11 -19 -4 -2 -8
20 37 64 34 93 38 3 42 31 70 60 67 77 44 10 22 5 -6 -15 -11 -6 -15 -2 -11 -10 -19 -18 -2 -20 -6 -11 -16 -20 -16 -8 -8 -8 -7 -5 -3 -17 -17 -15 -9 -3 -12 -8 -14 -15 -4 -11 -5 -3 -14 -14 -5 -9 -10 -3 -5 -14 -19 -16 -10 -6 -1 -6 -12 -12 -13 -18 -7 -14
21 51 99 88 76 69 7 38 72 48 48 74 9 96 92 26 26 -19 -8 -7 -5 -11 -14 -13 -13 -7 -16 -11 -7 -17 -1 -17 -13 -12 -17 -14 -8 -19 -18 -19 -3 -6 -15 -6 -12 -12 -5 -18 -14 -15 -11 -11 -1 -3 -12 -18 -4 -12 -5 -3 -20 -6 -8 -19 -3 -8 -7 -17 -16 -5 -15 -12 -12
22 84 72 30 82 67 88 79 49 37 76 89 20 95 56 100 5 -14 -19 -8 -8 -17 -4 -9 -2 -9 -6 -11 -1 -1 -2 -6 -11 -20 -1 -13 -13 -2 -11 -6 -12 -12 -5 -19 -12 -10 -11 -19 -4 -1 -20 -14 -10 -18 -1 -11 -10 -10 -10 -15 -13 -2 -18 -9 -7 -9 -20 -8 -11 -3 -19 -6 -12
23 29 36 96 29 42 44 38 29 30 43 80 62 65 24 45 80 -9 -11 -19 -8 -3 -5 -14 -19 -13 -4 -6 -14 -12 -10 -14 -9 -9 -6 -13 -17 -19 -17 -2 -15 -11 -10 -5 -19 -13 -2 -18 -14 -11 -7 -14 -7 -13 -18 -16 -12 -15 -15 -11 -13 -17 -7 -15 -11 -16 -10 -8 -2 -18 -8 -1 -1
24 5 79 30 62 94 83 99 59 9 71 53 31 79 95 55 19 -16 -17 -5 -17 -16 -13 -6 -2 -16 -13 -14 -7 -5 -5 -3 -10 -4 -17 -8 -20 -2 -2 -6 -5 -1 -9 -20 -11 -18 -14 -16 -1 -11 -11 -5 -12 -4 -10 -16 -6 -7 -15 -17 -8 -12 -4 -20 -17 -5 -10 -6 -17 -1 -4 -14 -16
25 23 98 24 24 76 56 91 19 32 61 95 26 96 42 65 16 -6 -20 -19 -7 -7 -10 -19 -5 -19 -15 -17 -17 -14 -9 -9 -7 -13 -6 -1 -4 -4 -16 -12 -9 -7 -8 -16 -20 -12 -10 -5 -18 -6 -9 -2 -13 -9 -20 -20 -3 -20 -16 -18 -9 -10 -11 -3 -15 -7 -17 -16 -1 -6 -1 -5 -8
26 27 49 10 44 86 75 31 76 62 19 49 55 13 4 92 84 -2 -16 -11 -13 -11 -12 -7 -18 -18 -16 -6 -20 -10 -7 -10 -10 -9 -17 -14 -20 -2 -6 -12 -12 -8 -16 -9 -12 -18 -11 -16 -9 -12 -20 -1 -6 -1 -8 -8 -3 -2 -7 -11 -7 -4 -11 -14 -15 -18 -11 -6 -20 -9 -13 -9 -13
27 41 4 74 41 62 7 29 13 100 40 88 22 20 17 27 45 -11 -20 -3 -18 -19 -4 -11 -5 -17 -14 -13 -19 -9 -15 -8 -8 -6 -11 -13 -19 -8 -14 -1 -16 -5 -9 -1 -19 -13 -10 -15 -11 -9 -8 -17 -11 -13 -2 -10 -16 -1 -7 -12 -19 -15 -11 -9 -8 -11 -19 -6 -2 -5 -4 -10 -10
28 57 15 73 25 77 40 67 77 7 63 93 75 11 23 50 29 -15 -16 -3 -15 -19 -17 -3 -6 -3 -4 -9 -2 -5 -11 -1 -10 -19 -15 -9 -16 -5 -4 -20 -11 -15 -18 -19 -14 -19 -10 -1 -3 -19 -6 -4 -10 -16 -4 -19 -20 -16 -15 -1 -16 -8 -10 -14 -7 -7 -19 -13 -6 -1 -3 -15 -20
29 84 21 85 29 45 92 9 84 59 54 60 97 97 21 71 96 -5 -15 -18 -3 -15 -15 -20 -14 -17 -19 -20 -10 -19 -14 -20 -5 -18 -13 -8 -9 -18 -12 -2 -2 -1 -10 -7 -5 -20 -19 -9 -8 -19 -1 -9 -17 -18 -14 -2 -7 -8 -13 -11 -10 -4 -18 -15 -7 -2 -12 -13 -12 -11 -6 -5 -10
30 68 7 90 36 97 6 50 69 56 31 44 96 100 71 3 63 -13 -10 -14 -19 -19 -17 -7 -16 -2 -7 -12 -2 -19 -3 -12 -9 -20 -15 -7 -18 -4 -17 -8 -11 -4 -9 -9 -16 -13 -14 -13 -17 -4 -1 -20 -15 -19 -18 -19 -19 -9 -1 -6 -1 -11 -6 -20 -2 -13 -17 -7 -5 -14 -8 -5 -10
31 91 58 70 62 48 34 51 93 93 62 36 74 17 54 74 99 -5 -6 -20 -6 -11 -15 -13 -11 -16 -1 -11 -5 -5 -10 -4 -18 -12 -4 -5 -18 -6 -1 -19 -2 -16 -15 -10 -12 -6 -12 -16 -8 -6 -1 -5 -2 -15 -3 -6 -18 -1 -7 -5 -2 -9 -8 -11 -10 -1 -18 -7 -8 -18 -1 -14 -17
32 75 95 14 43 91 39 61 76 50 16 69 31 17 32 88 92 -9 -19 -16 -11 -6 -17 -11 -16 -8 -19 -13 -15 -5 -16 -5 -5 -3 -7 -5 -13 -12 -13 -9 -17 -17 -3 -9 -5 -6 -15 -5 -10 -12 -10 -3 -12 -2 -20 -17 -6 -7 -15 -15 -12 -5 -12 -20 -3 -20 -15 -13 -5 -7 -12 -9 -19
33 76 58 8 4 74 78 38 55 49 90 67 85 23 28 23 94 -3 -2 -20 -7 -20 -8 -5 -10 -14 -17 -20 -11 -19 -17 -10 -8 -4 -11 -11 -8 -11 -12 -11 -10 -2 -1 -2 -13 -7 -7 -4 -2 -7 -3 -1 -6 -15 -4 -12 -19 -6 -5 -11 -19 -20 -15 -20 -15 -18 -2 -8 -17 -1 -17 -5 -7
34 8 97 11 76 19 40 32 40 29 24 93 38 43 17 6 17 -12 -18 -7 -15 -2 -3 -16 -15 -2 -11 -12 -3 -12 -18 -12 -20 -4 -1 -1 -13 -7 -6 -15 -9 -7 -5 -9 -8 -20 -5 -12 -19 -12 -4 -17 -15 -14 -18 -7 -18 -20 -11 -20 -10 -1 -5 -15 -17 -9 -15 -13 -12 -16 -11 -17 -6
35 1 56 51 92 85 77 86 18 42 93 31 51 30 92 13 32 -16 -4 -12 -13 -10 -10 -18 -14 -7 -14 -11 -15 -2 -12 -19 -14 -14 -10 -11 -12 -6 -9 -20 -5 -16 -10 -2 -3 -15 -2 -3 -4 -1 -8 -19 -17 -9 -10 -14 -10 -10 -3 -12 -3 -14 -19 -4 -20 -8 -2 -17 -3 -17 -19 -2 -16
36 3 87 73 34 83 31 78 64 21 98 55 49 57 19 81 12 -16 -11 -20 -4 -10 -12 -2 -15 -13 -19 -20 -4 -9 -5 -1 -8 -14 -13 -16 -6 -7 -2 -6 -11 -18 -17 -1 -7 -6 -4 -20 -15 -16 -2 -1 -3 -14 -11 -14 -17 -13 -20 -6 -7 -15 -11 -11 -16 -17 -14 -11 -14 -16 -16 -5 -19
37 82 93 46 95 33 46 76 83 59 59 99 12 68 100 53 2 -14 -14 -19 -9 -12 -17 -15 -8 -17 -16 -1 -10 -16 -5 -5 -19 -11 -12 -19 -14 -7 -17 -13 -20 -1 -6 -10 -19 -7 -9 -1 -1 -18 -12 -18 -20 -12 -4 -18 -19 -15 -9 -9 -15 -17 -5 -7 -9 -12 -11 -6 -4 -10 -13 -8 -19
38 67 49 50 23 36 80 78 79 34 39 71 16 89 92 93 36 -2 -13 -11 -1 -2 -12 -8 -2 -16 -7 -13 -10 -3 -7 -7 -15 -4 -12 -6 -15 -15 -14 -20 -17 -16 -15 -7 -8 -9 -9 -16 -9 -17 -17 -5 -12 -18 -6 -9 -9 -17 -8 -9 -8 -14 -5 -7 -13 -10 -1 -4 -4 -16 -8 -11 -10
39 81 21 33 16 65 61 35 61 96 96 88 30 51 71 81 51 -11 -12 -8 -18 -3 -18 -20 -18 -19 -8 -4 -13 -15 -7 -3 -20 -8 -9 -6 -14 -19 -1 -4 -13 -7 -16 -6 -11 -11 -7 -9 -8 -4 -10 -2 -17 -2 -1 -19 -7 -3 -19 -9 -18 -7 -15 -15 -1 -7 -19 -15 -20 -8 -19 -8 -2
40 55 21 52 37 45 41 95 4 37 35 99 12 51 51 89 12 -20 -3 -9 -4 -13 -17 -12 -8 -3 -18 -6 -1 -10 -10 -1 -12 -10 -4 -5 -15 -14 -19 -2 -4 -15 -11 -14 -4 -7 -6 -19 -10 -2 -14 -20 -5 -4 -9 -18 -5 -9 -13 -5 -13 -12 -6 -14 -7 -19 -7 -7 -15 -7 -20 -12 -16
41 21 59 93 93 49 37 97 26 24 17 11 9 81 76 31 92 -13 -15 -12 -13 -14 -9 -5 -2 -19 -20 -18 -14 -12 -20 -10 -6 -7 -3 -9 -10 -13 -7 -3 -10 -15 -14 -17 -13 -20 -4 -8 -7 -11 -5 -10 -4 -15 -19 -6 -20 -4 -20 -15 -15 -1 -16 -18 -19 -2 -13 -4 -4 -14 -1 -13 -11
42 31 99 9 69 12 25 100 82 62 80 46 2 60 47 85 11 -10 -8 -17 -2 -7 -14 -19 -1 -12 -6 -15 -13 -8 -4 -3 -16 -20 -15 -14 -7 -3 -2 -7 -14 -13 -20 -12 -3 -18 -10 -7 -19 -2 -6 -20 -11 -8 -19 -11 -12 -19 -18 -5 -11 -15 -1 -1 -5 -17 -16 -1 -14 -19 -12 -12 -6
43 41 16 35 67 90 14 66 19 40 19 85 70 6 69 86 10 -1 -9 -20 -20 -6 -6 -4 -7 -1 -3 -8 -16 -13 -10 -1 -17 -1 -9 -13 -2 -12 -5 -4 -2 -2 -17 -19 -6 -12 -6 -13 -13 -12 -17 -13 -3 -8 -5 -19 -14 -3 -17 -9 -3 -18 -15 -2 -3 -11 -17 -12 -10 -18 -4 -16 -6
44 22 49 22 18 75 37 5 53 70 3 4 12 36 41 69 66 -3 -13 -2 -11 -18 -14 -17 -7 -17 -14 -13 -10 -1 -2 -18 -11 -13 -12 -3 -10 -10 -5 -3 -16 -19 -14 -16 -10 -19 -16 -16 -11 -19 -1 -19 -14 -1 -13 -2 -3 -4 -4 -8 -3 -7 -6 -11 -10 -6 -18 -2 -6 -1 -18 -19 -3
45 96 20 93 96 27 66 92 45 29 27 10 9 40 60 63 2 -5 -17 -2 -15 -11 -19 -14 -8 -19 -18 -9 -3 -20 -15 -13 -9 -4 -17 -16 -19 -13 -16 -20 -1 -6 -19 -9 -5 -13 -4 -20 -16 -2 -1 -9 -10 -9 -5 -2 -14 -6 -18 -1 -4 -2 -4 -14 -6 -10 -13 -15 -11 -4 -5 -15 -15
46 42 7 76 53 30 25 61 14 92 17 93 96 55 43 8 83 -14 -16 -11 -4 -12 -15 -5 -8 -1 -5 -19 -16 -12 -13 -6 -18 -7 -16 -9 -13 -10 -20 -17 -17 -5 -11 -17 -3 -7 -12 -2 -9 -10 -19 -15 -20 -13 -14 -1 -16 -4 -18 -4 -15 -19 -5 -1 -8 -6 -4 -15 -5 -11 -4 -7 -8
47 81 81 3 75 62 7 1 25 22 15 80 88 66 69 8 23 -7 -5 -10 -15 -13 -3 -7 -19 -13 -16 -6 -14 -16 -18 -1 -19 -16 -19 -11 -3 -20 -11 -15 -20 -2 -17 -10 -3 -18 -2 -20 -15 -13 -3 -6 -11 -3 -19 -20 -2 -4 -4 -8 -4 -15 -20 -10 -12 -17 -1 -2 -18 -18 -15 -11 -14
48 18 55 14 55 78 51 18 44 14 28 88 9 23 52 36 4 -13 -7 -7 -3 -15 -14 -15 -17 -20 -14 -15 -17 -6 -15 -7 -8 -19 -3 -17 -10 -9 -6 -13 -13 -18 -4 -18 -5 -7 -9 -10 -4 -7 -6 -11 -2 -15 -4 -16 -14 -16 -5 -9 -5 -15 -11 -10 -12 -18 -18 -17 -20 -2 -9 -13 -17
49 100 67 12 78 82 28 77 33 27 30 36 44 98 35 28 96 -18 -18 -3 -13 -9 -8 -19 -20 -6 -2 -18 -14 -15 -9 -8 -17 -4 -4 -17 -17 -2 -15 -15 -1 -3 -3 -4 -2 -5 -19 -2 -20 -6 -1 -8 -1 -4 -12 -6 -10 -10 -17 -8 -20 -13 -14 -1 -3 -11 -19 -2 -4 -9 -3 -13 -10
50 96 12 66 47 97 74 95 98 47 33 28 29 99 27 92 94 -1 -6 -1 -4 -10 -7 -7 -18 -1 -18 -13 -20 -17 -12 -1 -16 -1 -6 -5 -9 -13 -15 -10 -11 -7 -10 -1 -9 -2 -13 -4 -20 -19 -17 -5 -8 -4 -2 -3 -14 -18 -2 -20 -20 -17 -19 -13 -4 -4 -16 -12 -15 -5 -13 -13 -4
51 23 35 53 5 33 94 40 32 5 58 14 1 57 96 22 41 -15 -13 -3 -19 -16 -17 -6 -12 -19 -15 -10 -9 -1 -1 -7 -8 -13 -18 -4 -6 -5 -1 -12 -14 -2 -7 -2 -13 -7 -2 -7 -6 -19 -15 -12 -10 -18 -15 -14 -14 -18 -15 -19 -6 -3 -1 -12 -12 -14 -9 -16 -13 -16 -8 -20 -4
52 50 57 94 52 9 50 96 31 21 77 67 94 56 29 36 50 -6 -9 -4 -4 -7 -9 -8 -9 -15 -4 -1 -14 -19 -6 -5 -5 -5 -3 -10 -14 -17 -11 -5 -15 -16 -20 -5 -3 -12 -6 -12 -2 -12 -13 -12 -8 -17 -11 -16 -8 -5 -4 -18 -9 -12 -13 -19 -1 -4 -6 -8 -16 -19 -5 -5 -9
53 78 77 59 17 47 61 60 78 80 94 7 73 89 63 88 23 -5 -6 -11 -11 -15 -13 -11 -10 -4 -10 -2 -18 -6 -8 -1 -18 -4 -18 -16 -3 -17 -6 -8 -8 -14 -1 -3 -1 -5 -17 -9 -11 -11 -3 -14 -14 -14 -18 -8 -13 -6 -18 -11 -19 -12 -2 -12 -5 -1 -20 -19 -6 -17 -9 -9 -18
54 82 58 56 4 74 96 22 98 25 99 16 13 46 84 33 34 -6 -13 -17 -12 -4 -3 -5 -6 -15 -3 -10 -10 -9 -4 -16 -2 -5 -18 -1 -11 -17 -16 -1 -1 -20 -18 -10 -14 -20 -15 -20 -7 -15 -17 -8 -9 -8 -6 -19 -9 -10 -8 -18 -1 -20 -12 -16 -20 -15 -15 -9 -7 -19 -16 -13 -10
55 52 22 53 67 87 54 57 29 33 48 35 77 39 28 31 78 -14 -11 -18 -17 -16 -17 -17 -7 -11 -5 -7 -16 -1 -12 -8 -5 -19 -19 -1 -19 -6 -14 -4 -19 -18 -4 -7 -7 -8 -13 -15 -16 -11 -8 -17 -13 -3 -5 -7 -18 -13 -3 -13 -19 -14 -16 -2 -13 -11 -5 -2 -16 -12 -16 -15 -13
56 42 45 59 20 93 95 85 3 27 63 7 70 86 81 26 95 -12 -11 -4 -1 -17 -7 -6 -11 -15 -18 -13 -19 -16 -18 -2 -14 -9 -12 -2 -4 -9 -6 -6 -19 -12 -14 -17 -6 -1 -14 -8 -3 -20 -4 -16 -5 -8 -20 -10 -15 -8 -2 -15 -12 -5 -17 -16 -14 -2 -10 -15 -16 -8 -10 -5 -18
57 53 73 58 29 8 61 37 17 22 87 28 74 8 81 35 37 -7 -2 -8 -20 -3 -3 -15 -15 -15 -18 -9 -5 -20 -4 -17 -4 -13 -18 -16 -20 -8 -16 -15 -17 -18 -19 -12 -20 -5 -8 -17 -20 -8 -20 -3 -5 -17 -14 -4 -7 -6 -12 -6 -10 -2 -11 -16 -11 -19 -7 -8 -11 -17 -7 -20 -10
58 84 20 47 80 60 25 10 99 75 28 38 9 62 39 33 85 -16 -5 -6 -4 -13 -1 -15 -19 -18 -9 -3 -16 -19 -12 -4 -16 -9 -1 -13 -6 -17 -10 -12 -1 -17 -12 -7 -10 -16 -16 -8 -15 -2 -6 -6 -3 -17 -8 -9 -5 -3 -11 -4 -2 -13 -2 -20 -13 -8 -13 -16 -5 -9 -8 -16 -13
59 60 14 79 91 37 3 13 5 65 66 74 89 81 99 69 71 -7 -15 -9 -16 -12 -8 -8 -17 -14 -20 -13 -1 -20 -9 -12 -2 -2 -12 -4 -7 -9 -1 -15 -15 -18 -9 -17 -3 -3 -13 -9 -3 -19 -9 -5 -20 -16 -1 -18 -13 -8 -1 -14 -7 -12 -3 -15 -16 -16 -18 -16 -5 -3 -20 -19 -13
60 22 33 44 74 8 15 82 40 79 66 45 64 10 79 100 80 -18 -3 -8 -17 -12 -1 -9 -9 -8 -17 -9 -14 -13 -12 -5 -1 -9 -2 -16 -16 -10 -15 -7 -11 -16 -13 -4 -11 -1 -9 -5 -13 -3 -5 -7 -1 -19 -13 -4 -9 -15 -9 -20 -14 -14 -2 -18 -6 -18 -9 -18 -19 -5 -16 -16 -16
61 33 10 40 24 52 6 48 97 88 59 24 43 83 7 18 71 -11 -16 -9 -4 -20 -16 -1 -17 -4 -19 -8 -1 -10 -9 -5 -12 -20 -13 -17 -2 -5 -2 -9 -16 -10 -5 -17 -15 -4 -6 -3 -13 -18 -12 -17 -9 -5 -12 -7 -19 -3 -7 -17 -10 -11 -8 -4 -2 -11 -15 -12 -2 -16 -18 -7 -9
62 26 40 80 96 95 73 17 22 3 74 11 21 85 25 100 26 -7 -10 -10 -19 -18 -6 -15 -13 -12 -16 -8 -15 -3 -3 -10 -4 -7 -12 -5 -4 -13 -1 -4 -3 -2 -3 -6 -6 -15 -6 -3 -4 -8 -20 -5 -19 -5 -3 -3 -20 -11 -14 -18 -11 -6 -14 -1 -3 -16 -4 -15 -2 -20 -16 -19 -3
63 68 24 46 67 43 88 98 47 93 53 20 10 28 83 5 13 -15 -11 -4 -2 -13 -8 -2 -10 -4 -19 -7 -6 -6 -2 -15 -10 -10 -17 -5 -13 -12 -7 -2 -9 -14 -18 -7 -7 -8 -13 -9 -7 -14 -7 -14 -12 -14 -19 -3 -18 -15 -17 -2 -8 -16 -4 -3 -9 -14 -1 -10 -4 -7 -7 -10 -9
64 7 84 22 30 94 52 95 48 77 20 51 21 80 60 30 76 -3 -12 -5 -15 -13 -10 -9 -16 -13 -1 -11 -14 -20 -2 -8 -9 -3 -10 -12 -3 -5 -4 -16 -14 -4 -10 -13 -18 -20 -9 -7 -3 -9 -5 -2 -2 -11 -3 -5 -9 -20 -17 -10 -18 -14 -16 -8 -12 -18 -6 -20 -19 -2 -10 -10 -1
65 84 75 63 15 85 57 96 66 27 87 59 52 9 16 92 3 -7 -14 -1 -12 -16 -9 -20 -9 -3 -7 -13 -20 -16 -2 -3 -14 -15 -1 -20 -16 -16 -17 -20 -17 -12 -5 -12 -13 -18 -17 -6 -9 -5 -13 -17 -1 -3 -10 -19 -19 -3 -19 -9 -3 -17 -5 -17 -11 -18 -20 -17 -7 -1 -13 -2 -5
66 55 29 20 74 100 30 59 18 78 28 19 38 83 23 39 21 -19 -15 -18 -4 -16 -19 -1 -14 -11 -17 -15 -4 -14 -6 -17 -20 -6 -18 -5 -8 -13 -7 -7 -9 -4 -6 -14 -4 -15 -19 -12 -4 -10 -12 -2 -18 -7 -18 -14 -6 -15 -17 -19 -9 -7 -4 -12 -2 -8 -19 -18 -12 -16 -2 -11 -20
67 36 70 70 98 48 62 14 15 66 93 9 83 99 5 50 39 -8 -4 -19 -20 -14 -4 -9 -16 -10 -15 -17 -16 -12 -12 -18 -13 -13 -11 -18 -12 -11 -11 -3 -14 -16 -13 -13 -16 -1 -20 -9 -18 -17 -16 -4 -17 -20 -19 -18 -11 -7 -11 -11 -2 -9 -8 -18 -5 -13 -3 -17 -8 -2 -19 -20 -12
68 18 95 87 84 99 64 93 54 29 51 24 70 46 60 94 55 -14 -16 -7 -10 -12 -12 -9 -2 -15 -12 -16 -16 -9 -17 -8 -15 -17 -7 -2 -16 -9 -7 -19 -1 -5 -19 -3 -5 -8 -6 -7 -18 -15 -1 -19 -4 -18 -14 -4 -11 -16 -20 -20 -10 -8 -7 -13 -5 -7 -5 -12 -10 -17 -4 -13 -16
69 76 66 50 54 58 30 31 34 86 1 75 89 59 67 35 99 -8 -13 -8 -20 -6 -3 -9 -19 -20 -12 -1 -12 -18 -8 -10 -13 -1 -5 -5 -20 -19 -13 -8 -11 -7 -13 -18 -7 -17 -5 -4 -3 -6 -19 -14 -1 -14 -13 -12 -9 -16 -16 -9 -17 -5 -10 -13 -14 -6 -1 -6 -11 -3 -20 -18 -7
70 33 57 88 70 31 11 74 14 88 4 39 98 5 9 99 21 -16 -5 -6 -17 -5 -3 -15 -16 -2 -9 -10 -20 -10 -1 -19 -14 -14 -16 -12 -2 -16 -16 -2 -4 -1 -10 -18 -7 -3 -20 -9 -18 -7 -2 -7 -18 -17 -15 -16 -1 -7 -13 -9 -19 -8 -7 -3 -3 -5 -15 -12 -12 -3 -5 -12 -10
71 14 18 1 11 15 59 39 44 7 70 63 24 35 58 70 59 -11 -20 -4 -13 -10 -20 -7 -7 -2 -18 -8 -14 -14 -6 -13 -13 -9 -3 -10 -11 -12 -15 -2 -19 -10 -10 -9 -14 -9 -1 -6 -14 -2 -5 -11 -12 -2 -11 -19 -15 -10 -9 -15 -1 -7 -5 -13 -3 -19 -16 -18 -11 -8 -9 -9 -1
72 44 67 65 69 95 1 84 1 80 96 48 100 52 10 18 13 -4 -10 -16 -6 -5 -19 -3 -13 -8 -17 -8 -10 -11 -6 -12 -4 -10 -12 -18 -6 -18 -5 -14 -2 -19 -3 -13 -4 -5 -3 -5 -3 -2 -15 -1 -5 -8 -18 -17 -13 -11 -7 -17 -14 -15 -14 -12 -16 -9 -17 -12 -8 -18 -10 -17 -5
73 83 2 79 87 82 34 37 9 86 37 11 93 46 52 26 46 -18 -7 -4 -20 -16 -8 -3 -4 -15 -12 -10 -19 -13 -3 -3 -3 -10 -11 -20 -10 -9 -20 -12 -4 -20 -1 -7 -2 -7 -16 -17 -9 -14 -3 -13 -15 -5 -1 -6 -3 -12 -7 -3 -18 -5 -13 -7 -16 -2 -13 -20 -5 -1 -1 -7 -10
74 17 33 1 66 60 24 80 67 88 51 94 60 20 30 85 69 -14 -11 -7 -4 -3 -11 -2 -19 -17 -7 -8 -14 -11 -5 -10 -11 -5 -1 -6 -12 -13 -12 -9 -11 -7 -18 -4 -20 -4 -6 -16 -4 -6 -7 -18 -15 -2 -20 -4 -2 -16 -13 -6 -13 -18 -15 -14 -11 -8 -16 -12 -4 -15 -11 -18 -10
75 48 46 83 15 73 81 70 16 90 54 35 48 91 11 41 93 -12 -15 -9 -11 -15 -12 -19 -2 -18 -3 -2 -9 -4 -10 -1 -3 -16 -8 -2 -3 -7 -20 -3 -9 -12 -13 -12 -18 -1 -3 -16 -8 -13 -19 -4 -9 -9 -17 -11 -6 -11 -19 -14 -8 -20 -12 -9 -10 -1 -9 -17 -7 -1 -12 -11 -4
76 96 52 28 91 80 4 92 94 55 38 2 10 15 21 51 43 -1 -16 -19 -18 -6 -11 -14 -3 -20 -12 -19 -9 -1 -17 -11 -6 -3 -17 -9 -11 -8 -18 -7 -5 -14 -14 -11 -10 -7 -11 -19 -8 -5 -4 -20 -1 -9 -5 -12 -17 -18 -7 -17 -1 -20 -16 -16 -12 -6 -2 -6 -1 -8 -5 -14 -6
77 68 26 39 68 76 51 27 64 74 69 38 89 99 33 50 19 -12 -2 -7 -13 -12 -20 -12 -5 -14 -9 -2 -16 -10 -12 -14 -2 -16 -17 -18 -2 -19 -15 -18 -9 -1 -4 -6 -19 -18 -3 -19 -4 -2 -15 -10 -20 -9 -19 -6 -14 -12 -10 -10 -3 -4 -19 -8 -13 -20 -11 -11 -1 -2 -16 -18 -19
78 8 6 14 37 67 67 4 39 32 99 94 25 29 69 79 31 -9 -5 -18 -15 -1 -14 -19 -16 -4 -2 -18 -16 -4 -16 -11 -9 -10 -13 -4 -2 -20 -18 -15 -14 -7 -2 -15 -4 -6 -1 -14 -14 -2 -7 -5 -13 -9 -6 -18 -1 -19 -1 -13 -2 -5 -17 -8 -6 -10 -2 -3 -3 -13 -14 -8 -13
79 96 70 57 11 43 52 97 18 42 100 38 62 55 2 9 93 -8 -12 -7 -14 -11 -18 -5 -17 -19 -7 -13 -14 -8 -3 -19 -2 -9 -4 -17 -20 -8 -5 -7 -17 -10 -15 -18 -9 -13 -9 -11 -5 -11 -13 -7 -2 -18 -9 -4 -8 -4 -16 -5 -16 -16 -3 -6 -8 -10 -19 -3 -18 -14 -9 -16 -6
80 67 18 13 15 6 62 21 54 63 14 24 31 64 64 50 10 -10 -4 -17 -4 -3 -12 -18 -19 -11 -8 -12 -19 -8 -1 -6 -12 -17 -19 -8 -4 -13 -9 -17 -2 -5 -11 -11 -3 -4 -15 -17 -20 -9 -19 -13 -19 -6 -2 -9 -2 -10 -5 -15 -3 -14 -20 -15 -8 -18 -12 -13 -5 -4 -10 -4 -9
81 4 48 93 30 40 5 82 62 74 42 88 94 34 33 53 91 -20 -8 -7 -12 -13 -17 -8 -10 -14 -11 -6 -12 -11 -5 -10 -17 -17 -2 -13 -2 -10 -1 -1 -18 -9 -14 -6 -5 -4 -13 -9 -18 -10 -9 -10 -9 -17 -4 -14 -3 -7 -17 -1 -5 -3 -10 -16 -3 -16 -4 -1 -15 -20 -6 -6 -9
82 33 92 97 97 61 48 6 47 37 49 68 71 5 63 99 77 -11 -13 -18 -11 -17 -3 -15 -18 -16 -12 -14 -15 -4 -14 -13 -12 -18 -1 -13 -12 -15 -19 -10 -6 -13 -3 -9 -7 -10 -4 -18 -1 -8 -18 -20 -2 -14 -13 -2 -5 -1 -16 -4 -13 -15 -20 -8 -2 -19 -6 -3 -9 -7 -19 -5 -9
83 12 2 96 41 29 83 94 28 74 53 28 49 83 12 95 24 -18 -7 -9 -8 -8 -10 -4 -2 -14 -2 -13 -9 -8 -4 -17 -10 -6 -8 -13 -1 -2 -2 -15 -1 -19 -2 -2 -7 -12 -15 -16 -13 -17 -11 -13 -3 -12 -12 -4 -5 -10 -20 -17 -16 -17 -1 -12 -9 -18 -2 -13 -6 -15 -20 -17 -10
84 55 55 73 41 63 3 97 52 89 31 74 13 88 3 21 38 -20 -11 -16 -14 -15 -8 -20 -18 -14 -1 -4 -4 -16 -17 -4 -11 -1 -6 -10 -2 -16 -4 -17 -10 -11 -12 -3 -17 -2 -19 -10 -3 -2 -4 -12 -14 -11 -9 -9 -4 -7 -6 -3 -1 -9 -19 -5 -1 -10 -12 -7 -2 -5 -2 -1 -6
85 66 34 38 5 48 96 12 84 100 79 99 14 81 46 19 66 -9 -14 -8 -16 -12 -7 -6 -16 -8 -15 -10 -17 -5 -5 -10 -15 -15 -8 -15 -2 -16 -4 -11 -11 -5 -14 -15 -15 -4 -5 -18 -7 -15 -1 -4 -6 -10 -1 -7 -5 -7 -13 -8 -9 -2 -15 -18 -19 -4 -13 -18 -2 -16 -2 -2 -11
86 37 31 60 94 67 31 67 77 28 67 21 39 67 80 37 35 -16 -16 -6 -13 -20 -10 -3 -15 -10 -10 -12 -15 -19 -16 -16 -14 -18 -4 -17 -8 -12 -10 -3 -13 -11 -18 -16 -13 -7 -1 -18 -7 -20 -13 -20 -3 -4 -5 -10 -2 -3 -18 -6 -2 -5 -7 -1 -5 -7 -14 -13 -6 -10 -20 -11 -20
87 40 85 16 57 12 34 100 2 73 68 84 57 18 89 6 65 -10 -9 -2 -8 -14 -4 -20 -15 -1 -12 -2 -3 -19 -15 -9 -19 -14 -8 -3 -11 -6 -15 -20 -11 -14 -13 -19 -17 -3 -20 -19 -7 -4 -16 -18 -6 -2 -10 -5 -17 -5 -1 -4 -7 -3 -15 -17 -18 -17 -7 -17 -7 -1 -16 -6 -9
88 85 43 44 79 11 49 54 84 59 23 23 85 96 74 60 45 -12 -1 -4 -12 -20 -3 -11 -4 -6 -18 -14 -3 -10 -2 -15 -5 -3 -8 -19 -19 -7 -10 -13 -12 -14 -8 -7 -7 -3 -19 -7 -18 -19 -8 -10 -8 -2 -18 -20 -6 -14 -20 -18 -15 -3 -2 -7 -19 -6 -1 -17 -4 -6 -19 -3 -2
89 7 9 52 1 79 9 15 24 17 52 44 50 49 22 20 42 -11 -11 -1 -17 -9 -1 -5 -7 -7 -12 -1 -6 -14 -17 -9 -1 -6 -11 -17 -12 -6 -9 -1 -18 -18 -7 -2 -15 -2 -9 -12 -2 -19 -19 -2 -20 -1 -7 -18 -18 -2 -3 -6 -9 -5 -14 -10 -10 -6 -9 -1 -11 -14 -2 -20 -1
90 68 60 25 45 17 2 31 34 95 86 96 92 99 6 3 49 -15 -8 -18 -9 -19 -4 -13 -20 -18 -3 -9 -14 -19 -17 -11 -15 -20 -20 -19 -10 -4 -8 -13 -9 -19 -7 -8 -5 -6 -12 -5 -19 -20 -13 -16 -11 -13 -6 -2 -19 -20 -19 -7 -4 -16 -20 -20 -11 -10 -2 -14 -4 -6 -16 -3 -9
91 14 8 34 53 97 45 26 48 15 11 14 23 18 49 84 15 -11 -5 -11 -1 -11 -12 -5 -9 -2 -18 -12 -15 -15 -12 -17 -3 -12 -3 -16 -20 -13 -17 -12 -10 -9 -10 -17 -1 -19 -12 -10 -14 -16 -15 -18 -19 -3 -18 -15 -20 -14 -9 -4 -12 -5 -13 -5 -7 -14 -17 -11 -1 -2 -11 -16 -3
92 16 74 26 85 10 79 15 27 42 66 39 25 55 39 85 90 -2 -4 -14 -20 -1 -2 -1 -6 -16 -19 -17 -7 -11 -19 -4 -14 -5 -14 -13 -20 -5 -20 -16 -17 -19 -7 -13 -10 -3 -18 -3 -4 -1 -7 -13 -14 -13 -4 -13 -8 -4 -12 -1 -12 -20 -16 -8 -11 -1 -3 -1 -13 -14 -11 -19 -1
93 72 31 83 65 94 46 28 13 91 15 81 46 7 19 3 27 -19 -2 -4 -10 -14 -5 -11 -19 -2 -19 -7 -11 -18 -1 -16 -14 -10 -15 -20 -20 -16 -11 -7 -15 -16 -18 -1 -8 -1 -2 -9 -15 -5 -11 -19 -10 -3 -9 -17 -7 -4 -10 -1 -5 -4 -5 -10 -4 -2 -5 -12 -6 -10 -4 -6 -14
94 17 78 74 61 82 81 77 12 39 60 50 48 35 30 67 66 -2 -20 -5 -20 -13 -15 -2 -1 -5 -15 -5 -10 -2 -8 -16 -13 -5 -12 -4 -20 -9 -11 -20 -18 -20 -20 -1 -14 -6 -9 -6 -14 -20 -15 -17 -3 -14 -19 -18 -12 -8 -20 -6 -9 -3 -6 -1 -10 -12 -19 -11 -19 -12 -2 -17 -17
95 13 64 43 25 44 91 9 25 29 33 3 90 93 37 12 3 -8 -19 -7 -19 -16 -9 -16 -14 -10 -16 -11 -14 -3 -17 -16 -14 -3 -18 -2 -11 -12 -5 -10 -10 -3 -13 -7 -18 -8 -7 -9 -2 -10 -8 -20 -17 -20 -16 -18 -4 -11 -9 -1 -2 -8 -2 -7 -15 -18 -6 -9 -10 -2 -13 -5 -16
96 30 43 52 1 63 64 8 97 60 98 13 72 9 51 46 3 -18 -4 -7 -18 -10 -19 -8 -6 -7 -17 -5 -1 -11 -13 -10 -3 -17 -11 -3 -4 -7 -8 -11 -4 -19 -14 -9 -19 -16 -11 -13 -19 -9 -20 -8 -7 -18 -16 -8 -17 -7 -10 -19 -18 -2 -9 -17 -16 -8 -14 -19 -7 -16 -1 -4 -7
97 75 45 34 65 83 17 17 50 38 8 86 42 63 13 35 1 -5 -15 -13 -20 -6 -18 -20 -15 -12 -12 -3 -5 -17 -15 -3 -11 -7 -1 -16 -16 -12 -2 -13 -11 -3 -1 -1 -4 -8 -20 -16 -12 -9 -10 -2 -1 -1 -20 -18 -13 -13 -9 -1 -14 -12 -15 -1 -2 -9 -20 -13 -9 -8 -8 -13 -5
98 53 16 5 13 9 46 11 77 45 1 6 67 75 92 84 72 -4 -12 -5 -11 -9 -13 -6 -10 -17 -5 -5 -7 -16 -13 -19 -9 -15 -3 -15 -14 -9 -13 -5 -5 -2 -7 -2 -2 -9 -17 -15 -8 -9 -15 -2 -9 -1 -20 -11 -13 -5 -16 -10 -11 -10 -19 -1 -16 -3 -8 -15 -6 -7 -14 -3 -20
99 55 86 36 65 69 64 80 18 1 52 63 28 1 82 63 92 -12 -8 -11 -7 -14 -11 -12 -17 -16 -8 -7 -8 -17 -15 -11 -16 -1 -13 -8 -19 -3 -19 -9 -12 -19 -3 -6 -1 -8 -16 -14 -19 -17 -12 -10 -15 -5 -15 -7 -9 -15 -8 -14 -1 -5 -3 -6 -15 -20 -19 -1 -11 -13 -20 -2 -15
