8 100
2381 2496 2266 2388 2562 2722 2224 2507
0 53 90 8 23 94 37 50 79 92 87 37 85 3 81 61 32 -10 -6 -11 -6 -16 -16 -15 -19 -18 -11 -10 -14 -8 -12 -18 -6 -20 -12 -11 -12 -5 -11 -13 -1 -14 -14 -10 -1 -8 -20 -8 -7 -17 -7 -11 -5 -10 -2 -11 -9 -5 -1 -4 -11 -12 -14 -14 -17 -3 -6 -10 -20 -20 -7 -1 -19
1 5 58 46 9 7 75 55 8 86 90 19 92 30 21 65 7 -12 -14 -3 -12 -6 -11 -5 -13 -15 -18 -6 -3 -14 -9 -4 -11 -8 -9 -8 -2 -12 -5 -15 -5 -12 -7 -10 -5 -6 -6 -18 -15 -12 -14 -13 -9 -16 -7 -8 -19 -12 -5 -1 -12 -12 -15 -9 -16 -4 -4 -6 -8 -15 -6 -16 -8
2 5 66 13 70 1 71 67 42 29 42 57 5 33 15 87 57 -1 -5 -10 -15 -4 -17 -10 -18 -17 -5 -15 -10 -5 -14 -11 -13 -14 -7 -2 -8 -12 -18 -13 -13 -8 -19 -4 -8 -1 -14 -12 -19 -11 -6 -2 -19 -14 -11 -10 -3 -4 -19 -8 -18 -17 -7 -1 -11 -20 -1 -2 -5 -2 -17 -16 -10
3 38 81 83 42 32 31 25 26 95 71 68 74 1 8 31 55 -13 -2 -7 -14 -9 -6 -1 -10 -3 -12 -10 -4 -10 -5 -12 -10 -3 -9 -20 -2 -14 -17 -6 -3 -18 -6 -6 -20 -20 -1 -17 -10 -11 -3 -4 -7 -15 -6 -5 -8 -18 -8 -10 -18 -10 -19 -19 -3 -11 -12 -1 -19 -3 -2 -4 -14
4 52 64 100 68 16 55 30 4 31 99 38 89 45 14 6 50 -19 -12 -13 -9 -11 -6 -3 -19 -10 -12 -9 -6 -16 -10 -19 -14 -14 -17 -17 -6 -4 -18 -3 -10 -14 -12 -18 -18 -19 -20 -8 -4 -3 -6 -19 -18 -1 -15 -6 -5 -9 -20 -11 -20 -16 -12 -16 -2 -6 -20 -4 -13 -20 -5 -18 -7
5 48 26 73 6 73 48 33 2 9 65 42 65 20 31 43 65 -18 -1 -20 -13 -11 -17 -11 -14 -6 -4 -3 -2 -16 -10 -16 -19 -12 -20 -7 -3 -12 -19 -19 -6 -17 -20 -12 -20 -8 -9 -14 -17 -17 -8 -18 -17 -11 -15 -15 -17 -3 -9 -14 -14 -4 -8 -12 -6 -13 -15 -13 -10 -19 -10 -15 -15
6 66 94 65 11 99 85 22 20 30 80 20 87 80 72 58 38 -2 -4 -6 -16 -2 -20 -19 -14 -13 -2 -6 -19 -17 -11 -11 -19 -20 -4 -4 -20 -19 -18 -5 -10 -18 -16 -11 -15 -7 -16 -12 -7 -11 -4 -4 -2 -14 -9 -11 -19 -8 -5 -8 -7 -1 -2 -6 -9 -9 -14 -6 -4 -6 -15 -10 -16
7 44 2 76 14 15 97 87 83 3 24 37 41 78 71 92 100 -1 -16 -13 -18 -1 -3 -7 -4 -16 -2 -1 -6 -4 -3 -2 -8 -13 -13 -19 -8 -20 -20 -12 -17 -11 -10 -20 -15 -15 -9 -11 -14 -17 -1 -1 -12 -17 -4 -4 -7 -14 -19 -7 -17 -7 -19 -2 -7 -17 -20 -1 -19 -17 -12 -10 -9
8 39 83 79 81 38 10 2 55 54 7 76 26 87 19 78 86 -15 -1 -18 -7 -12 -18 -11 -16 -15 -17 -2 -16 -19 -13 -13 -20 -12 -5 -17 -16 -8 -8 -14 -13 -2 -1 -4 -9 -8 -7 -2 -1 -8 -19 -13 -17 -3 -19 -13 -2 -5 -8 -17 -18 -7 -10 -5 -9 -7 -9 -15 -5 -11 -16 -5 -12
9 12 10 42 6 2 88 99 41 78 46 50 81 96 25 22 69 -17 -15 -1 -13 -15 -10 -4 -15 -18 -20 -9 -4 -16 -1 -16 -15 -14 -18 -14 -10 -19 -13 -18 -14 -1 -11 -16 -18 -17 -12 -1 -18 -3 -5 -9 -12 -18 -13 -16 -12 -2 -13 -18 -6 -12 -3 -18 -13 -9 -11 -19 -19 -20 -6 -5 -11
10 54 56 75 59 38 81 94 21 54 27 38 40 82 39 19 68 -7 -16 -12 -16 -19 -1 -10 -19 -3 -1 -5 -16 -1 -12 -6 -18 -8 -9 -6 -1 -11 -18 -3 -17 -15 -7 -2 -13 -8 -12 -6 -16 -15 -12 -10 -9 -7 -18 -7 -9 -3 -3 -2 -8 -17 -19 -6 -3 -7 -9 -20 -8 -12 -6 -4 -11
11 33 54 37 9 72 31 95 100 86 45 94 14 46 37 41 48 -7 -4 -13 -9 -1 -16 -3 -13 -3 -20 -8 -7 -15 -6 -2 -17 -3 -3 -2 -8 -20 -4 -6 -7 -6 -11 -7 -12 -13 -8 -4 -9 -6 -9 -10 -20 -3 -12 -18 -9 -19 -9 -12 -15 -1 -4 -20 -9 -5 -18 -10 -8 -17 -9 -19 -4
12 54 78 33 56 13 65 24 56 41 70 9 93 81 39 3 61 -8 -14 -3 -8 -8 -4 -14 -3 -4 -14 -11 -10 -12 -13 -1 -1 -5 -4 -10 -10 -12 -18 -3 -2 -1 -17 -8 -7 -10 -7 -13 -8 -2 -10 -16 -11 -5 -20 -12 -6 -15 -8 -16 -7 -16 -15 -3 -3 -16 -2 -1 -9 -11 -3 -10 -4
13 32 41 31 39 19 93 87 99 4 7 22 89 48 51 100 71 -14 -19 -6 -18 -19 -17 -20 -7 -5 -4 -10 -6 -8 -1 -4 -14 -18 -10 -16 -1 -17 -12 -10 -17 -3 -11 -15 -12 -2 -12 -10 -13 -13 -15 -16 -18 -3 -13 -7 -9 -13 -3 -10 -7 -12 -16 -17 -1 -15 -12 -10 -13 -8 -5 -14 -13
14 70 72 89 86 25 81 99 79 2 27 77 62 76 19 47 90 -14 -1 -13 -14 -8 -8 -4 -4 -7 -16 -9 -12 -9 -6 -8 -1 -9 -17 -15 -1 -9 -3 -5 -2 -10 -7 -5 -7 -13 -5 -16 -19 -1 -6 -4 -4 -14 -12 -7 -9 -14 -7 -13 -9 -20 -4 -3 -19 -12 -19 -14 -17 -6 -7 -4 -19
15 100 67 33 53 86 45 29 28 62 77 4 36 85 84 100 59 -14 -4 -1 -16 -5 -3 -14 -17 -9 -18 -15 -3 -10 -16 -18 -4 -15 -19 -8 -13 -18 -20 -10 -18 -12 -7 -17 -5 -5 -6 -6 -16 -18 -5 -7 -8 -9 -15 -13 -11 -14 -11 -18 -15 -20 -18 -1 -15 -8 -12 -9 -10 -17 -18 -5 -15
16 21 42 56 88 21 10 36 31 44 78 56 95 75 53 93 37 -2 -4 -16 -15 -4 -18 -12 -10 -5 -7 -18 -20 -14 -18 -3 -3 -20 -13 -19 -1 -3 -7 -15 -11 -11 -1 -12 -5 -8 -14 -1 -19 -15 -13 -19 -16 -13 -12 -5 -16 -10 -6 -20 -4 -19 -8 -1 -7 -1 -17 -4 -10 -14 -15 -3 -20
17 53 4 97 24 71 19 29 78 8 21 43 96 7 33 2 47 -9 -9 -1 -6 -5 -5 -13 -7 -11 -16 -18 -15 -12 -3 -18 -16 -11 -9 -18 -10 -16 -9 -7 -15 -4 -20 -13 -4 -12 -5 -5 -18 -11 -16 -18 -19 -2 -19 -2 -3 -20 -13 -17 -6 -15 -7 -16 -13 -7 -5 -3 -18 -13 -9 -5 -10
18 89 78 53 59 6 15 70 54 8 42 9 48 87 36 19 71 -17 -12 -16 -17 -16 -12 -4 -15 -6 -15 -19 -19 -14 -15 -15 -7 -2 -15 -13 -8 -7 -3 -13 -7 -3 -1 -16 -3 -14 -20 -7 -8 -2 -11 -16 -20 -11 -19 -17 -3 -11 -17 -5 -15 -16 -12 -1 -12 -12 -6 -19 -11 -18 -7 -2 -11
19 52 26 35 65 85 17 73 24 2 53 4 86 23 88 30 16 -5 -6 -13 -9 -16 -8 -10 -1 -14 -1 -4 -18 -4 -9 -20 -13 -9 -2 -8 -8 -2 -17 -12 -7 -17 -19 -1 -12 -7 -18 -8 -9 -16 -14 -16 -6 -7 -7 -2 -14 -1 -19 -14 -10 -11 -14 -16 -7 -18 -17 -9 -13 -20 -3 -13 -4
20 65 98 10 46 47 73 14 51 87 55 85 6 64 72 67 52 -7 -2 -13 -13 -11 -2 -18 -14 -11 -12 -7 -18 -12 -9 -19 -15 -20 -9 -19 -4 -18 -10 -8 -2 -8 -11 -10 -10 -7 -1 -1 -18 -15 -13 -8 -5 -16 -10 -13 -8 -19 -14 -20 -17 -3 -11 -16 -20 -11 -17 -9 -17 -20 -14 -5 -5
21 16 61 50 96 52 10 74 15 83 29 71 29 99 57 88 35 -9 -13 -4 -4 -4 -16 -3 -3 -12 -15 -18 -19 -4 -7 -3 -18 -9 -11 -1 -10 -12 -12 -12 -7 -17 -8 -15 -8 -7 -10 -9 -15 -15 -2 -10 -7 -10 -7 -4 -11 -16 -15 -16 -1 -17 -1 -4 -18 -12 -10 -2 -17 -14 -6 -8 -20
22 8 47 32 40 4 47 76 37 75 34 75 16 56 86 49 85 -13 -16 -10 -17 -10 -14 -18 -20 -15 -16 -12 -1 -1 -20 -3 -5 -19 -18 -14 -8 -17 -15 -19 -16 -8 -20 -6 -8 -13 -3 -2 -8 -13 -3 -5 -16 -15 -7 -7 -19 -15 -3 -6 -15 -14 -17 -10 -3 -19 -12 -12 -4 -11 -19 -12 -11
23 42 27 24 24 58 21 35 57 42 14 49 23 84 78 63 25 -6 -2 -20 -17 -7 -8 -11 -20 -2 -10 -18 -5 -19 -8 -5 -18 -2 -6 -2 -1 -5 -4 -15 -13 -10 -16 -18 -9 -4 -1 -9 -11 -7 -16 -11 -9 -18 -2 -19 -7 -1 -18 -5 -5 -12 -20 -3 -12 -6 -15 -1 -2 -4 -14 -15 -2
24 7 58 48 72 13 37 63 75 39 20 7 94 99 56 97 86 -14 -6 -10 -19 -2 -9 -15 -7 -19 -4 -2 -16 -5 -4 -11 -18 -3 -15 -8 -5 -12 -9 -16 -9 -6 -18 -13 -2 -18 -6 -19 -12 -5 -6 -2 -14 -9 -10 -13 -19 -8 -16 -17 -5 -18 -20 -17 -15 -18 -5 -18 -20 -14 -9 -10 -17
25 81 40 52 38 29 78 68 36 68 5 57 88 38 43 51 63 -8 -6 -7 -7 -9 -9 -7 -3 -15 -2 -7 -19 -2 -3 -2 -13 -18 -11 -12 -4 -3 -20 -9 -16 -4 -17 -14 -15 -6 -20 -3 -7 -2 -10 -1 -2 -17 -5 -9 -2 -15 -8 -19 -7 -1 -12 -16 -11 -1 -13 -8 -6 -6 -2 -10 -12
26 68 40 25 44 68 86 65 78 66 36 56 9 71 71 44 2 -15 -18 -8 -17 -6 -20 -15 -2 -1 -7 -15 -11 -3 -13 -13 -15 -4 -10 -20 -1 -10 -9 -6 -16 -5 -20 -13 -16 -15 -20 -13 -16 -18 -2 -3 -14 -4 -13 -18 -6 -1 -6 -19 -10 -8 -19 -13 -19 -20 -2 -12 -3 -12 -6 -13 -1
27 18 62 70 39 18 72 26 12 55 98 82 88 15 7 48 26 -11 -6 -3 -20 -5 -7 -2 -6 -17 -13 -10 -8 -19 -4 -9 -18 -4 -19 -7 -20 -16 -6 -16 -2 -2 -10 -5 -11 -3 -2 -3 -3 -12 -14 -1 -15 -6 -17 -10 -4 -9 -5 -12 -10 -18 -13 -13 -5 -1 -1 -14 -19 -1 -14 -10 -3
28 27 5 55 96 43 32 96 71 27 47 40 38 30 25 81 23 -6 -17 -11 -14 -3 -20 -3 -1 -14 -10 -4 -12 -7 -15 -12 -20 -14 -20 -10 -19 -19 -6 -6 -1 -8 -4 -17 -7 -14 -7 -19 -3 -20 -20 -12 -3 -12 -11 -6 -2 -3 -6 -19 -20 -19 -1 -9 -12 -8 -3 -8 -16 -18 -12 -6 -6
29 56 75 42 62 81 16 19 90 1 26 98 39 23 50 96 94 -6 -15 -19 -8 -5 -14 -4 -17 -9 -7 -5 -9 -10 -11 -20 -10 -10 -13 -2 -6 -3 -17 -11 -3 -9 -13 -2 -12 -6 -16 -14 -13 -13 -18 -12 -2 -2 -10 -11 -9 -14 -11 -7 -6 -6 -13 -12 -3 -19 -16 -2 -2 -10 -18 -7 -14
30 75 28 6 71 95 14 62 5 73 20 1 53 17 74 84 82 -8 -15 -15 -8 -5 -20 -13 -6 -16 -5 -3 -8 -18 -17 -6 -3 -8 -15 -1 -1 -7 -13 -18 -10 -14 -13 -16 -20 -11 -11 -5 -16 -17 -16 -13 -11 -10 -11 -20 -7 -13 -10 -6 -1 -13 -2 -8 -8 -4 -18 -4 -19 -19 -1 -20 -15
31 33 23 68 98 72 9 27 90 74 79 80 82 31 80 45 29 -19 -4 -16 -18 -7 -14 -6 -6 -2 -6 -8 -16 -14 -11 -18 -16 -9 -20 -5 -6 -12 -1 -14 -5 -2 -5 -11 -10 -20 -19 -5 -16 -1 -19 -2 -20 -11 -15 -2 -10 -18 -4 -14 -19 -17 -5 -19 -7 -3 -9 -12 -12 -1 -11 -15 -9
32 81 72 10 34 98 88 87 75 11 20 31 84 41 25 80 7 -4 -11 -8 -10 -4 -4 -6 -11 -6 -7 -2 -15 -19 -2 -7 -16 -18 -12 -17 -9 -10 -11 -8 -15 -10 -9 -3 -12 -4 -16 -3 -17 -7 -5 -19 -6 -3 -3 -10 -1 -20 -13 -4 -7 -5 -18 -12 -8 -5 -9 -12 -4 -10 -5 -6 -10
33 9 89 94 64 7 73 48 87 88 79 28 99 42 64 11 77 -9 -19 -10 -12 -6 -9 -19 -5 -8 -17 -20 -15 -19 -10 -20 -2 -18 -20 -7 -14 -4 -20 -6 -12 -20 -11 -3 -7 -8 -4 -5 -2 -16 -17 -19 -4 -13 -8 -8 -2 -7 -15 -3 -3 -15 -20 -1 -10 -9 -2 -10 -2 -20 -13 -6 -16
34 96 22 72 98 58 44 73 55 85 75 16 98 72 99 19 10 -5 -17 -17 -16 -12 -7 -4 -12 -7 -15 -12 -1 -5 -8 -12 -16 -12 -8 -17 -3 -12 -13 -5 -9 -14 -1 -7 -13 -9 -15 -5 -6 -2 -6 -6 -20 -16 -17 -20 -1 -15 -20 -11 -9 -2 -8 -17 -18 -14 -5 -2 -18 -4 -18 -14 -1
35 56 72 78 72 25 4 19 1 62 54 12 47 34 86 79 45 -14 -12 -4 -13 -7 -3 -9 -12 -5 -15 -16 -11 -4 -11 -1 -18 -14 -6 -20 -8 -17 -20 -7 -12 -12 -1 -7 -4 -2 -14 -2 -11 -4 -2 -17 -1 -13 -7 -20 -5 -2 -18 -15 -10 -12 -7 -15 -18 -3 -14 -12 -5 -13 -2 -2 -16
36 34 85 2 25 51 21 88 12 35 65 71 10 100 54 37 15 -13 -15 -16 -13 -10 -8 -17 -14 -13 -4 -4 -17 -11 -9 -7 -1 -3 -20 -11 -10 -17 -10 -12 -18 -3 -14 -12 -14 -15 -20 -8 -6 -16 -12 -20 -6 -5 -1 -9 -7 -19 -12 -17 -11 -16 -15 -4 -7 -5 -6 -16 -2 -10 -11 -11 -3
37 35 87 62 72 74 23 40 86 31 77 10 30 87 33 26 7 -1 -6 -1 -12 -4 -15 -18 -5 -4 -4 -3 -14 -7 -20 -12 -8 -14 -5 -3 -6 -17 -9 -7 -1 -19 -4 -17 -6 -11 -19 -8 -20 -5 -2 -12 -4 -1 -10 -11 -3 -1 -14 -13 -3 -20 -2 -20 -17 -14 -1 -7 -7 -6 -3 -13 -5
38 61 32 80 7 40 2 53 7 18 43 29 87 33 13 21 5 -8 -9 -18 -14 -2 -6 -12 -10 -4 -16 -17 -17 -9 -13 -14 -18 -14 -4 -6 -13 -4 -13 -14 -10 -18 -17 -5 -3 -15 -8 -16 -15 -18 -1 -5 -6 -14 -12 -2 -11 -2 -18 -4 -12 -17 -4 -3 -19 -19 -3 -8 -16 -5 -10 -16 -4
39 29 61 32 85 3 31 28 49 64 43 10 52 92 38 16 77 -3 -1 -16 -11 -6 -4 -17 -9 -17 -13 -5 -13 -17 -9 -3 -16 -13 -9 -10 -5 -12 -11 -3 -18 -17 -11 -13 -1 -20 -8 -8 -19 -15 -10 -11 -14 -19 -18 -3 -19 -4 -12 -10 -1 -20 -1 -4 -2 -5 -10 -10 -4 -8 -8 -19 -2
40 52 69 46 83 64 54 4 84 39 37 45 40 90 21 32 6 -16 -5 -2 -7 -17 -15 -13 -18 -7 -9 -2 -20 -20 -14 -8 -14 -16 -2 -20 -2 -8 -2 -11 -4 -7 -20 -11 -15 -4 -18 -19 -5 -4 -10 -4 -13 -17 -1 -5 -5 -9 -20 -11 -11 -4 -6 -4 -19 -6 -17 -15 -12 -6 -2 -18 -9
41 46 73 19 3 7 75 84 86 51 74 77 83 39 99 57 63 -15 -5 -9 -16 -17 -13 -11 -19 -19 -12 -19 -9 -11 -2 -6 -5 -9 -13 -7 -17 -11 -8 -6 -15 -13 -3 -20 -4 -4 -19 -6 -16 -13 -20 -7 -4 -19 -14 -10 -7 -6 -1 -1 -20 -9 -6 -14 -19 -19 -19 -10 -4 -6 -8 -14 -12
42 20 31 27 21 14 8 67 42 38 62 82 54 34 93 80 60 -5 -15 -5 -10 -11 -10 -11 -11 -15 -19 -6 -2 -6 -20 -13 -16 -19 -18 -11 -5 -7 -16 -15 -15 -3 -9 -11 -1 -10 -9 -1 -19 -15 -15 -13 -5 -9 -18 -7 -18 -8 -15 -12 -15 -12 -14 -7 -8 -12 -13 -12 -15 -8 -5 -18 -12
43 60 69 95 52 12 23 68 81 68 88 99 95 37 55 8 12 -20 -10 -17 -9 -5 -9 -18 -17 -9 -6 -17 -17 -13 -19 -5 -10 -15 -19 -17 -7 -15 -1 -18 -10 -12 -2 -6 -1 -6 -17 -5 -3 -12 -10 -18 -5 -4 -9 -12 -7 -16 -6 -15 -6 -7 -6 -17 -20 -11 -4 -2 -13 -14 -19 -3 -17
44 1 2 92 18 82 15 66 48 49 66 82 69 28 81 33 83 -5 -3 -14 -1 -17 -7 -3 -11 -2 -17 -18 -13 -19 -15 -8 -13 -9 -3 -1 -2 -16 -19 -6 -11 -18 -14 -4 -6 -6 -3 -11 -7 -19 -4 -9 -6 -6 -15 -16 -16 -14 -19 -2 -1 -2 -3 -2 -16 -20 -4 -1 -13 -1 -20 -15 -13
45 90 29 62 10 89 77 6 77 43 3 91 79 76 1 75 65 -11 -2 -1 -13 -7 -5 -11 -8 -17 -9 -15 -14 -3 -15 -2 -2 -12 -18 -18 -20 -13 -10 -8 -13 -3 -3 -16 -4 -5 -9 -5 -19 -16 -4 -19 -14 -11 -6 -10 -11 -16 -7 -6 -19 -6 -5 -11 -4 -1 -12 -16 -17 -12 -15 -16 -9
46 86 48 20 20 93 92 98 9 90 60 20 63 88 2 84 71 -6 -10 -20 -10 -5 -20 -1 -14 -12 -15 -11 -18 -15 -12 -20 -7 -1 -5 -3 -11 -17 -18 -17 -3 -17 -20 -1 -4 -17 -10 -9 -11 -5 -9 -17 -13 -10 -15 -8 -4 -11 -18 -8 -17 -7 -19 -19 -3 -15 -3 -14 -14 -15 -20 -6 -7
47 90 51 20 10 98 100 32 81 58 20 52 31 46 17 22 74 -6 -14 -1 -7 -17 -20 -8 -1 -18 -18 -15 -5 -5 -3 -16 -4 -12 -14 -9 -9 -19 -17 -5 -9 -12 -11 -20 -13 -10 -12 -8 -20 -9 -4 -8 -2 -1 -17 -1 -3 -3 -7 -10 -8 -4 -3 -4 -4 -18 -13 -19 -3 -13 -9 -10 -5
48 29 97 19 100 19 11 1 27 46 5 5 36 10 31 41 13 -2 -12 -17 -13 -11 -8 -4 -20 -6 -20 -9 -18 -18 -10 -4 -6 -18 -11 -19 -14 -7 -12 -9 -7 -12 -6 -10 -18 -3 -1 -7 -17 -12 -12 -2 -18 -4 -19 -1 -1 -13 -13 -11 -20 -19 -20 -5 -10 -11 -12 -6 -19 -19 -3 -19 -14
49 34 23 86 17 38 31 21 49 4 42 66 61 97 61 16 73 -10 -18 -3 -11 -13 -18 -18 -6 -12 -3 -8 -20 -10 -4 -7 -13 -17 -17 -14 -17 -16 -16 -10 -18 -1 -12 -2 -1 -14 -18 -9 -17 -15 -10 -11 -13 -4 -5 -2 -15 -7 -7 -12 -3 -12 -17 -14 -12 -18 -11 -17 -6 -7 -3 -9 -20
50 66 11 29 32 58 82 94 75 15 10 72 33 29 80 47 87 -6 -16 -19 -13 -13 -20 -19 -5 -18 -17 -1 -16 -18 -4 -1 -6 -4 -12 -10 -18 -5 -5 -10 -15 -7 -7 -6 -18 -8 -10 -17 -8 -18 -8 -3 -11 -18 -10 -1 -8 -16 -7 -4 -13 -7 -15 -12 -8 -15 -2 -5 -6 -12 -5 -14 -4
51 6 87 18 49 4 25 100 47 38 71 88 97 56 20 26 49 -14 -10 -15 -20 -19 -1 -17 -13 -3 -8 -16 -13 -4 -16 -17 -18 -7 -13 -14 -17 -14 -11 -3 -5 -2 -20 -8 -5 -8 -4 -12 -18 -20 -4 -15 -5 -3 -14 -17 -14 -6 -18 -8 -16 -8 -20 -20 -11 -9 -5 -12 -20 -11 -11 -4 -3
52 21 96 19 31 49 43 37 74 78 67 85 4 72 73 25 28 -16 -16 -6 -9 -9 -19 -19 -14 -18 -14 -16 -3 -2 -3 -8 -6 -1 -5 -8 -18 -19 -4 -19 -2 -10 -13 -20 -14 -6 -9 -13 -8 -13 -4 -5 -8 -12 -11 -14 -12 -17 -10 -3 -4 -1 -13 -14 -18 -7 -13 -9 -10 -17 -5 -19 -2
53 90 20 49 27 70 35 57 55 9 39 7 13 96 21 3 19 -20 -3 -15 -1 -13 -8 -11 -2 -14 -6 -1 -1 -5 -4 -5 -10 -15 -5 -3 -20 -3 -17 -15 -3 -18 -10 -6 -4 -13 -17 -20 -17 -3 -20 -2 -18 -5 -10 -9 -15 -7 -14 -11 -9 -8 -19 -11 -4 -11 -19 -18 -17 -18 -2 -1 -19
54 10 3 19 30 85 73 51 100 70 20 67 15 8 27 11 71 -20 -6 -1 -19 -20 -13 -17 -13 -20 -11 -8 -18 -16 -15 -9 -9 -18 -10 -12 -14 -4 -5 -1 -1 -11 -15 -18 -16 -9 -9 -7 -2 -8 -11 -4 -16 -19 -8 -18 -16 -10 -15 -9 -2 -10 -4 -13 -15 -20 -18 -14 -17 -3 -7 -10 -14
55 46 9 51 78 40 54 3 7 54 62 84 100 30 1 50 96 -6 -4 -19 -8 -17 -3 -3 -4 -5 -3 -5 -10 -5 -1 -2 -17 -15 -14 -13 -18 -15 -16 -14 -7 -8 -2 -16 -11 -12 -19 -13 -13 -19 -7 -18 -8 -14 -13 -7 -15 -9 -14 -8 -10 -13 -9 -19 -10 -3 -7 -14 -20 -1 -10 -13 -7
56 49 12 40 80 23 8 79 26 7 5 43 19 86 34 51 42 -10 -6 -5 -18 -2 -10 -20 -18 -12 -10 -17 -4 -4 -20 -16 -7 -6 -18 -17 -3 -16 -1 -10 -6 -4 -10 -3 -15 -13 -17 -12 -7 -10 -20 -13 -16 -20 -11 -5 -15 -6 -3 -18 -6 -6 -4 -16 -12 -2 -9 -10 -15 -12 -5 -7 -8
57 55 72 16 98 74 87 19 58 41 96 29 24 4 19 77 82 -8 -9 -3 -16 -15 -5 -6 -11 -20 -19 -8 -3 -3 -6 -5 -13 -14 -17 -15 -19 -17 -20 -19 -17 -8 -18 -16 -17 -19 -6 -15 -17 -7 -11 -10 -14 -2 -11 -16 -18 -15 -12 -12 -20 -20 -11 -15 -4 -15 -2 -8 -7 -9 -1 -9 -1
58 83 71 93 77 94 81 48 61 30 70 82 91 72 92 88 74 -5 -19 -19 -11 -19 -13 -20 -8 -12 -13 -7 -20 -13 -9 -13 -19 -14 -14 -6 -13 -5 -9 -12 -17 -17 -17 -15 -17 -10 -12 -12 -19 -20 -7 -18 -12 -13 -20 -3 -8 -8 -8 -19 -3 -1 -6 -13 -12 -11 -10 -16 -1 -14 -11 -14 -5
59 91 53 3 59 75 25 84 92 62 91 66 3 30 41 15 96 -15 -5 -13 -12 -7 -12 -8 -6 -19 -16 -14 -7 -17 -17 -18 -7 -12 -5 -16 -20 -20 -15 -3 -19 -2 -18 -18 -14 -15 -11 -7 -15 -12 -12 -14 -10 -19 -1 -16 -9 -5 -19 -1 -9 -8 -5 -10 -5 -7 -1 -8 -15 -6 -9 -19 -1
60 22 41 34 100 2 10 96 82 95 71 77 85 39 71 19 37 -8 -11 -7 -20 -7 -2 -12 -12 -16 -14 -12 -19 -10 -2 -10 -15 -4 -9 -4 -2 -10 -3 -20 -19 -3 -14 -12 -17 -3 -13 -16 -10 -6 -1 -1 -18 -12 -20 -10 -14 -15 -5 -11 -18 -2 -14 -19 -19 -12 -4 -9 -13 -18 -17 -18 -15
61 41 86 53 27 81 25 63 64 5 92 5 12 100 22 26 27 -16 -19 -3 -2 -10 -16 -4 -14 -13 -8 -3 -7 -10 -3 -7 -11 -7 -3 -17 -16 -2 -11 -2 -9 -18 -5 -18 -4 -9 -7 -9 -7 -1 -3 -2 -9 -7 -17 -14 -18 -11 -10 -3 -16 -2 -18 -3 -20 -2 -13 -14 -12 -11 -17 -8 -8
62 32 79 96 86 12 34 63 22 15 24 32 24 4 6 95 73 -16 -6 -17 -12 -3 -5 -16 -7 -7 -4 -20 -2 -9 -19 -3 -17 -18 -6 -9 -8 -6 -16 -13 -12 -11 -9 -14 -12 -15 -11 -20 -15 -5 -1 -20 -9 -4 -6 -12 -8 -5 -11 -1 -14 -19 -14 -6 -18 -18 -11 -8 -20 -1 -12 -6 -16
63 80 15 78 7 43 19 68 85 33 81 32 69 5 38 78 71 -16 -20 -11 -3 -3 -18 -17 -19 -14 -14 -14 -11 -12 -10 -3 -11 -3 -14 -6 -1 -4 -13 -4 -6 -1 -12 -7 -1 -11 -7 -7 -5 -2 -2 -5 -19 -17 -10 -7 -17 -7 -8 -5 -10 -2 -8 -7 -12 -9 -15 -2 -15 -10 -14 -12 -8
64 72 26 64 28 54 90 2 74 87 86 47 54 20 4 2 10 -16 -7 -2 -8 -17 -8 -4 -18 -12 -5 -6 -15 -18 -17 -16 -13 -3 -11 -4 -6 -6 -9 -18 -13 -19 -1 -18 -13 -8 -18 -14 -4 -20 -14 -14 -2 -16 -7 -18 -18 -4 -15 -1 -13 -6 -20 -20 -3 -17 -1 -9 -20 -11 -20 -18 -2
65 2 44 8 46 52 37 75 84 38 9 16 54 93 15 25 31 -4 -6 -15 -17 -6 -20 -9 -7 -20 -7 -16 -20 -6 -19 -5 -14 -17 -10 -2 -4 -7 -4 -13 -7 -9 -19 -17 -11 -19 -1 -3 -5 -6 -2 -4 -17 -4 -4 -14 -15 -7 -3 -2 -5 -7 -4 -18 -13 -7 -13 -14 -4 -14 -4 -12 -7
66 59 54 36 51 11 78 57 12 66 18 59 70 40 27 44 37 -19 -11 -10 -11 -12 -1 -16 -6 -2 -1 -15 -6 -19 -20 -11 -19 -7 -16 -12 -19 -12 -19 -7 -10 -8 -5 -13 -4 -19 -12 -10 -3 -20 -14 -15 -18 -2 -5 -4 -14 -11 -13 -10 -15 -16 -20 -18 -15 -18 -4 -19 -2 -4 -20 -12 -1
67 60 54 25 53 22 49 5 14 84 13 32 13 59 72 42 58 -7 -2 -5 -7 -12 -12 -5 -20 -18 -14 -19 -20 -6 -12 -1 -13 -2 -5 -6 -13 -5 -6 -19 -1 -5 -4 -4 -18 -9 -12 -1 -7 -18 -6 -18 -18 -11 -5 -5 -20 -14 -19 -9 -6 -11 -6 -1 -4 -14 -17 -19 -19 -12 -20 -15 -10
68 43 19 17 33 49 11 43 72 36 89 18 21 28 13 21 22 -18 -2 -2 -5 -6 -18 -12 -1 -6 -10 -11 -9 -2 -4 -6 -6 -18 -20 -2 -1 -7 -14 -12 -7 -5 -20 -3 -14 -3 -11 -3 -13 -10 -1 -12 -18 -4 -20 -18 -11 -8 -8 -4 -9 -12 -16 -7 -16 -10 -2 -18 -3 -13 -20 -10 -14
69 76 30 39 10 32 91 28 52 52 29 83 34 17 24 92 36 -7 -5 -7 -9 -10 -20 -8 -17 -12 -1 -14 -10 -9 -3 -4 -3 -13 -2 -3 -18 -9 -19 -15 -19 -5 -5 -11 -20 -20 -18 -2 -7 -16 -11 -8 -7 -18 -11 -3 -19 -4 -9 -7 -9 -13 -5 -12 -18 -18 -16 -19 -8 -6 -12 -18 -4
70 48 39 41 97 28 58 23 64 83 81 43 65 6 64 91 41 -11 -20 -16 -4 -7 -14 -2 -11 -7 -19 -11 -20 -7 -8 -5 -16 -4 -2 -6 -17 -15 -1 -8 -19 -16 -4 -16 -8 -9 -18 -13 -3 -20 -17 -9 -18 -7 -20 -17 -7 -14 -9 -2 -8 -2 -17 -4 -12 -1 -8 -5 -9 -10 -18 -15 -12
71 68 52 71 50 97 100 10 45 15 44 79 76 17 21 94 58 -14 -17 -16 -3 -11 -9 -6 -11 -9 -2 -14 -20 -20 -4 -3 -11 -12 -10 -6 -18 -7 -1 -9 -3 -1 -9 -10 -3 -5 -4 -20 -2 -14 -16 -6 -3 -6 -17 -2 -20 -4 -3 -11 -4 -12 -16 -16 -6 -5 -13 -5 -7 -7 -4 -12 -19
72 59 22 45 85 97 64 56 31 98 100 83 98 46 43 10 33 -20 -11 -9 -9 -6 -5 -8 -19 -13 -18 -8 -5 -5 -13 -3 -4 -20 -13 -1 -2 -15 -16 -15 -6 -17 -10 -19 -15 -3 -3 -1 -2 -6 -15 -11 -3 -16 -9 -6 -8 -2 -2 -17 -8 -3 -11 -7 -4 -17 -1 -11 -12 -11 -17 -4 -11
73 10 90 97 64 31 44 63 3 39 85 92 2 92 4 32 45 -20 -12 -5 -11 -11 -13 -11 -5 -1 -2 -2 -15 -14 -4 -19 -8 -2 -20 -9 -16 -6 -6 -12 -12 -19 -2 -4 -13 -3 -20 -7 -14 -13 -1 -13 -15 -17 -17 -8 -17 -8 -15 -18 -4 -12 -15 -1 -12 -6 -18 -5 -9 -17 -10 -12 -7
74 62 1 22 44 12 66 18 9 90 3 45 44 38 20 30 99 -18 -16 -4 -9 -20 -17 -7 -3 -9 -1 -17 -13 -17 -10 -1 -14 -14 -13 -8 -12 -4 -8 -7 -12 -5 -17 -6 -19 -17 -2 -2 -6 -11 -18 -15 -17 -20 -6 -17 -2 -6 -5 -9 -5 -3 -4 -1 -20 -14 -11 -2 -4 -14 -2 -4 -17
75 67 70 67 79 51 64 15 9 26 34 68 29 69 44 10 78 -13 -15 -4 -5 -11 -12 -15 -13 -2 -7 -5 -4 -5 -12 -11 -6 -12 -12 -17 -2 -4 -15 -19 -1 -7 -9 -15 -20 -14 -14 -17 -20 -1 -11 -19 -7 -10 -2 -5 -13 -16 -6 -2 -8 -11 -4 -16 -10 -12 -5 -8 -10 -3 -19 -19 -19
76 49 11 82 35 84 17 7 19 96 21 54 99 90 64 42 63 -14 -17 -1 -19 -15 -13 -6 -20 -15 -15 -7 -15 -1 -15 -7 -5 -3 -13 -8 -18 -10 -1 -9 -13 -20 -13 -7 -17 -13 -17 -1 -18 -12 -4 -13 -16 -15 -16 -19 -3 -10 -13 -1 -8 -1 -4 -15 -13 -14 -4 -11 -20 -17 -5 -13 -4
77 1 57 63 53 10 26 38 3 89 98 29 99 34 39 89 28 -4 -3 -1 -5 -20 -15 -10 -13 -17 -3 -14 -9 -8 -16 -1 -6 -16 -13 -8 -3 -3 -9 -2 -7 -19 -13 -1 -15 -14 -4 -9 -10 -18 -3 -19 -1 -14 -5 -20 -15 -17 -13 -13 -13 -3 -15 -9 -14 -12 -17 -18 -18 -17 -16 -7 -3
78 71 32 84 30 16 1 32 92 35 6 3 43 40 76 35 13 -4 -13 -5 -6 -6 -15 -19 -13 -12 -3 -2 -12 -19 -9 -9 -9 -8 -9 -4 -10 -18 -17 -17 -5 -11 -2 -11 -1 -7 -4 -15 -5 -9 -1 -17 -15 -6 -6 -2 -13 -19 -15 -10 -20 -17 -10 -16 -20 -17 -4 -2 -12 -4 -7 -11 -8
79 82 69 88 75 35 9 88 11 88 42 5 51 67 28 5 96 -20 -19 -1 -3 -10 -1 -10 -11 -1 -4 -16 -4 -1 -5 -19 -8 -20 -9 -16 -14 -18 -15 -12 -7 -9 -3 -1 -13 -9 -10 -18 -12 -9 -18 -7 -16 -6 -20 -15 -2 -5 -9 -2 -6 -2 -13 -6 -15 -6 -14 -18 -12 -16 -1 -16 -1
80 16 41 18 95 91 50 33 63 52 77 36 81 51 20 83 34 -12 -18 -2 -10 -6 -7 -12 -10 -2 -4 -14 -9 -3 -12 -8 -7 -7 -19 -14 -5 -11 -14 -14 -17 -9 -9 -3 -18 -9 -5 -11 -13 -8 -20 -6 -8 -13 -13 -9 -16 -11 -7 -7 -14 -1 -19 -4 -2 -10 -17 -17 -2 -3 -16 -7 -20
81 30 13 34 68 47 18 55 13 8 1 97 73 47 85 70 36 -6 -18 -19 -6 -1 -5 -13 -17 -12 -7 -20 -9 -3 -4 -6 -14 -18 -5 -13 -2 -13 -5 -11 -7 -10 -17 -7 -9 -20 -15 -7 -19 -6 -2 -16 -1 -18 -13 -13 -14 -2 -11 -9 -19 -13 -18 -16 -18 -16 -9 -18 -18 -3 -16 -18 -20
82 35 63 29 9 56 14 63 77 9 53 18 21 17 88 26 85 -6 -6 -4 -17 -1 -1 -7 -16 -6 -18 -12 -8 -9 -9 -13 -11 -2 -10 -19 -17 -17 -6 -6 -20 -5 -8 -11 -8 -4 -14 -12 -18 -11 -5 -16 -8 -7 -7 -4 -20 -9 -9 -6 -4 -9 -3 -11 -11 -5 -19 -1 -10 -1 -14 -14 -5
83 98 52 62 80 49 31 65 52 23 18 64 53 10 26 59 17 -9 -19 -17 -20 -17 -10 -12 -4 -9 -8 -9 -5 -5 -19 -10 -2 -17 -1 -2 -8 -15 -18 -15 -12 -14 -11 -12 -18 -6 -13 -13 -20 -16 -12 -10 -10 -2 -14 -2 -17 -18 -4 -18 -4 -2 -12 -19 -6 -2 -5 -15 -12 -9 -18 -5 -15
84 60 95 76 78 73 9 22 11 96 45 66 80 53 21 77 11 -14 -20 -8 -6 -6 -1 -1 -10 -14 -17 -14 -20 -12 -12 -4 -16 -1 -5 -1 -15 -3 -6 -9 -15 -6 -19 -12 -2 -12 -3 -2 -16 -9 -16 -11 -3 -19 -16 -18 -12 -10 -3 -18 -11 -14 -7 -19 -9 -9 -5 -8 -7 -7 -20 -10 -14
85 1 8 29 27 14 33 32 54 36 35 73 89 36 88 47 19 -11 -5 -19 -2 -20 -4 -9 -20 -20 -15 -15 -19 -4 -15 -19 -10 -13 -2 -7 -7 -1 -16 -13 -20 -11 -15 -17 -16 -16 -16 -13 -14 -2 -5 -11 -3 -3 -9 -14 -7 -18 -18 -5 -8 -17 -9 -17 -9 -19 -6 -14 -9 -10 -7 -10 -15
86 53 46 57 20 4 51 1 24 45 48 46 44 10 41 26 28 -11 -12 -14 -19 -8 -14 -8 -6 -4 -4 -14 -14 -15 -17 -7 -5 -18 -7 -19 -16 -5 -2 -16 -12 -6 -7 -3 -6 -17 -11 -1 -19 -10 -14 -9 -16 -6 -18 -8 -14 -19 -3 -1 -18 -12 -18 -10 -14 -17 -13 -5 -8 -17 -2 -3 -7
87 79 21 49 100 43 76 95 81 67 81 27 89 18 9 96 74 -9 -17 -19 -5 -14 -19 -2 -8 -6 -7 -6 -14 -17 -9 -20 -16 -15 -17 -6 -14 -15 -15 -6 -3 -2 -19 -17 -20 -16 -13 -9 -19 -13 -14 -5 -10 -5 -10 -11 -19 -18 -16 -16 -11 -9 -19 -17 -4 -2 -1 -8 -8 -20 -12 -13 -5
88 26 4 70 94 21 57 21 16 17 96 29 31 51 53 64 7 -13 -2 -12 -19 -2 -15 -14 -6 -18 -4 -20 -18 -17 -11 -19 -20 -19 -2 -4 -4 -6 -17 -14 -2 -1 -1 -14 -11 -8 -16 -9 -14 -9 -4 -19 -7 -15 -4 -11 -17 -15 -11 -13 -3 -17 -15 -11 -2 -2 -17 -11 -19 -13 -10 -3 -20
89 77 6 98 100 16 41 55 57 28 75 73 39 18 37 30 52 -19 -4 -6 -12 -16 -3 -13 -11 -4 -14 -19 -6 -13 -18 -14 -19 -3 -8 -1 -13 -16 -15 -4 -3 -17 -11 -20 -2 -18 -11 -5 -3 -15 -20 -7 -9 -9 -4 -16 -7 -18 -2 -10 -14 -2 -7 -5 -13 -14 -20 -13 -3 -13 -7 -19 -4
90 23 85 14 32 3 30 20 24 94 89 4 19 57 22 56 91 -6 -10 -9 -17 -1 -1 -14 -9 -9 -11 -19 -16 -3 -16 -12 -14 -1 -7 -6 -12 -10 -5 -20 -6 -10 -7 -20 -8 -4 -16 -8 -15 -4 -16 -2 -17 -10 -11 -9 -12 -15 -13 -10 -18 -13 -2 -5 -1 -5 -13 -10 -4 -7 -9 -19 -13
91 49 29 29 52 75 4 39 33 33 41 14 67 48 29 53 33 -11 -3 -17 -4 -7 -3 -14 -14 -12 -1 -5 -17 -11 -17 -18 -15 -19 -6 -3 -16 -14 -4 -15 -3 -1 -15 -12 -20 -12 -16 -17 -6 -10 -5 -9 -4 -17 -19 -5 -20 -12 -14 -13 -13 -13 -13 -15 -1 -2 -7 -5 -19 -13 -1 -11 -20
92 97 30 46 6 37 87 40 61 6 86 22 89 37 26 18 85 -3 -2 -10 -6 -14 -8 -19 -13 -17 -12 -14 -6 -1 -11 -15 -12 -9 -5 -19 -5 -11 -15 -1 -6 -6 -1 -1 -15 -12 -3 -8 -17 -17 -5 -3 -17 -6 -10 -11 -2 -8 -15 -20 -7 -18 -11 -17 -6 -20 -6 -10 -7 -4 -16 -11 -12
93 44 30 63 59 55 70 49 6 70 15 82 42 93 97 75 78 -8 -10 -15 -15 -6 -13 -13 -6 -13 -7 -12 -14 -19 -7 -4 -15 -16 -16 -12 -12 -17 -13 -19 -14 -8 -14 -19 -19 -11 -14 -10 -20 -4 -8 -14 -7 -10 -1 -5 -19 -18 -8 -20 -4 -4 -11 -16 -16 -7 -1 -17 -6 -3 -2 -6 -14
94 60 36 56 13 3 97 72 10 21 1 45 39 84 61 95 93 -7 -1 -13 -1 -4 -4 -19 -8 -19 -12 -15 -17 -3 -20 -10 -20 -11 -13 -16 -9 -4 -20 -13 -7 -4 -10 -12 -7 -7 -3 -11 -5 -3 -7 -19 -14 -5 -4 -11 -5 -13 -19 -13 -6 -4 -16 -10 -18 -9 -17 -2 -18 -10 -14 -10 -10
95 32 29 41 44 22 21 57 82 39 64 9 59 82 26 11 4 -15 -5 -12 -11 -15 -10 -17 -14 -13 -1 -6 -6 -19 -12 -4 -10 -14 -15 -14 -14 -5 -3 -13 -1 -19 -3 -20 -18 -4 -16 -2 -16 -5 -13 -3 -3 -2 -12 -1 -19 -14 -14 -17 -10 -17 -12 -19 -10 -10 -9 -14 -3 -8 -11 -19 -12
96 50 47 7 26 68 17 27 72 6 100 79 6 75 44 11 59 -8 -4 -20 -3 -6 -8 -20 -8 -1 -20 -6 -4 -11 -19 -9 -10 -11 -12 -7 -12 -8 -17 -9 -7 -7 -16 -16 -17 -14 -1 -19 -2 -14 -10 -16 -7 -3 -4 -3 -6 -20 -18 -12 -12 -8 -2 -10 -6 -10 -14 -12 -10 -11 -11 -6 -17
97 37 56 45 7 48 29 86 9 24 65 82 7 46 83 25 22 -9 -14 -11 -3 -14 -12 -9 -4 -13 -6 -3 -20 -20 -14 -20 -11 -13 -10 -15 -20 -3 -18 -14 -11 -16 -3 -19 -4 -17 -1 -20 -9 -3 -13 -4 -11 -10 -20 -3 -12 -4 -6 -10 -13 -2 -2 -20 -18 -3 -11 -11 -6 -6 -20 -15 -1
98 27 21 98 7 76 52 48 50 83 80 2 87 75 54 70 18 -16 -1 -1 -12 -5 -7 -17 -2 -14 -9 -16 -12 -11 -4 -16 -1 -6 -5 -18 -12 -5 -11 -12 -8 -13 -15 -18 -12 -11 -8 -4 -5 -19 -8 -3 -17 -10 -6 -14 -6 -2 -11 -4 -14 -15 -6 -12 -13 -12 -5 -17 -10 -16 -6 -6 -8
99 68 58 83 76 36 19 59 36 93 64 48 1 69 28 67 76 -4 -19 -14 -4 -1 -20 -1 -12 -17 -2 -19 -17 -18 -12 -14 -11 -11 -15 -11 -13 -10 -19 -16 -8 -16 -16 -15 -17 -19 -9 -11 -4 -8 -1 -20 -7 -2 -18 -9 -8 -13 -1 -2 -8 -3 -14 -5 -19 -8 -5 -13 -14 -6 -4 -2 -7
