8 100
3851 4068 3844 3921 4152 3973 3913 3821
0 6 33 48 55 89 6 30 44 16 60 92 6 5 19 64 8 -14 -1 -20 -2 -15 -19 -14 -12 -12 -13 -13 -19 -19 -2 -7 -7 -5 -10 -7 -10 -9 -5 -5 -8 -4 -11 -11 -19 -8 -18 -8 -15 -17 -15 -18 -20 -15 -11 -5 -6 -14 -1 -13 -3 -19 -10 -11 -14 -16 -11 -2 -1 -13 -17 -1 -4
1 59 19 6 92 76 95 83 23 72 27 35 21 62 80 52 9 -3 -17 -19 -4 -16 -2 -11 -16 -2 -6 -2 -12 -19 -18 -20 -7 -4 -1 -11 -5 -7 -2 -19 -18 -20 -15 -5 -14 -1 -20 -4 -3 -15 -15 -1 -18 -19 -20 -13 -18 -17 -10 -19 -16 -19 -12 -19 -5 -12 -10 -14 -16 -20 -4 -20 -19
2 54 46 76 18 57 33 59 98 16 91 10 87 95 81 53 96 -10 -10 -7 -10 -16 -2 -13 -3 -18 -7 -7 -4 -19 -15 -6 -13 -1 -12 -9 -15 -12 -19 -16 -12 -19 -16 -6 -20 -7 -10 -7 -12 -7 -8 -1 -18 -9 -17 -11 -1 -10 -6 -10 -5 -12 -5 -5 -4 -11 -2 -17 -7 -19 -8 -14 -1
3 42 15 77 85 80 30 31 63 23 79 5 84 5 66 15 9 -3 -3 -10 -19 -8 -11 -19 -20 -6 -20 -3 -11 -17 -4 -17 -20 -2 -13 -18 -14 -13 -14 -10 -17 -17 -12 -11 -6 -10 -1 -11 -10 -12 -20 -18 -18 -5 -3 -1 -6 -13 -1 -8 -17 -7 -14 -17 -4 -16 -13 -5 -16 -13 -11 -7 -14
4 23 25 10 79 44 97 98 39 76 59 66 8 9 88 57 50 -12 -11 -1 -10 -6 -9 -20 -20 -19 -10 -9 -14 -4 -5 -16 -5 -7 -9 -4 -9 -17 -2 -2 -7 -8 -13 -2 -20 -13 -2 -17 -5 -12 -9 -13 -4 -16 -19 -5 -1 -3 -20 -10 -1 -12 -1 -11 -16 -11 -10 -17 -6 -19 -2 -4 -20
5 98 50 36 99 76 33 65 61 1 33 13 77 96 38 83 57 -17 -12 -4 -6 -12 -4 -14 -15 -4 -15 -6 -10 -11 -20 -17 -13 -4 -9 -20 -20 -9 -11 -3 -7 -12 -9 -1 -6 -8 -7 -17 -9 -9 -5 -10 -9 -19 -17 -20 -7 -20 -15 -7 -18 -11 -19 -4 -9 -1 -4 -11 -8 -18 -6 -13 -14
6 56 60 39 9 68 95 53 51 99 87 45 97 61 77 19 59 -2 -7 -17 -8 -3 -7 -19 -3 -3 -1 -16 -15 -9 -7 -11 -10 -13 -20 -5 -3 -8 -20 -18 -3 -3 -17 -5 -9 -8 -2 -1 -17 -19 -18 -12 -3 -17 -10 -3 -13 -4 -3 -4 -14 -19 -20 -16 -10 -12 -6 -10 -1 -7 -11 -10 -15
7 69 60 50 29 45 22 11 75 48 86 50 20 33 69 15 27 -12 -14 -13 -15 -14 -6 -9 -13 -12 -18 -9 -2 -12 -20 -20 -20 -11 -15 -8 -12 -5 -13 -18 -4 -14 -14 -15 -12 -2 -4 -4 -3 -9 -9 -19 -16 -16 -15 -13 -10 -9 -16 -10 -7 -13 -2 -5 -11 -13 -9 -14 -13 -20 -4 -10 -8
8 22 21 41 79 40 52 96 49 5 63 41 11 67 35 75 41 -5 -7 -17 -8 -11 -14 -17 -17 -20 -12 -10 -16 -5 -9 -16 -16 -10 -5 -4 -5 -14 -8 -18 -8 -17 -6 -6 -17 -5 -16 -11 -17 -15 -18 -2 -19 -12 -9 -8 -8 -8 -6 -8 -14 -9 -4 -1 -7 -5 -5 -16 -10 -7 -6 -15 -17
9 78 3 73 77 63 65 39 95 30 3 34 52 67 67 8 26 -3 -12 -17 -9 -5 -18 -13 -3 -9 -18 -20 -18 -7 -7 -3 -2 -1 -18 -15 -19 -6 -11 -20 -13 -8 -1 -13 -14 -20 -17 -13 -17 -19 -12 -5 -11 -20 -14 -19 -14 -12 -20 -9 -18 -17 -6 -2 -6 -8 -10 -3 -11 -11 -1 -5 -16
10 85 68 99 78 71 50 16 93 69 74 31 26 45 50 63 1 -5 -10 -6 -6 -3 -8 -6 -6 -11 -2 -18 -9 -10 -8 -1 -6 -3 -17 -18 -19 -11 -17 -8 -16 -5 -19 -4 -17 -11 -14 -6 -18 -11 -16 -6 -8 -1 -13 -13 -8 -7 -14 -20 -12 -5 -10 -9 -4 -18 -15 -16 -17 -7 -1 -9 -10
11 8 2 97 67 38 19 5 3 72 83 24 30 92 98 21 57 -14 -4 -1 -6 -5 -14 -14 -8 -10 -19 -13 -9 -11 -15 -18 -5 -13 -2 -4 -16 -13 -4 -19 -16 -5 -9 -9 -1 -1 -6 -8 -3 -4 -17 -13 -11 -18 -16 -15 -9 -17 -16 -15 -9 -12 -9 -18 -3 -10 -2 -16 -20 -9 -5 -9 -14
12 64 21 9 50 24 5 50 84 82 27 14 41 88 72 22 27 -17 -5 -9 -17 -1 -18 -20 -9 -20 -4 -17 -20 -8 -8 -15 -17 -16 -4 -4 -14 -13 -18 -18 -8 -17 -18 -14 -1 -3 -6 -11 -7 -14 -4 -16 -19 -16 -1 -4 -17 -20 -1 -10 -10 -17 -12 -2 -5 -5 -1 -20 -13 -8 -11 -4 -10
13 19 89 68 54 54 56 47 19 26 64 27 2 80 35 29 57 -18 -5 -14 -18 -2 -1 -12 -4 -13 -18 -19 -12 -7 -15 -1 -19 -18 -4 -17 -11 -5 -6 -10 -5 -12 -11 -5 -17 -6 -16 -16 -12 -8 -18 -7 -11 -7 -16 -6 -16 -5 -1 -14 -5 -4 -10 -3 -9 -18 -3 -4 -7 -6 -7 -9 -7
14 94 15 47 77 54 11 17 45 7 45 2 42 2 19 60 31 -20 -1 -2 -12 -19 -1 -20 -7 -19 -8 -10 -8 -9 -19 -3 -8 -9 -11 -14 -8 -14 -5 -7 -19 -19 -15 -16 -10 -5 -7 -10 -20 -4 -9 -18 -13 -14 -14 -17 -14 -3 -3 -7 -19 -20 -10 -20 -2 -7 -6 -2 -15 -8 -20 -1 -13
15 29 49 29 4 98 36 56 82 80 66 53 42 99 42 44 95 -1 -5 -8 -8 -9 -9 -6 -19 -9 -18 -8 -20 -5 -20 -7 -15 -14 -6 -18 -4 -16 -7 -11 -1 -1 -15 -19 -9 -12 -8 -13 -20 -3 -6 -19 -10 -7 -15 -13 -5 -7 -20 -20 -18 -3 -6 -13 -4 -15 -14 -9 -19 -11 -20 -19 -11
16 63 24 90 89 23 72 62 47 23 6 61 85 57 18 13 48 -7 -11 -2 -10 -6 -3 -11 -3 -12 -18 -19 -19 -8 -14 -2 -16 -11 -18 -14 -10 -8 -12 -8 -2 -5 -3 -10 -15 -4 -1 -4 -6 -6 -1 -15 -11 -15 -6 -11 -13 -4 -4 -19 -6 -5 -8 -9 -18 -16 -9 -6 -12 -19 -17 -16 -18
17 36 97 3 97 41 98 23 87 28 91 18 5 52 73 48 3 -12 -15 -11 -16 -3 -1 -20 -8 -17 -16 -7 -7 -10 -5 -14 -16 -12 -10 -15 -2 -16 -16 -1 -20 -2 -15 -15 -13 -7 -3 -6 -11 -16 -10 -19 -18 -5 -18 -17 -14 -6 -14 -17 -14 -9 -14 -20 -7 -16 -8 -15 -20 -5 -7 -20 -4
18 13 42 86 37 75 30 41 23 34 83 47 8 43 47 55 62 -13 -16 -11 -3 -11 -7 -2 -3 -1 -11 -16 -8 -14 -16 -18 -10 -15 -13 -18 -8 -10 -2 -19 -4 -9 -4 -11 -2 -20 -6 -14 -4 -4 -14 -17 -19 -17 -11 -17 -14 -16 -3 -15 -4 -6 -2 -17 -13 -14 -15 -8 -8 -6 -2 -1 -9
19 79 73 14 35 84 66 23 32 63 54 12 100 40 40 74 18 -10 -17 -9 -7 -10 -4 -17 -12 -7 -19 -16 -1 -12 -9 -9 -13 -3 -13 -17 -8 -8 -13 -9 -17 -1 -17 -18 -14 -8 -13 -16 -19 -12 -8 -8 -5 -17 -18 -4 -19 -18 -19 -1 -9 -17 -18 -15 -5 -10 -4 -14 -13 -2 -1 -14 -7
20 17 70 60 62 33 5 31 6 62 21 37 100 91 74 60 31 -5 -9 -19 -16 -4 -20 -19 -17 -10 -2 -9 -5 -12 -2 -6 -4 -19 -15 -13 -18 -20 -17 -2 -10 -10 -13 -12 -7 -9 -4 -12 -6 -10 -18 -1 -11 -15 -13 -13 -18 -11 -13 -4 -2 -15 -8 -8 -8 -15 -6 -17 -1 -10 -6 -6 -16
21 97 60 86 1 47 2 42 29 1 40 99 38 96 98 4 39 -10 -20 -14 -19 -9 -6 -6 -2 -6 -19 -17 -3 -13 -8 -2 -10 -8 -1 -5 -17 -10 -10 -8 -17 -17 -10 -10 -9 -12 -18 -7 -11 -2 -19 -3 -10 -20 -8 -7 -16 -4 -11 -13 -15 -9 -9 -15 -12 -10 -13 -20 -9 -13 -19 -8 -2
22 98 90 39 31 18 89 98 24 22 65 54 87 73 24 14 32 -18 -16 -17 -14 -12 -7 -20 -20 -17 -19 -12 -20 -10 -1 -9 -14 -12 -8 -10 -4 -10 -18 -20 -13 -9 -18 -2 -16 -1 -6 -4 -14 -16 -7 -10 -2 -17 -5 -3 -17 -8 -20 -18 -15 -3 -4 -17 -1 -16 -3 -15 -15 -11 -4 -16 -10
23 60 82 61 2 40 57 20 4 22 2 98 96 98 63 45 26 -4 -13 -8 -20 -9 -11 -9 -1 -8 -8 -13 -2 -9 -3 -2 -13 -11 -2 -11 -18 -1 -5 -15 -18 -2 -2 -12 -18 -18 -13 -9 -10 -11 -3 -12 -16 -15 -6 -10 -13 -13 -13 -15 -12 -12 -3 -18 -19 -7 -16 -3 -1 -4 -16 -9 -10
24 2 98 63 28 82 90 72 44 78 19 73 42 56 31 11 72 -2 -13 -16 -5 -2 -16 -18 -7 -20 -14 -6 -10 -4 -18 -9 -20 -3 -4 -11 -20 -20 -2 -9 -5 -20 -18 -14 -2 -11 -13 -3 -18 -16 -19 -16 -16 -1 -2 -14 -4 -20 -11 -1 -8 -6 -1 -11 -7 -13 -4 -3 -3 -20 -12 -7 -16
25 36 32 16 23 45 78 70 36 70 76 42 4 68 98 89 68 -13 -18 -20 -12 -14 -4 -20 -19 -15 -20 -13 -12 -10 -8 -3 -20 -16 -4 -2 -15 -20 -5 -14 -7 -11 -18 -12 -7 -12 -7 -6 -11 -7 -3 -18 -10 -10 -15 -10 -15 -3 -19 -19 -5 -1 -13 -9 -9 -12 -5 -15 -10 -17 -5 -3 -11
26 79 100 8 89 95 26 98 24 12 61 82 1 91 3 29 79 -9 -18 -2 -3 -13 -2 -13 -7 -2 -7 -2 -6 -17 -10 -1 -5 -14 -5 -3 -18 -7 -8 -6 -16 -15 -17 -15 -9 -3 -10 -16 -17 -15 -4 -19 -20 -9 -6 -6 -6 -10 -16 -1 -20 -12 -4 -20 -16 -11 -17 -7 -19 -20 -6 -11 -4
27 33 64 87 42 16 6 8 23 25 83 57 85 16 65 20 27 -5 -6 -18 -18 -8 -4 -3 -3 -13 -16 -17 -9 -19 -11 -15 -2 -10 -19 -11 -2 -4 -8 -11 -10 -14 -20 -15 -7 -16 -16 -12 -11 -8 -11 -9 -6 -10 -17 -8 -17 -4 -10 -16 -2 -15 -5 -19 -7 -14 -19 -15 -15 -11 -16 -19 -4
28 94 90 40 34 96 22 42 67 11 63 68 90 100 22 40 57 -12 -15 -3 -14 -14 -1 -13 -19 -15 -13 -5 -14 -14 -1 -2 -6 -19 -15 -11 -11 -7 -10 -12 -16 -2 -18 -10 -11 -5 -17 -6 -10 -17 -20 -20 -19 -2 -2 -11 -4 -4 -9 -11 -10 -12 -14 -17 -16 -4 -5 -12 -12 -3 -10 -18 -4
29 17 24 69 8 82 14 94 82 52 28 87 61 59 29 45 24 -9 -17 -2 -6 -4 -4 -20 -5 -15 -18 -14 -2 -17 -15 -4 -6 -18 -17 -18 -1 -15 -12 -14 -6 -6 -4 -4 -13 -15 -1 -1 -20 -14 -1 -3 -12 -15 -10 -1 -17 -17 -16 -17 -2 -1 -2 -12 -20 -6 -1 -3 -20 -10 -2 -16 -11
30 88 41 9 47 37 88 73 55 26 38 36 93 69 24 53 27 -18 -13 -11 -19 -19 -11 -1 -2 -16 -11 -18 -1 -12 -4 -14 -9 -10 -9 -1 -9 -5 -10 -18 -6 -3 -10 -12 -15 -4 -5 -4 -9 -7 -14 -19 -7 -16 -12 -4 -14 -7 -10 -8 -5 -5 -12 -18 -17 -9 -5 -14 -7 -1 -1 -9 -20
31 61 36 85 12 30 6 45 32 73 35 17 45 33 3 33 7 -10 -16 -1 -16 -15 -3 -6 -8 -12 -19 -3 -6 -18 -1 -19 -18 -16 -11 -4 -15 -10 -18 -1 -14 -2 -18 -2 -1 -5 -10 -5 -6 -19 -8 -11 -20 -11 -19 -7 -13 -14 -6 -13 -15 -19 -11 -6 -12 -19 -12 -8 -20 -12 -7 -17 -9
32 86 1 13 37 9 49 97 81 97 10 54 68 78 4 10 21 -17 -1 -6 -7 -13 -8 -16 -3 -6 -4 -14 -2 -18 -4 -20 -1 -1 -12 -20 -6 -9 -1 -4 -2 -13 -2 -9 -12 -3 -20 -7 -6 -18 -5 -14 -17 -5 -8 -6 -18 -1 -7 -12 -13 -7 -1 -12 -1 -11 -1 -16 -10 -13 -13 -9 -18
33 19 26 35 70 50 49 72 41 37 26 42 34 65 73 42 26 -1 -13 -7 -16 -6 -11 -4 -12 -11 -4 -3 -5 -17 -10 -20 -14 -10 -7 -2 -6 -4 -6 -10 -15 -3 -4 -5 -6 -17 -14 -1 -18 -20 -5 -19 -15 -14 -20 -11 -10 -15 -1 -6 -19 -20 -5 -8 -11 -9 -12 -9 -8 -10 -17 -17 -15
34 81 50 29 88 83 17 69 17 88 56 62 60 56 80 65 67 -13 -18 -6 -8 -9 -8 -13 -13 -3 -13 -4 -17 -16 -10 -20 -9 -14 -5 -1 -9 -16 -19 -17 -16 -6 -18 -8 -2 -20 -13 -18 -14 -17 -19 -13 -20 -3 -3 -5 -8 -19 -6 -13 -10 -2 -5 -18 -16 -11 -6 -2 -3 -4 -15 -18 -16
35 63 80 81 59 66 84 94 54 79 97 44 1 70 31 81 34 -5 -19 -8 -10 -15 -19 -12 -4 -17 -6 -19 -17 -4 -8 -7 -11 -20 -17 -4 -4 -13 -15 -19 -14 -18 -12 -5 -8 -12 -3 -14 -3 -1 -19 -8 -8 -12 -11 -4 -11 -5 -11 -6 -18 -6 -14 -6 -9 -9 -20 -6 -4 -15 -2 -7 -9
36 92 11 6 94 16 30 78 75 99 20 95 44 19 74 2 87 -9 -15 -3 -14 -12 -2 -14 -6 -5 -15 -9 -8 -17 -16 -10 -15 -13 -4 -19 -8 -18 -13 -13 -2 -14 -12 -6 -11 -14 -10 -9 -10 -3 -9 -16 -4 -17 -20 -1 -2 -16 -8 -1 -8 -18 -2 -17 -20 -3 -10 -5 -12 -2 -3 -10 -16
37 84 22 49 34 38 24 33 36 96 73 4 5 46 34 5 96 -18 -17 -9 -19 -11 -19 -18 -1 -6 -7 -1 -19 -10 -9 -20 -18 -16 -5 -17 -5 -17 -12 -17 -6 -9 -9 -18 -15 -7 -12 -2 -11 -15 -14 -1 -10 -17 -6 -16 -10 -8 -3 -16 -10 -7 -16 -9 -4 -11 -9 -10 -13 -11 -11 -6 -8
38 21 85 54 28 17 80 44 46 72 3 48 1 76 6 99 4 -19 -1 -3 -3 -5 -2 -20 -4 -2 -5 -8 -15 -12 -1 -6 -12 -14 -11 -11 -6 -18 -10 -16 -7 -10 -9 -8 -17 -5 -12 -15 -13 -17 -20 -3 -14 -16 -5 -15 -16 -4 -15 -16 -19 -6 -17 -16 -5 -10 -18 -4 -11 -14 -7 -15 -19
39 89 100 27 99 26 48 63 78 97 38 78 53 47 19 90 41 -18 -18 -6 -8 -18 -17 -12 -7 -5 -10 -5 -11 -18 -2 -19 -5 -1 -15 -16 -16 -7 -5 -8 -18 -18 -19 -5 -19 -10 -12 -15 -5 -13 -20 -13 -16 -8 -16 -14 -8 -13 -2 -17 -8 -10 -3 -4 -5 -11 -19 -5 -2 -12 -1 -7 -20
40 1 22 100 12 70 88 94 50 28 90 82 3 13 28 14 88 -8 -14 -16 -17 -1 -12 -7 -12 -2 -5 -7 -14 -12 -7 -15 -18 -2 -18 -3 -10 -6 -19 -11 -18 -7 -2 -15 -11 -1 -6 -7 -15 -10 -11 -16 -12 -19 -4 -7 -18 -15 -6 -11 -14 -18 -17 -6 -18 -3 -9 -8 -2 -16 -16 -7 -8
41 92 86 85 82 22 48 72 66 50 25 63 21 24 53 56 83 -19 -16 -11 -5 -14 -19 -18 -13 -14 -6 -2 -1 -9 -14 -20 -3 -10 -3 -15 -19 -5 -20 -17 -14 -17 -6 -17 -8 -11 -19 -16 -8 -9 -15 -8 -2 -7 -11 -10 -11 -11 -1 -15 -2 -15 -8 -13 -9 -18 -17 -6 -1 -16 -20 -1 -11
42 55 28 33 9 58 11 30 59 37 39 41 34 41 3 65 60 -20 -11 -15 -19 -15 -2 -2 -18 -2 -18 -6 -4 -17 -18 -8 -7 -1 -9 -3 -4 -14 -18 -11 -5 -9 -15 -2 -13 -10 -9 -9 -17 -14 -16 -10 -3 -17 -13 -15 -9 -14 -4 -6 -18 -8 -8 -1 -5 -12 -15 -10 -5 -4 -3 -6 -2
43 15 86 73 16 7 3 9 59 94 97 25 69 14 95 3 16 -14 -13 -10 -3 -1 -2 -2 -10 -14 -13 -5 -8 -7 -5 -9 -10 -8 -9 -20 -8 -15 -15 -14 -20 -3 -18 -2 -14 -12 -20 -17 -10 -5 -12 -1 -13 -9 -19 -17 -14 -8 -3 -13 -13 -20 -20 -19 -5 -9 -13 -7 -12 -8 -12 -8 -1
44 33 75 28 73 83 51 86 16 11 53 30 51 14 94 46 61 -19 -8 -8 -1 -5 -8 -15 -6 -2 -13 -11 -6 -14 -12 -16 -11 -4 -19 -15 -9 -4 -8 -15 -12 -9 -5 -18 -14 -6 -11 -4 -19 -17 -12 -19 -14 -1 -19 -16 -10 -17 -12 -9 -14 -11 -13 -6 -10 -20 -19 -17 -20 -8 -13 -11 -19
45 97 65 6 15 79 65 27 82 76 27 12 77 3 98 74 77 -7 -6 -13 -10 -3 -19 -11 -19 -10 -8 -17 -14 -8 -15 -2 -5 -5 -11 -13 -8 -2 -3 -11 -2 -18 -18 -10 -8 -13 -5 -4 -11 -16 -14 -13 -14 -9 -19 -10 -5 -20 -3 -8 -9 -20 -6 -6 -3 -4 -17 -4 -18 -14 -6 -14 -16
46 99 59 90 5 84 31 22 16 7 96 24 66 32 51 63 63 -11 -15 -16 -6 -20 -13 -20 -3 -2 -6 -9 -15 -11 -2 -14 -1 -17 -9 -20 -14 -6 -6 -20 -3 -17 -5 -12 -9 -6 -19 -15 -4 -1 -8 -10 -17 -16 -16 -20 -16 -14 -11 -16 -3 -15 -4 -3 -14 -16 -11 -10 -7 -13 -11 -10 -10
47 98 48 38 78 15 79 11 1 43 15 48 14 83 35 11 87 -17 -15 -11 -19 -1 -10 -13 -5 -20 -2 -11 -9 -8 -13 -20 -16 -1 -15 -5 -4 -10 -15 -1 -8 -20 -19 -7 -2 -13 -6 -12 -16 -15 -7 -7 -14 -4 -11 -18 -5 -17 -11 -5 -4 -7 -11 -15 -19 -1 -11 -15 -13 -15 -4 -2 -10
48 92 75 57 73 34 33 99 7 74 61 36 79 15 24 45 68 -20 -18 -8 -19 -4 -15 -17 -15 -11 -19 -17 -4 -12 -11 -1 -15 -9 -9 -7 -17 -6 -4 -3 -3 -14 -19 -5 -4 -18 -6 -19 -15 -13 -14 -2 -17 -8 -10 -17 -14 -1 -3 -15 -14 -12 -7 -7 -5 -12 -7 -11 -8 -14 -9 -9 -9
49 56 66 24 72 32 65 23 59 8 73 67 99 14 6 76 97 -10 -9 -9 -17 -6 -12 -1 -20 -13 -18 -17 -15 -18 -10 -16 -12 -17 -19 -6 -10 -18 -8 -3 -11 -17 -11 -19 -12 -12 -15 -6 -8 -10 -18 -5 -9 -7 -5 -1 -1 -1 -11 -4 -17 -17 -16 -5 -11 -5 -5 -1 -3 -20 -16 -2 -5
50 84 80 22 23 86 14 20 96 14 64 22 27 52 48 65 50 -9 -19 -18 -16 -8 -10 -6 -14 -9 -4 -13 -5 -7 -19 -12 -1 -20 -12 -6 -10 -17 -15 -13 -19 -5 -12 -14 -5 -9 -20 -10 -5 -5 -8 -15 -17 -8 -2 -20 -14 -9 -15 -17 -4 -10 -9 -9 -15 -17 -10 -6 -10 -5 -18 -9 -4
51 13 39 80 69 15 99 21 94 88 8 23 24 77 43 23 64 -18 -18 -15 -18 -20 -13 -1 -2 -18 -13 -18 -13 -8 -2 -5 -19 -20 -8 -13 -17 -5 -16 -3 -12 -10 -12 -15 -9 -12 -14 -2 -2 -2 -8 -3 -6 -14 -18 -12 -9 -12 -1 -20 -7 -14 -1 -4 -8 -13 -13 -16 -14 -19 -20 -14 -4
52 26 88 90 36 68 31 38 49 92 14 43 6 58 60 32 100 -10 -13 -12 -9 -14 -20 -4 -16 -8 -14 -19 -4 -18 -11 -4 -3 -15 -6 -11 -11 -2 -5 -16 -3 -14 -19 -9 -16 -18 -10 -12 -7 -17 -13 -9 -14 -14 -5 -1 -12 -8 -17 -17 -20 -19 -16 -19 -11 -7 -8 -7 -11 -7 -13 -10 -18
53 55 35 23 78 30 21 89 19 2 94 100 32 72 22 98 90 -19 -20 -19 -11 -7 -15 -14 -5 -13 -11 -15 -17 -4 -10 -13 -7 -17 -19 -18 -9 -20 -9 -4 -19 -3 -13 -18 -3 -18 -17 -10 -6 -12 -8 -18 -18 -3 -7 -3 -13 -17 -11 -6 -17 -9 -7 -5 -13 -14 -14 -13 -18 -2 -11 -12 -19
54 5 29 26 80 11 18 42 77 69 9 84 6 83 1 25 53 -16 -17 -15 -6 -19 -13 -20 -5 -15 -13 -17 -20 -13 -10 -17 -7 -1 -7 -19 -4 -4 -4 -7 -4 -1 -9 -2 -1 -8 -2 -12 -19 -18 -3 -15 -7 -4 -1 -13 -18 -5 -3 -15 -18 -18 -14 -19 -13 -1 -11 -17 -8 -16 -17 -1 -7
55 52 22 51 100 98 44 72 37 44 69 87 90 60 98 39 3 -18 -8 -18 -15 -7 -15 -19 -12 -15 -5 -9 -19 -19 -12 -3 -19 -6 -17 -19 -11 -7 -12 -11 -2 -7 -18 -5 -2 -18 -11 -11 -1 -20 -13 -11 -3 -2 -3 -12 -19 -14 -14 -16 -19 -5 -6 -20 -5 -8 -16 -19 -15 -11 -9 -17 -10
56 8 2 59 12 86 96 70 99 4 70 49 55 86 92 60 5 -4 -10 -5 -17 -12 -14 -15 -11 -16 -5 -9 -8 -17 -6 -16 -7 -2 -15 -14 -14 -11 -20 -17 -1 -15 -20 -15 -15 -1 -11 -13 -5 -15 -15 -8 -16 -9 -18 -20 -8 -9 -12 -13 -3 -4 -9 -8 -7 -17 -1 -13 -18 -5 -13 -17 -7
57 97 8 92 57 33 74 1 22 48 65 99 50 42 58 55 12 -7 -6 -15 -3 -12 -9 -14 -17 -19 -14 -17 -8 -8 -19 -5 -1 -18 -1 -2 -2 -10 -18 -17 -9 -13 -20 -6 -2 -17 -8 -14 -2 -12 -7 -15 -2 -18 -5 -20 -5 -6 -11 -18 -18 -10 -3 -6 -5 -10 -4 -18 -17 -14 -16 -15 -5
58 38 64 8 96 84 59 81 40 68 91 35 67 80 74 21 70 -19 -5 -7 -13 -10 -7 -12 -14 -4 -12 -15 -9 -3 -11 -18 -8 -19 -6 -13 -1 -10 -8 -17 -12 -16 -3 -17 -16 -15 -9 -3 -4 -2 -19 -15 -6 -16 -6 -5 -4 -15 -15 -5 -9 -16 -12 -5 -1 -3 -4 -4 -14 -11 -1 -6 -1
59 65 30 22 13 21 33 78 23 23 60 50 24 66 1 28 36 -8 -11 -7 -13 -7 -16 -10 -4 -19 -5 -20 -19 -14 -19 -9 -19 -2 -19 -11 -4 -11 -12 -2 -14 -7 -2 -3 -5 -4 -2 -4 -17 -5 -3 -4 -14 -17 -6 -12 -5 -19 -15 -15 -8 -18 -3 -19 -12 -14 -1 -8 -20 -19 -12 -1 -3
60 71 63 44 99 50 72 76 89 78 2 20 10 55 73 6 23 -8 -7 -10 -19 -1 -18 -5 -11 -12 -6 -6 -2 -12 -15 -8 -13 -13 -8 -19 -4 -11 -3 -18 -14 -9 -18 -1 -4 -9 -14 -20 -1 -12 -19 -12 -20 -20 -10 -12 -16 -11 -1 -9 -7 -4 -3 -7 -7 -10 -8 -11 -4 -4 -9 -20 -8
61 49 64 2 31 89 73 67 26 40 83 50 46 29 95 3 100 -9 -17 -13 -8 -13 -20 -17 -17 -5 -19 -18 -5 -1 -18 -8 -1 -10 -9 -11 -20 -6 -15 -18 -2 -13 -8 -4 -8 -6 -1 -19 -5 -6 -3 -20 -8 -19 -17 -6 -1 -19 -14 -16 -7 -14 -18 -2 -4 -10 -15 -4 -19 -11 -18 -10 -12
62 22 56 95 83 85 10 96 96 28 9 53 18 36 74 92 26 -2 -3 -16 -4 -14 -9 -15 -7 -19 -11 -17 -7 -1 -1 -4 -12 -14 -13 -16 -19 -16 -19 -11 -17 -13 -2 -8 -7 -9 -7 -16 -16 -7 -10 -4 -13 -6 -16 -15 -13 -6 -17 -13 -5 -14 -8 -9 -7 -13 -11 -7 -9 -7 -16 -8 -8
63 87 70 66 50 30 38 91 52 30 5 53 76 12 67 53 76 -12 -3 -9 -4 -12 -13 -14 -13 -14 -9 -6 -11 -19 -1 -1 -13 -13 -4 -5 -16 -16 -9 -4 -11 -11 -11 -17 -15 -3 -15 -4 -12 -4 -10 -1 -18 -7 -9 -5 -9 -1 -15 -19 -14 -12 -13 -14 -9 -2 -8 -19 -15 -9 -20 -19 -14
64 57 29 69 74 80 43 53 65 6 80 48 42 56 12 3 92 -9 -15 -2 -1 -19 -19 -17 -3 -3 -18 -7 -4 -10 -20 -13 -17 -8 -9 -15 -1 -18 -14 -15 -8 -20 -4 -7 -11 -11 -17 -11 -9 -20 -12 -13 -13 -18 -8 -3 -3 -12 -16 -16 -7 -14 -9 -8 -12 -17 -17 -3 -13 -1 -6 -13 -1
65 80 37 45 83 45 94 41 47 23 24 7 92 56 50 29 32 -1 -10 -4 -16 -11 -7 -14 -3 -16 -19 -7 -10 -17 -20 -4 -1 -5 -15 -2 -2 -3 -19 -15 -20 -11 -4 -20 -3 -16 -10 -10 -9 -11 -18 -10 -6 -16 -12 -5 -11 -9 -8 -15 -10 -15 -16 -20 -9 -20 -8 -12 -17 -20 -5 -13 -9
66 15 79 57 20 11 98 3 49 61 53 62 66 78 5 74 45 -20 -4 -16 -18 -9 -9 -8 -8 -19 -1 -17 -20 -14 -18 -9 -16 -5 -17 -12 -14 -20 -2 -20 -9 -9 -4 -1 -18 -19 -15 -10 -7 -8 -20 -15 -13 -20 -8 -8 -17 -6 -9 -11 -19 -9 -17 -1 -10 -3 -7 -12 -10 -13 -17 -20 -11
67 99 34 38 84 61 64 70 15 18 15 53 14 92 69 65 2 -14 -4 -16 -5 -17 -4 -17 -12 -12 -9 -3 -12 -18 -17 -4 -18 -8 -17 -14 -11 -8 -15 -4 -19 -6 -13 -18 -18 -13 -20 -10 -3 -17 -9 -12 -20 -10 -16 -6 -5 -11 -5 -7 -12 -17 -7 -11 -14 -18 -19 -16 -20 -18 -14 -5 -13
68 51 3 59 64 39 58 16 42 12 81 100 67 81 89 75 76 -18 -3 -13 -6 -11 -18 -17 -6 -6 -5 -18 -17 -7 -15 -13 -20 -3 -13 -11 -15 -14 -3 -10 -19 -6 -2 -6 -8 -17 -2 -1 -16 -13 -10 -3 -10 -13 -8 -6 -6 -7 -8 -6 -20 -5 -10 -19 -17 -10 -16 -19 -10 -12 -13 -2 -10
69 76 29 89 75 50 78 42 8 16 90 41 39 76 18 36 58 -12 -2 -2 -7 -14 -2 -12 -7 -8 -9 -10 -20 -17 -15 -2 -11 -18 -18 -6 -2 -18 -12 -20 -13 -11 -18 -2 -19 -15 -10 -10 -4 -4 -7 -8 -12 -19 -5 -5 -15 -3 -3 -15 -20 -8 -14 -16 -5 -7 -13 -17 -2 -9 -3 -19 -12
70 29 71 89 25 1 7 95 32 49 48 84 63 69 25 10 36 -8 -9 -13 -10 -4 -10 -11 -13 -3 -8 -19 -6 -18 -1 -14 -12 -1 -14 -14 -9 -14 -8 -2 -9 -1 -7 -8 -9 -6 -7 -2 -5 -6 -16 -18 -17 -5 -9 -11 -1 -14 -19 -14 -18 -1 -20 -10 -18 -9 -11 -11 -19 -16 -15 -14 -10
71 98 50 63 71 74 44 29 54 88 63 58 43 32 72 59 44 -8 -11 -17 -16 -19 -3 -1 -11 -1 -9 -9 -7 -16 -14 -3 -15 -17 -8 -12 -15 -20 -1 -13 -9 -3 -12 -10 -1 -11 -4 -3 -19 -3 -17 -6 -13 -6 -15 -1 -8 -11 -4 -2 -3 -14 -1 -14 -12 -18 -1 -19 -1 -14 -2 -19 -13
72 21 89 36 35 58 24 59 91 48 81 25 50 20 30 80 1 -17 -8 -7 -15 -10 -20 -11 -8 -9 -3 -14 -3 -8 -1 -17 -6 -3 -19 -5 -12 -20 -16 -1 -9 -11 -13 -8 -8 -6 -2 -13 -2 -16 -2 -12 -19 -5 -14 -4 -6 -6 -4 -16 -7 -13 -13 -20 -16 -10 -12 -18 -6 -12 -10 -19 -20
73 31 61 73 32 51 9 47 63 38 91 41 97 45 65 15 29 -11 -3 -5 -16 -14 -2 -7 -10 -1 -10 -18 -3 -11 -2 -12 -1 -6 -17 -8 -8 -19 -7 -5 -9 -8 -16 -9 -15 -6 -18 -15 -1 -6 -4 -17 -13 -20 -10 -17 -1 -20 -11 -2 -6 -3 -19 -15 -8 -2 -6 -7 -11 -7 -9 -4 -14
74 85 44 67 18 70 39 4 60 16 48 14 28 36 15 46 26 -16 -8 -14 -9 -8 -10 -1 -12 -4 -2 -11 -5 -15 -13 -13 -8 -16 -16 -5 -5 -19 -5 -9 -11 -17 -14 -15 -18 -15 -8 -10 -17 -12 -1 -17 -3 -13 -6 -14 -5 -2 -17 -7 -10 -17 -7 -20 -4 -7 -3 -19 -19 -13 -5 -2 -13
75 43 9 89 61 38 71 74 4 27 53 21 20 9 60 66 45 -15 -14 -7 -13 -10 -18 -4 -17 -5 -8 -20 -6 -4 -19 -9 -7 -13 -4 -11 -4 -8 -9 -20 -12 -19 -19 -9 -13 -10 -5 -7 -19 -13 -4 -15 -2 -11 -1 -6 -4 -16 -9 -2 -12 -20 -15 -5 -2 -15 -13 -11 -1 -7 -4 -10 -3
76 26 1 14 19 74 59 46 66 90 56 41 85 5 35 15 90 -15 -3 -20 -18 -16 -9 -19 -19 -2 -7 -17 -1 -14 -3 -5 -7 -4 -1 -11 -10 -16 -18 -19 -8 -17 -11 -17 -20 -17 -15 -15 -1 -11 -20 -5 -19 -4 -3 -3 -3 -12 -18 -5 -14 -7 -2 -11 -13 -1 -10 -15 -10 -6 -4 -2 -2
77 34 25 66 51 32 27 7 42 92 35 3 70 99 35 21 20 -12 -2 -18 -8 -19 -16 -20 -15 -4 -7 -20 -16 -7 -8 -17 -14 -13 -16 -16 -3 -15 -12 -12 -10 -20 -16 -10 -19 -14 -9 -9 -14 -7 -8 -16 -16 -11 -15 -18 -15 -7 -7 -4 -11 -6 -2 -2 -2 -10 -6 -2 -13 -15 -8 -13 -5
78 18 7 37 66 81 46 45 87 96 90 45 4 53 92 25 29 -8 -2 -18 -7 -1 -7 -9 -9 -9 -16 -17 -10 -16 -11 -3 -4 -16 -14 -13 -8 -2 -13 -4 -1 -4 -1 -8 -12 -6 -18 -17 -2 -2 -10 -7 -16 -13 -12 -4 -10 -20 -1 -6 -14 -11 -10 -5 -4 -2 -12 -19 -6 -4 -19 -20 -2
79 80 53 6 64 45 24 60 54 84 7 93 66 91 52 8 49 -20 -6 -2 -11 -5 -17 -12 -16 -6 -5 -5 -17 -14 -17 -10 -16 -18 -16 -8 -13 -14 -16 -18 -11 -5 -16 -10 -4 -1 -9 -5 -12 -7 -16 -17 -6 -9 -5 -2 -4 -12 -5 -3 -11 -14 -8 -7 -6 -10 -6 -9 -13 -3 -7 -8 -1
80 63 61 92 23 92 57 13 13 39 58 24 61 80 83 88 90 -6 -5 -16 -5 -5 -9 -16 -17 -9 -17 -13 -7 -16 -15 -6 -10 -19 -18 -15 -9 -5 -2 -13 -17 -10 -8 -5 -14 -2 -4 -10 -14 -2 -12 -7 -15 -12 -10 -19 -7 -13 -16 -11 -5 -6 -3 -11 -8 -14 -16 -8 -20 -8 -15 -15 -17
81 98 32 100 87 5 70 74 39 27 76 72 85 44 18 55 81 -15 -13 -18 -4 -17 -10 -20 -15 -20 -20 -18 -3 -15 -8 -5 -19 -13 -13 -18 -20 -13 -12 -16 -14 -6 -1 -12 -19 -8 -20 -3 -8 -18 -11 -20 -3 -17 -15 -6 -16 -6 -9 -7 -16 -19 -9 -18 -7 -7 -6 -10 -19 -10 -2 -8 -4
82 42 2 4 29 47 9 84 58 88 46 49 93 16 40 69 2 -2 -6 -1 -4 -6 -6 -3 -13 -20 -15 -1 -7 -18 -12 -14 -2 -15 -13 -9 -14 -1 -2 -10 -15 -11 -14 -11 -9 -12 -4 -15 -17 -5 -9 -1 -12 -2 -2 -6 -4 -9 -10 -11 -12 -6 -20 -15 -19 -16 -1 -14 -15 -7 -3 -11 -6
83 57 74 41 54 63 60 29 70 85 66 60 83 82 36 93 59 -15 -6 -10 -2 -18 -6 -1 -17 -2 -17 -1 -6 -3 -6 -9 -9 -18 -8 -11 -16 -1 -6 -3 -10 -17 -10 -5 -14 -15 -19 -18 -6 -18 -12 -6 -19 -4 -12 -6 -10 -1 -3 -14 -6 -14 -12 -16 -3 -14 -10 -4 -11 -19 -8 -6 -5
84 75 17 3 2 14 15 17 43 19 69 36 65 83 32 16 95 -13 -11 -14 -13 -7 -4 -6 -14 -13 -18 -1 -2 -2 -5 -15 -20 -19 -11 -1 -11 -9 -15 -1 -19 -4 -2 -12 -13 -12 -12 -11 -17 -13 -1 -9 -7 -18 -20 -5 -11 -7 -14 -19 -13 -1 -1 -2 -13 -9 -15 -2 -18 -1 -17 -8 -9
85 65 69 38 82 86 33 53 56 89 10 96 28 30 48 11 86 -18 -12 -1 -20 -3 -3 -15 -18 -19 -17 -2 -6 -5 -9 -11 -12 -20 -20 -14 -9 -18 -17 -16 -2 -15 -4 -12 -19 -10 -17 -20 -16 -10 -14 -18 -16 -20 -19 -19 -12 -11 -8 -20 -14 -5 -3 -10 -17 -13 -12 -20 -13 -5 -10 -3 -18
86 71 90 51 6 74 51 63 32 87 92 74 96 44 55 98 35 -17 -18 -18 -8 -11 -2 -10 -5 -18 -13 -10 -3 -9 -6 -2 -9 -20 -4 -7 -3 -14 -11 -4 -14 -8 -14 -17 -15 -9 -2 -19 -2 -12 -9 -19 -12 -9 -17 -11 -11 -16 -3 -4 -8 -15 -13 -14 -9 -8 -15 -2 -18 -20 -18 -8 -12
87 84 8 77 67 83 29 86 90 100 77 21 21 72 10 2 85 -1 -19 -19 -8 -2 -2 -17 -7 -1 -18 -6 -5 -16 -9 -16 -4 -5 -5 -15 -14 -3 -15 -10 -1 -15 -10 -17 -15 -10 -13 -1 -15 -8 -9 -9 -7 -5 -19 -9 -14 -14 -13 -1 -13 -11 -4 -12 -5 -4 -9 -12 -20 -19 -7 -16 -5
88 81 70 49 50 51 42 41 35 4 2 77 80 9 91 65 98 -13 -13 -11 -12 -1 -12 -7 -12 -3 -6 -13 -1 -2 -15 -15 -1 -17 -1 -18 -8 -7 -1 -4 -17 -8 -3 -1 -15 -15 -1 -4 -12 -20 -19 -16 -16 -18 -4 -20 -2 -5 -17 -2 -1 -8 -15 -19 -19 -1 -4 -20 -15 -17 -7 -16 -16
89 17 83 50 4 76 25 16 29 80 30 75 89 30 76 30 35 -18 -8 -20 -5 -10 -14 -13 -18 -3 -17 -19 -17 -4 -15 -14 -10 -13 -7 -10 -20 -2 -18 -7 -19 -9 -5 -12 -11 -11 -12 -6 -19 -6 -12 -6 -13 -9 -2 -18 -19 -20 -9 -11 -2 -12 -5 -1 -5 -4 -20 -13 -5 -12 -9 -19 -1
90 60 6 17 59 12 47 54 56 72 70 74 60 42 36 24 7 -8 -8 -18 -5 -7 -10 -15 -18 -18 -8 -18 -10 -10 -16 -5 -16 -9 -11 -9 -8 -9 -1 -16 -12 -9 -15 -13 -14 -6 -10 -2 -7 -3 -19 -12 -1 -13 -10 -6 -5 -1 -7 -12 -18 -5 -4 -6 -17 -1 -5 -8 -19 -16 -2 -9 -11
91 77 19 33 64 23 58 25 8 1 51 11 36 71 68 71 85 -1 -20 -10 -4 -19 -13 -17 -18 -17 -3 -20 -7 -11 -8 -18 -7 -18 -20 -15 -16 -2 -11 -6 -17 -18 -18 -18 -13 -9 -15 -11 -19 -2 -3 -20 -12 -9 -14 -5 -7 -17 -19 -14 -1 -13 -1 -14 -17 -9 -15 -4 -4 -18 -3 -2 -14
92 27 27 22 92 94 17 54 7 51 20 45 93 32 26 28 39 -17 -11 -3 -18 -17 -14 -20 -4 -20 -15 -17 -19 -10 -4 -5 -4 -6 -19 -12 -16 -12 -18 -7 -18 -11 -10 -6 -5 -18 -3 -6 -2 -2 -11 -13 -12 -5 -13 -19 -15 -15 -15 -13 -20 -15 -13 -8 -10 -11 -4 -13 -9 -7 -13 -5 -10
93 86 58 64 88 51 39 40 55 36 93 22 40 15 57 43 31 -12 -18 -14 -12 -9 -15 -12 -15 -7 -6 -6 -10 -11 -5 -12 -20 -3 -16 -11 -3 -15 -13 -13 -5 -16 -2 -4 -4 -18 -3 -10 -20 -19 -9 -7 -8 -3 -2 -12 -9 -17 -15 -16 -20 -12 -18 -16 -8 -1 -13 -3 -3 -8 -4 -18 -4
94 28 100 74 61 85 70 6 93 79 21 60 64 60 97 97 46 -4 -8 -10 -8 -15 -5 -6 -4 -4 -12 -7 -10 -14 -7 -7 -20 -6 -17 -11 -6 -11 -10 -5 -18 -17 -14 -13 -10 -20 -17 -12 -8 -2 -15 -11 -20 -20 -5 -18 -9 -16 -18 -20 -18 -16 -19 -6 -4 -12 -6 -1 -12 -14 -3 -15 -7
95 72 74 16 1 27 91 24 31 32 42 17 15 82 44 69 70 -20 -4 -5 -18 -5 -17 -6 -11 -4 -8 -15 -7 -19 -8 -6 -19 -6 -1 -16 -4 -20 -6 -20 -11 -2 -1 -16 -13 -3 -20 -19 -14 -3 -11 -9 -19 -12 -17 -5 -20 -12 -6 -8 -6 -5 -13 -13 -20 -9 -13 -6 -19 -16 -10 -13 -13
96 62 55 53 36 12 80 40 41 9 61 73 76 51 16 24 36 -2 -4 -9 -18 -15 -4 -2 -13 -16 -7 -10 -7 -13 -15 -2 -9 -7 -10 -1 -2 -14 -3 -4 -13 -17 -16 -15 -20 -16 -18 -19 -9 -20 -3 -7 -18 -7 -9 -11 -20 -9 -20 -19 -19 -4 -2 -20 -14 -3 -15 -3 -17 -19 -20 -9 -11
97 16 59 15 49 79 86 26 2 97 72 60 61 76 23 97 37 -14 -8 -11 -4 -4 -19 -16 -5 -2 -20 -11 -3 -4 -9 -19 -5 -7 -14 -7 -18 -15 -2 -5 -10 -7 -7 -2 -19 -12 -18 -8 -14 -1 -16 -17 -16 -1 -20 -3 -14 -10 -15 -4 -12 -6 -19 -17 -16 -10 -3 -3 -10 -15 -2 -10 -19
98 80 42 71 22 49 68 28 87 88 17 43 60 16 11 75 15 -20 -8 -16 -16 -12 -18 -2 -14 -4 -17 -9 -19 -6 -11 -2 -2 -18 -1 -4 -2 -15 -7 -7 -20 -19 -6 -17 -12 -6 -13 -8 -19 -8 -5 -11 -19 -1 -18 -12 -6 -19 -20 -11 -1 -5 -1 -7 -10 -8 -8 -14 -19 -11 -14 -15 -10
99 90 13 8 7 24 83 83 77 45 49 5 19 78 39 31 17 -14 -1 -1 -7 -16 -6 -14 -17 -1 -1 -10 -16 -12 -1 -20 -7 -9 -16 -9 -2 -2 -14 -9 -7 -13 -10 -2 -15 -15 -20 -14 -20 -16 -8 -13 -7 -11 -5 -8 -4 -20 -8 -19 -13 -13 -11 -11 -9 -20 -13 -18 -8 -13 -11 -8 -20
