10 100
2447.5 2340.5 2410.0 2246.0 2509.5 2597.5 2627.5 2742.5 2538.5 2429.5
0 58 50 63 52 61 71 37 32 53 38 73 5 45 46 9 62 84 85 39 57 73 49 11 67 68 85 18 25 38 30 64 59 100 45 65 68 63 85 29 78 9 3 94 17 10 36 55 77 48 3 60 73 7 39 48 49 62 34 72 20 18 54 71 20 51 84 88 26 88 97 88 85 77 71 96 27 17 78 81 81 46 22 46 72 29 98 76 23 45 11 44 21 49 5 77 82 20 39 75 68 17 99 29 51 59 4 55 87 7 91
1 51 63 97 2 97 83 56 98 60 9 69 10 39 73 61 92 11 99 65 63 14 22 96 88 21 59 95 67 77 34 51 32 75 70 55 46 93 25 53 88 15 5 15 64 72 52 18 68 32 14 44 51 12 74 92 45 93 46 36 83 17 26 53 88 69 29 14 58 35 39 28 62 24 67 47 41 77 15 34 51 77 4 87 78 88 57 59 29 95 89 61 40 16 98 9 6 80 73 91 37 11 92 40 52 5 88 3 95 13 93
2 13 20 27 64 65 9 12 46 26 34 39 64 58 66 40 28 13 1 47 17 92 8 62 17 36 57 30 48 44 39 42 49 7 92 2 33 60 74 98 1 44 84 94 86 74 36 85 95 2 11 22 59 29 7 95 47 79 1 23 41 14 14 1 17 19 78 52 64 50 49 9 15 7 98 12 71 16 59 32 36 38 82 20 54 80 77 62 31 44 27 63 51 1 71 31 52 2 58 39 81 53 43 90 28 55 52 8 72 2 10
3 72 70 22 5 73 51 63 28 60 94 65 60 29 64 84 93 39 59 23 90 17 91 2 29 20 83 33 11 13 3 76 10 38 33 86 21 91 41 12 55 54 77 70 51 13 67 21 70 91 77 80 17 40 61 85 6 81 21 50 94 49 69 99 26 80 45 63 48 44 100 14 48 79 15 68 19 61 24 54 23 1 10 58 65 65 30 32 72 47 31 22 21 4 52 53 84 14 51 24 65 60 37 11 41 83 79 78 84 22 80
4 21 12 35 30 70 47 94 68 85 80 41 37 7 84 33 85 82 21 36 45 42 15 68 57 57 17 69 40 65 84 73 72 32 44 2 65 56 80 37 58 63 34 77 79 53 7 32 36 29 82 64 64 1 100 31 86 26 67 40 26 3 83 19 12 51 100 7 97 74 77 90 2 77 75 90 78 82 22 59 87 9 14 23 45 33 72 71 1 60 7 20 52 67 97 71 84 86 86 80 22 30 73 14 72 90 14 31 76 21 88
5 33 56 46 46 88 95 64 20 31 95 50 94 94 74 31 36 36 75 36 85 29 69 91 41 76 15 28 87 96 66 73 55 81 75 59 71 38 70 77 3 59 46 72 11 35 60 61 37 64 63 13 37 84 44 22 73 86 27 86 1 4 56 44 35 24 61 74 17 42 58 26 16 33 2 54 16 87 41 93 81 21 32 14 63 5 25 45 91 3 62 90 88 31 73 73 95 28 96 60 30 20 78 18 95 20 53 92 100 15 11
6 17 36 70 39 5 11 65 3 23 35 49 82 88 64 82 25 96 20 75 63 41 79 32 11 74 82 82 80 76 9 35 39 86 99 20 7 40 57 72 47 92 28 52 14 9 32 54 46 15 98 82 10 37 93 56 58 14 1 45 81 25 61 1 51 38 15 17 86 35 72 88 40 7 66 57 36 17 100 6 84 98 84 86 3 15 77 56 1 77 83 99 88 99 37 8 3 45 28 48 66 89 92 29 55 58 65 90 26 8 18
7 54 61 31 76 3 1 51 49 32 37 14 100 69 20 73 13 16 21 57 4 99 20 49 92 35 61 18 13 69 56 74 19 73 31 81 46 79 44 91 3 35 31 6 47 18 54 33 92 66 49 48 31 36 24 39 97 41 12 72 35 16 82 27 25 9 17 95 6 33 6 66 100 36 74 83 92 69 48 49 95 100 42 87 51 12 55 89 45 10 56 12 59 85 48 33 42 56 81 14 3 17 7 1 11 68 58 72 26 30 63
8 46 20 54 49 2 95 30 72 52 99 100 16 22 95 56 92 48 4 98 58 78 35 58 64 75 2 46 48 82 71 60 69 35 39 23 20 3 90 16 16 92 52 79 15 60 93 63 70 56 22 80 88 2 11 41 91 99 81 61 6 73 15 17 49 8 64 95 93 55 68 78 79 25 88 48 11 97 23 53 77 85 77 62 83 22 47 73 95 2 94 88 32 64 57 100 50 9 71 41 93 23 25 21 95 70 28 74 59 89 29
9 83 38 69 70 69 86 9 73 86 74 87 19 24 17 97 12 63 21 7 75 68 41 84 14 14 72 9 25 76 38 94 33 54 17 88 83 39 9 9 13 75 28 58 87 19 31 19 10 82 60 72 17 20 87 88 16 4 66 13 45 15 74 28 26 95 80 1 83 11 17 69 27 90 49 27 73 46 71 80 36 44 15 99 94 59 27 76 36 5 27 22 70 33 74 3 14 48 82 99 56 35 3 57 36 52 37 82 34 89 54
10 83 30 3 51 8 35 85 5 29 20 55 31 29 64 93 29 35 97 21 39 13 97 29 71 24 20 94 65 73 35 11 97 72 49 20 38 86 3 44 98 82 92 97 39 11 34 4 66 95 49 22 28 25 70 8 57 97 71 65 4 89 71 9 67 59 5 45 12 68 57 80 52 78 90 62 31 44 84 32 23 54 83 96 90 75 68 54 74 33 21 85 18 5 25 50 26 61 83 51 45 43 87 82 97 17 72 14 94 13 53
11 22 86 4 59 94 27 15 85 33 43 12 55 46 40 91 52 66 29 67 30 10 11 57 93 8 34 44 35 17 90 49 59 73 61 82 15 83 97 55 28 7 72 63 38 93 85 4 45 11 53 88 37 14 68 72 87 79 65 64 77 61 36 67 66 41 84 16 12 55 6 10 83 22 66 24 41 14 50 67 91 90 15 53 23 24 28 94 41 29 41 36 48 10 72 59 88 67 70 99 5 78 80 80 61 23 36 67 86 14 24
12 42 1 81 1 35 54 63 58 3 25 98 77 61 55 97 98 57 59 30 75 90 77 94 51 85 11 1 10 72 12 83 40 28 99 51 48 31 23 8 75 53 3 76 77 60 97 89 68 55 34 82 1 4 97 99 70 21 59 67 94 16 32 12 73 5 66 24 52 74 13 25 7 13 37 11 66 49 63 42 76 97 56 92 78 42 52 66 25 77 98 36 84 15 65 13 85 9 17 64 66 99 53 32 13 59 55 59 90 87 96
13 93 52 100 15 39 35 25 46 62 2 26 43 6 9 73 86 7 61 37 62 14 87 84 43 61 76 7 16 77 76 73 64 64 64 79 50 40 35 39 22 21 32 1 100 89 6 52 71 46 71 66 86 87 97 47 56 31 50 39 13 3 59 99 69 33 39 29 8 55 57 63 70 29 45 52 72 66 33 32 10 60 57 34 16 71 49 88 84 89 49 80 55 78 50 29 19 10 57 68 30 41 9 43 26 22 47 63 10 29 36
14 70 15 99 16 61 60 87 52 36 41 74 52 19 87 26 5 53 38 24 37 82 78 1 7 36 38 36 73 71 14 4 61 48 68 21 7 45 47 45 89 78 69 39 97 3 43 5 92 46 14 42 52 62 96 39 98 29 70 34 98 56 27 73 99 77 98 67 52 46 32 66 42 95 35 2 19 94 93 10 91 42 70 18 53 69 42 51 76 53 65 70 54 8 56 98 84 21 1 27 51 67 15 66 42 22 76 73 64 70 50
15 1 63 49 63 4 29 76 6 67 32 20 21 47 24 18 32 45 95 43 60 88 84 49 30 64 51 63 66 75 37 85 58 48 75 38 7 46 80 52 80 71 24 98 30 39 93 39 31 67 48 3 3 53 83 82 78 59 26 23 45 62 14 90 32 6 78 59 80 41 17 90 89 31 49 12 41 31 6 78 65 10 4 68 64 94 58 49 53 74 10 71 99 54 2 70 83 74 76 48 84 49 75 23 17 1 66 71 33 61 11
16 10 56 41 63 99 70 39 54 97 38 94 21 18 91 69 30 86 63 40 24 12 25 5 91 76 91 60 24 49 28 11 90 95 46 57 36 28 28 94 12 44 44 69 32 99 81 88 5 70 22 37 75 66 47 73 5 86 78 23 55 65 18 86 73 61 68 67 83 50 90 14 30 98 19 34 61 26 21 56 5 62 10 4 77 16 14 84 5 62 86 78 15 9 62 1 4 47 44 80 76 13 81 53 71 1 31 57 43 90 75
17 54 30 15 77 11 56 57 2 45 65 17 69 79 17 43 72 98 49 54 10 48 47 31 44 69 64 85 23 64 100 58 72 91 72 91 11 85 29 100 66 73 9 84 44 63 94 1 78 14 69 41 4 14 73 52 4 18 41 15 37 68 29 39 9 100 41 25 16 69 34 70 25 11 33 35 27 19 48 58 68 26 53 80 39 53 40 40 15 36 9 84 58 81 15 39 60 8 76 88 9 37 73 45 12 19 38 33 18 65 58
18 61 21 32 42 59 32 18 62 79 4 34 36 6 83 25 88 49 96 81 45 72 52 75 80 29 26 45 14 72 4 90 88 31 68 13 31 52 95 57 24 52 31 29 91 16 68 47 52 82 1 40 23 75 59 7 61 35 83 10 100 73 31 10 81 64 54 73 4 17 35 55 65 91 51 74 20 87 30 73 40 85 33 45 78 35 65 91 94 86 71 73 36 87 20 65 70 30 27 16 29 79 2 87 26 3 88 43 97 74 46
19 18 57 40 66 94 8 51 21 57 40 57 41 88 4 39 16 29 93 7 86 97 23 75 91 55 84 57 89 33 69 28 44 71 42 58 88 77 54 68 39 68 41 64 11 28 65 65 58 3 95 66 91 88 75 23 74 4 24 19 77 66 16 75 9 20 53 68 83 32 31 57 93 16 82 62 8 100 11 44 98 80 76 75 44 1 11 88 19 7 56 59 99 63 26 84 94 79 36 83 63 15 49 9 31 47 90 11 56 91 55
20 96 58 22 19 40 54 49 34 91 88 50 14 70 82 64 98 91 71 57 21 36 82 12 20 26 49 63 31 69 63 22 43 21 16 48 5 22 94 14 57 64 87 64 16 85 59 84 7 100 32 64 73 95 15 100 25 1 54 15 53 35 73 85 26 21 17 72 90 2 40 83 86 89 8 61 50 85 17 49 79 34 47 30 6 29 22 93 76 68 29 53 23 22 67 75 100 78 63 10 86 31 60 50 58 24 78 20 84 91 76
21 68 93 17 26 29 17 27 29 46 84 68 96 58 10 78 47 45 27 77 19 48 98 4 94 21 22 22 91 83 39 13 26 21 42 5 77 12 2 31 73 38 98 31 74 35 97 9 17 90 28 18 42 30 81 72 20 91 97 76 63 5 6 25 46 51 33 85 63 77 3 13 77 89 65 85 39 45 64 97 93 99 16 41 15 43 23 11 33 99 64 100 24 79 1 82 25 57 4 24 27 86 26 10 72 18 17 41 39 17 2
22 69 62 2 53 63 49 95 10 75 97 36 36 88 64 100 71 74 5 77 87 74 20 86 38 100 3 26 96 35 72 50 44 55 68 71 58 23 59 78 96 93 45 91 77 82 38 68 20 49 80 40 24 8 11 82 36 14 21 65 37 74 53 57 19 98 2 100 77 71 17 69 31 62 52 60 98 19 97 29 27 68 67 7 7 26 91 36 57 89 29 12 59 61 90 93 98 41 74 26 44 65 79 15 53 46 84 56 31 33 28
23 26 24 85 18 99 36 98 48 5 30 15 56 81 70 33 95 86 45 15 3 55 11 50 45 87 72 7 13 58 75 83 53 62 40 57 76 4 31 52 8 37 50 26 54 86 29 90 23 41 7 96 42 55 54 58 93 12 86 21 77 70 59 62 8 90 94 58 34 14 67 13 68 40 83 55 76 11 70 80 91 85 49 3 31 82 96 89 40 15 65 31 52 39 16 52 21 46 76 66 83 7 28 96 70 2 57 16 72 6 20
24 57 92 48 24 70 69 81 34 10 34 81 13 14 98 63 18 36 36 8 41 91 36 89 57 11 81 63 12 95 25 52 93 61 16 91 77 13 69 49 80 19 12 68 79 73 31 27 60 16 32 5 48 81 19 22 84 18 76 40 74 20 19 66 60 72 63 55 77 10 98 31 31 86 87 3 22 61 47 94 26 27 80 36 20 80 77 9 95 51 46 95 94 7 80 59 2 53 80 78 59 9 46 4 1 60 19 58 91 100 35
25 94 25 35 82 16 9 58 22 17 30 43 18 60 53 18 40 8 92 33 75 95 65 92 53 25 18 58 14 27 5 84 35 22 60 33 22 2 79 46 93 18 87 79 8 62 74 54 29 14 13 54 44 89 45 48 47 45 29 58 99 92 26 100 27 45 44 65 7 4 39 31 25 32 41 28 2 12 37 25 25 3 60 43 60 24 8 54 82 69 74 78 25 96 64 52 6 100 34 71 32 85 42 25 16 70 77 87 47 77 5
26 64 4 43 96 70 63 9 84 47 44 33 59 22 24 31 91 77 54 50 52 59 23 29 17 46 79 91 95 1 64 34 59 99 83 91 88 50 8 35 38 59 25 85 62 45 8 79 5 99 69 27 86 71 1 10 91 92 82 57 98 13 40 49 75 28 36 96 34 41 47 9 45 73 39 72 86 15 97 46 37 87 80 66 57 2 85 70 21 46 71 83 76 36 11 89 37 62 58 59 72 6 31 22 50 16 56 39 43 54 41
27 48 49 27 8 97 38 46 25 35 44 29 71 38 10 8 86 79 2 6 7 61 84 40 45 69 78 18 65 69 20 29 70 83 24 82 74 64 97 4 24 1 17 47 52 1 68 91 60 49 64 35 22 8 92 10 1 74 98 21 82 68 46 79 31 1 34 30 32 40 56 98 25 7 41 46 25 17 27 5 78 75 13 28 87 35 55 7 25 10 87 58 27 53 36 49 6 33 70 53 73 33 11 19 61 73 60 54 4 20 97
28 57 49 75 66 34 93 86 75 64 20 14 64 70 89 49 69 94 41 80 1 29 79 67 34 40 55 32 87 18 70 22 91 33 92 8 85 61 59 66 72 30 3 33 42 66 4 92 81 61 24 67 31 44 49 7 77 58 95 28 87 33 1 64 52 37 79 47 89 15 62 47 68 6 54 22 58 19 20 83 2 73 4 73 37 36 56 50 55 73 91 54 71 35 50 80 57 69 94 65 89 67 72 33 5 71 45 98 11 99 47
29 35 83 39 35 66 92 30 96 57 62 12 92 76 53 34 27 62 60 74 13 74 90 58 74 7 25 12 1 93 98 27 54 40 29 66 53 17 1 16 43 18 92 90 82 51 52 97 46 99 39 25 14 42 9 37 51 50 10 31 22 76 90 34 5 59 31 29 75 53 93 10 24 11 73 13 2 23 96 66 27 49 36 76 74 21 78 77 83 85 23 9 10 89 61 92 48 58 47 39 95 58 23 81 70 12 6 17 40 36 16
30 48 92 2 32 79 64 34 62 76 19 47 72 57 46 48 35 7 98 87 15 78 94 56 98 11 78 9 48 91 84 54 19 39 50 24 43 98 87 17 18 94 50 79 27 88 97 73 10 34 55 35 94 87 26 37 12 77 4 94 8 77 36 75 45 85 46 30 81 17 88 31 75 93 11 4 5 67 23 29 44 97 58 71 100 87 62 31 8 31 80 56 56 42 91 28 59 12 85 60 2 44 82 59 11 64 44 47 21 56 58
31 68 4 78 6 51 54 36 8 54 28 32 9 37 73 53 15 63 71 23 44 50 7 52 66 45 74 23 96 48 87 73 93 89 5 28 95 62 82 66 6 66 50 19 36 4 9 2 100 28 100 14 88 93 16 32 89 81 11 30 26 43 99 38 14 72 96 65 63 13 72 40 58 21 17 4 2 63 59 66 100 12 71 67 47 37 58 58 22 34 77 31 39 70 74 64 56 55 11 53 16 11 85 9 2 22 70 43 94 30 74
32 1 2 3 97 7 63 4 81 96 100 62 95 21 29 28 33 70 47 31 71 43 79 98 90 57 59 50 17 99 28 42 61 83 23 53 9 20 79 6 85 72 14 78 14 12 17 33 21 45 6 6 64 34 87 3 92 56 18 97 67 20 3 53 42 44 96 79 30 43 28 31 41 45 44 15 23 73 1 98 48 52 27 22 72 14 88 13 58 25 58 79 44 74 14 22 4 10 60 12 52 14 9 43 91 73 1 89 73 30 12
33 75 57 16 50 18 92 58 46 52 77 96 95 26 59 48 45 7 63 92 70 52 90 64 1 48 7 62 11 53 8 19 51 35 27 13 85 11 45 85 10 74 31 89 19 17 29 92 29 73 54 6 49 52 14 81 99 44 37 68 5 27 4 69 82 15 54 28 74 32 36 14 80 56 30 61 95 54 2 96 57 13 1 27 38 82 19 70 86 25 95 76 31 26 5 44 5 73 48 47 47 93 73 43 64 28 37 87 24 38 76
34 88 57 99 73 16 3 86 18 9 23 79 67 32 77 73 85 74 47 91 2 5 96 82 72 76 26 71 78 57 66 16 62 83 85 76 74 7 23 33 39 13 96 88 53 93 12 76 64 37 20 31 25 94 84 44 23 35 65 75 94 29 68 88 75 16 95 58 30 60 16 53 5 40 8 20 28 34 83 78 90 99 26 29 33 86 24 13 64 63 6 68 61 36 61 45 98 81 44 87 83 51 58 88 2 24 12 56 92 29 77
35 53 59 12 43 18 43 47 6 32 38 16 82 79 18 97 37 14 44 46 8 10 15 18 79 69 86 36 64 41 76 81 1 4 5 14 93 7 39 78 10 18 18 35 7 2 7 46 72 59 75 12 53 38 44 80 2 74 91 73 1 45 80 26 56 8 60 93 15 30 84 13 39 97 42 60 49 73 17 25 30 11 36 33 20 12 95 51 34 86 51 88 90 17 30 49 53 65 80 88 53 71 56 61 7 56 32 45 17 74 73
36 3 19 83 93 3 8 96 98 92 12 53 4 54 99 60 68 30 42 20 18 23 23 61 5 64 42 44 100 34 9 92 52 67 9 53 47 3 82 14 59 74 48 97 86 96 68 99 51 91 20 71 65 69 26 3 19 62 44 39 8 15 78 89 46 15 43 65 53 62 32 56 96 43 39 20 85 18 17 60 17 62 53 63 17 42 97 5 87 25 89 2 31 73 78 45 78 90 16 34 77 69 71 64 72 91 18 8 46 39 68
37 51 21 57 33 27 12 17 12 18 73 45 93 2 73 53 77 27 10 36 1 4 28 89 56 86 62 88 5 95 80 14 65 70 67 99 14 95 83 98 31 17 35 46 90 15 14 25 87 37 22 33 43 59 52 60 5 92 97 37 22 63 24 28 91 82 72 15 22 45 33 32 59 43 42 73 36 99 77 53 91 46 50 79 29 19 32 91 14 4 5 81 92 60 73 83 78 35 26 69 44 17 57 80 66 42 24 66 47 42 77
38 46 59 13 56 100 11 13 8 9 29 74 35 16 87 58 10 65 74 9 79 8 51 85 16 13 83 16 2 45 18 95 77 83 14 38 43 71 16 10 78 98 81 1 20 52 9 26 2 9 31 61 22 21 32 65 70 18 76 36 4 85 14 43 37 70 35 94 17 16 37 64 22 70 74 63 85 73 34 17 83 84 15 91 40 20 17 66 3 83 67 37 99 46 67 79 52 44 68 10 45 20 87 58 18 51 17 60 11 35 61
39 82 11 9 61 89 3 41 37 1 48 61 57 2 94 59 81 47 12 68 55 33 31 19 11 78 91 92 71 50 27 65 78 73 57 68 43 48 74 30 45 95 50 14 98 36 52 73 93 19 42 55 86 93 73 47 99 54 13 74 33 16 9 40 15 63 56 96 59 14 40 28 84 23 3 77 95 34 19 11 78 25 98 63 90 86 71 12 27 72 77 100 35 80 39 38 12 65 67 8 61 94 25 80 39 77 33 46 74 88 73
40 89 19 23 19 90 16 51 84 4 91 4 96 18 87 89 18 42 55 68 96 3 81 39 91 29 10 56 58 22 6 52 46 75 100 7 59 45 83 11 70 84 24 12 35 2 27 40 36 23 98 48 76 66 59 72 43 16 21 78 98 19 2 89 18 64 75 95 4 83 6 50 16 22 3 36 59 57 16 44 71 99 80 6 3 19 46 7 62 75 31 92 33 69 41 59 4 64 14 36 71 67 88 82 68 62 77 80 19 67 23
41 51 65 52 43 33 18 76 89 66 78 42 35 21 72 74 98 55 59 51 86 45 62 93 53 97 76 39 93 56 86 79 53 85 4 91 11 71 47 54 38 47 40 18 18 23 95 36 93 43 16 48 58 62 3 93 79 29 60 33 84 49 16 23 59 86 35 36 93 85 7 57 22 52 41 72 57 59 77 14 22 77 85 20 30 30 69 100 33 2 13 92 53 99 6 72 46 72 22 19 58 97 58 39 6 85 44 81 98 34 61
42 65 23 46 25 6 32 61 14 22 37 15 74 19 51 73 72 52 36 13 5 82 99 7 3 100 14 11 1 3 57 34 95 35 34 26 95 96 69 34 2 58 56 73 20 12 52 66 94 14 96 15 62 16 97 71 45 18 21 53 56 12 15 69 53 82 12 10 48 20 62 45 96 25 62 85 4 34 11 86 74 11 4 10 40 12 7 28 31 86 66 54 85 41 79 39 62 12 50 13 1 87 19 22 94 82 97 46 3 86 37
43 22 65 8 54 18 24 90 25 33 21 95 20 5 59 36 32 8 85 61 25 35 81 23 4 69 80 98 44 9 47 74 29 21 96 48 24 32 81 55 20 55 26 80 30 81 5 29 38 53 3 77 4 86 86 84 10 48 9 41 46 7 50 61 67 11 38 84 12 55 51 66 47 17 53 87 6 38 17 58 35 65 13 76 24 38 48 96 48 92 38 13 50 8 1 21 71 13 48 59 43 94 16 37 32 55 18 93 66 90 22
44 75 87 71 90 75 39 86 44 56 48 72 66 77 51 50 86 2 76 68 47 15 43 67 52 86 38 91 22 54 43 48 57 38 15 49 74 31 75 2 62 33 52 40 20 31 96 18 32 82 20 50 36 77 90 34 28 79 16 55 81 52 74 85 44 25 5 17 40 55 81 74 6 3 85 99 2 50 43 82 59 68 89 92 58 69 45 86 88 28 43 94 93 7 20 27 92 45 14 32 66 67 94 57 79 68 99 76 56 24 3
45 12 27 94 21 75 61 87 9 98 34 1 18 3 82 85 30 29 43 25 56 55 55 6 15 78 38 66 24 2 59 67 4 75 40 94 91 75 14 10 98 58 14 29 77 94 28 46 93 57 75 13 9 88 14 64 10 7 33 64 65 35 74 85 12 71 14 58 15 77 45 12 75 60 71 57 98 18 82 82 65 70 35 27 66 55 14 28 34 42 69 24 38 74 80 30 82 53 7 71 71 95 64 61 100 74 11 20 1 91 40
46 42 33 82 33 33 51 49 46 88 92 75 81 76 25 3 23 43 27 18 100 56 41 61 76 65 55 33 43 58 33 99 23 96 36 33 70 42 25 74 18 84 11 78 84 23 34 88 4 22 46 66 8 47 32 90 31 1 19 67 50 76 93 30 80 71 81 92 26 3 29 40 50 75 4 58 47 88 3 97 51 74 49 96 67 26 75 53 78 52 19 59 88 69 26 50 95 93 15 68 10 52 66 87 54 84 20 67 70 41 96
47 16 18 93 82 6 57 84 93 26 93 20 52 84 28 2 56 10 92 60 94 95 83 43 86 31 96 28 23 33 57 10 24 82 73 12 5 31 15 90 57 42 66 5 37 18 43 24 67 12 90 74 16 17 36 4 87 99 63 38 9 82 42 89 39 62 64 79 52 43 49 67 7 80 28 20 61 11 37 99 50 34 83 88 36 51 3 56 3 47 73 70 34 2 71 92 97 38 57 6 89 91 75 94 24 24 97 10 12 40 86
48 21 36 46 80 91 32 44 96 23 99 61 43 67 77 82 47 5 85 33 82 94 9 16 78 60 6 73 58 27 47 95 54 31 70 99 82 33 14 61 61 30 97 71 98 95 19 12 12 67 28 30 22 65 35 8 97 93 91 27 88 58 99 52 28 17 10 93 62 32 61 95 16 59 24 37 55 43 59 65 57 19 70 81 31 34 41 53 46 27 19 72 14 93 27 60 79 25 5 35 91 33 6 22 49 88 48 82 25 23 64
49 63 74 81 76 90 80 57 47 37 17 84 15 71 23 78 63 49 27 70 23 1 86 15 25 24 31 14 70 16 33 82 79 80 33 53 37 6 7 7 33 85 14 42 81 62 2 43 50 41 33 70 63 47 31 73 12 68 95 42 15 6 60 62 72 37 2 12 64 71 65 89 77 99 14 95 62 54 97 42 90 48 19 61 19 96 84 69 71 80 75 12 51 96 34 72 45 57 4 30 66 81 10 30 95 20 54 5 79 30 33
50 8 37 34 35 12 72 95 55 31 18 20 41 39 3 50 77 63 99 44 92 65 60 13 62 85 92 86 93 52 58 89 40 36 72 18 33 30 41 28 57 79 29 20 42 80 18 47 30 41 57 7 94 63 9 80 17 77 38 53 60 87 89 79 56 40 37 97 45 62 46 54 46 9 89 50 63 88 58 59 79 87 2 90 91 90 58 91 1 15 78 80 56 15 71 90 30 41 53 49 60 74 47 21 78 20 26 76 89 92 30
51 2 37 49 15 19 25 97 27 17 71 57 45 53 66 82 65 73 59 63 20 27 30 9 21 86 81 96 47 83 71 61 24 73 67 39 64 39 20 95 71 63 6 4 4 48 64 52 49 82 98 28 38 61 65 4 61 61 78 87 97 81 67 87 100 78 17 36 2 12 26 73 74 28 88 55 18 77 40 35 46 82 16 53 17 30 28 64 34 17 15 37 23 41 14 59 98 46 9 64 92 66 4 87 1 44 52 14 44 50 77
52 62 83 71 29 92 12 78 38 57 32 41 39 46 60 77 40 19 70 98 27 29 2 76 18 39 79 20 70 8 3 14 49 42 81 54 67 57 15 5 41 51 21 93 42 31 35 67 36 69 94 36 99 53 36 13 42 64 45 15 22 22 71 64 42 78 65 77 7 66 69 90 92 61 71 56 12 33 83 68 67 28 16 6 59 18 71 96 35 21 50 65 39 55 16 19 74 33 66 27 52 2 87 15 36 81 39 47 51 80 62
53 55 71 2 49 50 91 12 31 44 99 30 56 79 73 84 27 37 2 47 5 38 66 3 21 47 50 86 7 61 53 12 94 8 11 4 34 82 69 40 64 46 35 73 99 51 11 37 26 60 69 21 63 23 71 69 16 1 55 40 64 58 22 24 21 24 41 86 99 37 19 73 16 73 64 62 27 74 71 19 55 32 18 20 98 17 66 91 87 40 45 55 78 86 83 82 11 31 73 19 11 89 6 41 30 28 75 79 35 44 55
54 8 41 42 28 30 28 92 85 18 96 85 36 14 63 5 76 47 31 100 8 93 16 88 8 32 82 64 10 9 18 91 81 13 82 69 98 17 31 84 67 49 78 23 22 15 70 72 56 84 96 47 13 23 18 63 45 85 97 62 80 48 89 25 61 49 50 58 83 55 45 73 62 29 62 99 76 36 84 33 96 20 25 92 64 7 68 25 67 57 84 65 13 34 10 82 52 42 33 51 89 1 72 37 12 68 14 64 7 18 11
55 8 14 67 95 26 97 83 62 13 31 57 51 70 6 70 18 11 58 10 46 58 13 31 3 75 71 57 81 42 8 6 73 84 61 7 65 84 67 46 68 88 86 32 35 18 12 37 37 94 96 36 30 30 83 30 59 6 73 97 28 82 23 81 46 94 18 51 88 60 89 40 2 57 6 14 41 64 1 48 42 93 23 65 4 33 47 44 26 47 79 87 64 71 76 91 14 87 38 46 16 34 1 28 5 76 85 41 62 91 10
56 98 7 46 67 62 22 14 79 80 45 12 15 45 7 16 1 16 58 83 83 64 44 59 49 80 43 47 66 58 76 31 5 77 22 4 70 96 28 95 29 69 96 55 79 3 37 4 29 50 93 33 37 60 57 85 15 73 19 16 2 66 2 48 56 75 38 26 73 40 73 68 55 89 69 72 3 30 49 39 11 74 82 91 47 87 99 32 6 92 82 3 80 37 57 4 81 10 51 85 64 55 13 27 55 9 78 5 8 24 11
57 46 94 12 3 50 44 33 94 40 34 70 68 38 51 60 94 50 35 19 87 40 3 61 77 21 4 58 70 57 26 54 64 64 19 91 42 37 27 100 60 15 66 58 14 2 61 28 31 47 39 63 79 65 26 49 12 83 67 60 43 60 40 5 80 23 59 95 30 41 82 45 11 58 85 70 66 14 81 32 34 44 2 68 1 44 15 55 46 3 95 54 7 64 73 45 1 86 77 41 82 56 60 60 7 37 38 22 87 20 75
58 91 21 29 65 75 34 31 16 43 64 61 7 99 73 57 3 4 79 28 69 57 74 38 89 36 5 9 45 42 50 66 62 29 39 44 64 23 67 98 67 84 93 42 53 81 47 64 97 94 76 83 85 11 56 14 8 80 74 36 92 19 7 10 87 27 52 55 13 32 87 93 59 29 59 8 87 64 90 45 45 21 95 34 37 88 58 49 82 34 38 77 82 20 15 88 52 67 92 70 85 56 39 30 70 71 39 68 51 69 45
59 23 60 57 91 96 83 3 26 48 62 23 51 100 88 21 84 52 4 34 63 54 1 56 27 9 31 17 70 60 53 8 60 96 90 98 21 16 84 14 91 81 56 18 37 90 35 55 76 45 99 73 97 79 90 100 73 58 46 68 30 14 61 58 65 7 48 78 60 39 26 18 52 42 8 15 82 40 80 41 42 9 6 19 86 6 90 79 2 91 53 26 41 42 32 13 5 29 44 22 90 26 87 100 13 76 81 3 99 64 28
60 82 67 84 99 56 56 5 64 7 51 16 14 51 64 1 54 78 23 68 100 2 36 84 43 72 81 46 30 63 59 11 67 76 87 23 96 38 92 73 47 41 71 1 70 2 44 92 18 68 63 31 68 77 1 4 25 21 93 74 40 82 67 68 99 96 60 25 67 12 50 40 27 20 65 45 55 66 86 14 42 83 99 75 66 50 13 82 7 77 72 3 50 67 19 15 50 57 35 80 33 98 49 92 37 68 31 81 27 46 37
61 96 99 5 9 54 28 78 3 94 85 41 57 1 94 3 87 67 57 1 70 3 87 59 7 11 42 7 4 26 27 98 3 81 9 85 61 61 95 15 25 98 87 22 3 67 90 28 22 36 68 68 19 36 60 19 45 8 20 28 13 20 87 63 37 82 27 32 58 53 60 51 83 18 28 76 24 24 46 77 43 4 75 17 30 28 41 47 24 85 29 85 60 15 24 50 99 25 35 11 77 66 100 49 20 98 64 27 50 35 64
62 69 13 27 67 33 83 98 63 20 32 83 49 70 47 93 17 65 97 76 46 51 94 63 62 78 60 94 4 76 88 60 22 29 78 52 13 99 1 73 100 2 54 29 77 19 64 32 20 42 76 32 44 3 84 21 28 34 98 75 78 14 86 8 62 51 85 57 99 5 80 32 27 99 54 11 40 85 34 59 26 43 50 74 10 14 47 35 99 67 33 95 88 25 84 49 25 95 3 71 54 36 86 20 86 74 66 73 55 70 50
63 80 76 6 15 19 97 49 98 70 43 48 78 79 16 30 88 44 34 64 54 69 92 67 65 7 94 56 54 10 27 30 78 41 20 68 87 49 78 96 34 36 79 61 76 74 54 100 99 96 74 73 42 44 4 77 80 44 61 91 26 16 63 41 33 39 51 51 32 7 60 27 82 33 26 40 69 22 12 49 64 80 79 24 98 39 56 32 90 16 87 29 11 88 21 29 35 28 41 78 81 71 82 31 21 41 51 19 60 64 14
64 60 33 20 23 20 91 14 45 37 31 69 74 80 23 63 89 92 1 72 21 27 41 85 86 22 42 80 8 63 15 83 52 31 33 49 34 76 90 78 38 68 68 73 71 45 35 8 51 22 97 85 94 15 70 20 93 24 73 16 43 92 57 2 75 7 91 12 59 66 57 72 22 76 7 89 10 90 15 47 95 44 13 80 51 30 60 93 90 83 47 72 20 73 1 71 20 11 77 92 42 37 59 26 57 17 42 1 4 26 86
65 24 25 38 100 37 16 84 24 61 60 80 77 60 41 29 71 16 34 5 6 57 30 17 67 76 37 48 26 17 90 26 98 100 57 75 26 77 40 78 75 29 59 60 53 31 32 36 79 5 90 30 45 85 38 83 40 96 22 18 59 77 39 5 29 24 48 67 96 74 29 84 65 77 12 24 99 1 17 23 61 20 99 3 13 17 30 78 92 92 4 5 98 93 46 55 82 73 54 51 22 56 15 19 89 60 58 91 11 58 23
66 42 20 15 70 97 31 10 69 75 95 4 10 100 5 8 71 34 89 43 50 38 23 41 89 7 98 13 13 1 40 52 67 57 48 26 19 34 40 89 67 67 33 95 40 22 49 45 70 30 9 65 46 84 81 86 69 92 79 61 3 63 37 50 50 37 26 84 79 2 63 76 2 32 53 67 100 53 11 60 22 94 60 36 57 9 69 22 67 82 73 7 21 56 60 60 91 80 7 3 22 91 29 87 78 42 10 15 73 35 19
67 89 97 31 61 51 28 9 2 100 7 55 84 19 86 72 71 60 65 100 57 72 49 79 52 94 60 1 50 67 14 17 30 66 53 91 52 38 12 37 15 15 87 3 66 69 47 54 36 80 25 35 58 80 93 36 18 86 52 39 79 85 64 53 44 35 92 92 69 92 45 90 87 67 49 16 73 41 35 87 78 18 84 65 57 19 72 69 45 61 37 77 44 73 44 21 17 88 34 4 46 15 7 79 39 51 45 77 24 79 2
68 5 99 97 82 62 4 68 22 38 73 85 21 92 61 1 7 91 50 32 68 84 97 28 7 58 23 41 25 58 43 27 21 88 24 12 87 31 10 45 9 85 36 96 40 12 27 76 8 44 49 99 96 49 74 39 31 3 67 4 53 60 61 96 28 78 50 86 69 30 97 38 10 3 21 92 74 46 44 6 16 87 15 84 54 35 80 16 39 87 42 55 73 39 66 55 86 1 47 1 95 25 2 21 31 62 47 50 64 14 10
69 67 39 7 28 14 71 87 86 92 14 35 75 18 9 41 44 62 76 17 28 16 62 82 1 86 76 100 52 19 17 96 74 72 35 31 63 54 48 42 61 97 21 18 15 29 51 33 38 11 73 69 83 93 3 37 77 59 26 63 1 25 54 55 62 61 21 78 88 83 72 17 45 44 53 34 36 90 49 74 60 41 48 32 55 90 90 16 70 94 57 76 80 86 74 95 55 18 52 88 50 14 33 5 88 98 31 20 39 6 72
70 98 63 33 1 13 98 30 56 74 24 31 82 24 53 30 45 33 65 51 46 1 34 92 61 57 19 4 51 52 97 98 37 92 70 86 18 57 64 23 67 65 73 15 4 9 86 75 22 84 16 76 47 28 27 47 25 89 49 21 53 98 41 36 82 36 46 46 16 9 17 38 17 4 68 50 4 1 25 26 8 46 31 49 96 26 79 88 23 28 3 97 5 78 67 67 23 79 88 26 69 63 69 76 60 18 58 28 72 43 71
71 29 79 45 52 99 37 88 68 42 9 89 100 30 13 39 47 78 85 92 70 88 10 98 69 68 56 83 70 2 97 40 64 86 15 33 82 65 2 71 37 56 13 27 56 75 60 72 73 18 23 35 95 78 23 99 37 16 99 58 28 97 76 19 87 16 13 90 51 28 54 12 51 94 19 25 69 78 79 52 46 31 59 25 34 23 33 29 55 89 8 28 37 79 22 85 78 44 38 30 71 99 87 37 25 67 20 85 66 27 91
72 17 13 80 20 89 31 24 20 21 100 88 14 72 85 3 45 88 19 92 84 53 99 100 40 81 20 50 30 60 27 22 45 71 22 53 16 15 70 93 3 11 61 73 72 28 9 74 36 61 24 56 68 46 91 62 63 97 98 50 71 80 16 21 86 25 19 14 95 34 68 7 22 36 78 71 50 28 98 4 33 18 81 56 13 35 87 79 47 89 83 71 21 52 10 42 94 26 3 86 68 2 86 65 75 47 59 81 49 53 86
73 69 71 33 94 94 70 84 26 87 18 61 61 35 76 18 26 69 47 81 42 92 82 14 9 39 75 29 66 87 62 93 29 4 73 2 97 95 85 82 87 11 36 98 87 50 37 27 52 27 79 82 28 56 45 99 22 4 78 8 54 74 14 57 16 35 83 7 91 21 16 3 21 44 80 41 21 69 24 84 98 68 74 81 4 41 61 53 96 5 50 61 92 79 8 78 52 70 22 70 83 19 65 74 74 48 47 43 95 37 49
74 5 52 22 38 90 95 46 5 56 57 27 62 96 5 93 25 100 90 83 90 92 83 24 98 41 85 49 4 73 27 85 37 12 96 80 4 67 6 39 63 19 7 2 1 97 85 33 49 53 20 20 100 18 60 99 70 68 77 35 4 12 1 72 2 26 46 6 3 21 58 71 75 84 84 3 25 2 14 81 83 17 80 62 79 87 91 57 20 94 79 95 92 15 95 31 35 68 30 87 62 43 72 20 18 42 3 64 10 75 80
75 52 28 57 16 53 91 16 6 58 30 11 19 88 23 36 79 91 80 37 11 83 14 74 29 22 40 67 28 71 98 68 89 14 38 69 73 40 39 12 82 34 11 59 64 14 51 89 52 89 38 93 1 43 10 93 39 39 37 24 71 65 7 95 68 10 33 33 50 23 71 31 43 96 69 86 82 76 95 78 54 90 4 36 9 81 85 56 72 33 75 72 92 93 27 60 96 65 31 92 8 77 79 39 5 88 50 83 19 43 55
76 24 57 55 65 34 31 92 82 36 21 37 54 15 4 63 63 17 47 80 37 79 8 94 39 44 39 34 20 6 54 56 97 50 87 2 98 46 64 2 43 39 35 82 96 17 95 73 88 62 68 10 26 6 36 29 67 92 47 24 98 21 99 7 30 78 79 12 63 27 93 20 41 96 94 39 75 1 88 39 59 90 84 35 25 91 66 13 15 2 10 84 24 15 57 77 32 36 94 15 96 53 88 9 14 58 50 16 72 21 1
77 63 16 23 3 58 61 33 75 7 34 44 69 6 89 24 98 22 75 69 82 33 47 15 14 43 2 52 51 49 73 51 27 8 7 35 53 38 91 74 22 33 30 38 50 89 70 64 56 53 89 23 65 51 83 25 75 86 30 7 37 99 39 82 29 20 47 94 64 62 23 26 96 62 28 37 11 40 88 29 68 34 97 85 7 73 76 48 28 32 79 24 100 56 60 26 24 64 9 52 85 74 52 52 42 43 91 92 42 54 80
78 96 42 12 97 14 88 67 66 85 52 31 69 24 22 13 100 7 41 30 43 26 14 2 80 58 75 22 95 59 7 67 68 54 90 10 9 35 45 29 78 38 18 70 97 17 35 20 80 95 87 3 7 80 2 54 88 35 45 87 84 16 53 60 15 89 38 31 28 20 18 77 40 13 41 12 5 38 57 57 52 53 17 69 38 62 45 85 69 99 59 59 81 22 17 63 16 47 47 34 55 73 49 22 55 45 94 31 92 35 70
79 56 100 31 14 74 50 92 49 50 87 88 41 51 79 95 76 41 11 62 36 91 24 71 90 89 76 45 95 79 86 36 6 39 30 51 31 5 90 66 64 64 71 56 20 25 38 99 32 76 6 78 89 68 77 73 68 30 57 89 32 7 90 97 23 98 78 4 59 79 69 76 33 35 65 8 48 48 74 53 84 31 36 90 80 67 59 20 20 41 57 67 70 17 3 36 84 53 93 22 69 58 69 6 74 10 56 72 99 14 58
80 54 82 92 54 10 40 49 81 62 24 48 77 34 57 14 62 65 10 93 98 44 97 40 65 25 38 61 37 92 44 24 49 21 79 20 22 74 5 39 36 100 97 74 47 51 61 10 63 45 78 71 94 37 47 69 41 21 93 53 21 94 100 16 76 54 56 90 12 12 90 64 93 29 57 15 82 22 21 89 32 27 62 2 48 86 5 56 40 36 30 93 45 22 30 92 63 25 13 36 59 50 18 11 87 19 36 45 40 62 88
81 55 36 81 18 19 85 30 13 19 34 39 64 2 17 51 17 86 66 47 81 79 72 18 87 11 32 79 20 36 37 63 7 78 5 80 78 91 12 28 75 1 52 36 23 96 20 50 25 79 18 59 86 24 72 67 96 100 82 76 81 87 81 91 98 28 88 1 21 83 44 43 51 80 58 81 93 48 89 75 57 6 23 64 55 71 26 33 78 13 82 56 7 37 59 65 49 25 56 72 32 67 15 41 54 71 92 38 65 39 59
82 28 33 24 50 90 53 22 72 48 21 73 12 100 61 89 41 15 19 15 44 49 16 47 18 32 34 84 29 20 53 51 32 48 74 12 30 2 27 12 24 80 63 1 13 33 16 7 62 43 47 9 82 21 65 93 13 6 56 27 64 100 23 8 97 25 67 23 29 100 53 84 44 30 79 24 35 25 79 35 73 82 87 87 90 76 100 50 39 41 62 15 90 79 75 71 56 79 1 54 84 71 66 90 97 61 65 11 100 49 43
83 48 32 97 47 37 50 33 79 68 36 40 67 90 66 20 81 27 91 54 71 20 61 94 100 86 35 44 19 67 12 45 42 57 5 84 78 61 29 74 96 20 63 47 32 1 67 38 6 71 95 6 85 11 77 15 78 19 1 52 28 8 35 23 37 26 80 9 45 41 18 18 4 76 41 55 40 20 54 20 96 30 7 60 45 97 62 95 91 55 100 40 26 67 61 9 100 76 98 52 55 4 19 12 93 14 25 69 7 49 12
84 44 83 84 8 97 61 36 22 12 83 10 78 55 77 72 77 48 7 62 14 45 82 50 97 94 28 100 1 72 2 62 6 38 21 15 12 60 5 94 22 84 27 32 3 78 40 37 32 7 4 93 54 11 25 12 6 84 79 83 90 18 11 44 19 12 35 9 13 50 83 73 43 100 69 86 67 71 47 60 92 26 34 56 53 50 29 94 23 100 4 48 95 68 38 32 97 74 48 7 84 26 56 59 56 28 46 18 64 95 97
85 16 89 34 58 54 14 63 41 39 96 15 23 29 96 67 26 56 68 83 78 73 87 25 47 31 89 44 39 1 21 52 43 44 24 53 12 44 31 66 3 39 28 85 26 64 56 2 25 81 21 22 21 59 61 98 34 99 17 29 52 90 83 49 77 17 41 81 4 73 34 80 19 70 29 45 34 44 72 23 30 82 36 77 26 85 94 2 42 78 24 76 99 30 6 10 13 95 53 46 12 28 87 4 97 39 76 81 98 33 40
86 79 64 70 8 99 39 56 73 70 32 25 60 19 69 43 93 67 79 50 75 49 18 45 21 18 2 50 65 9 93 15 72 74 9 54 82 78 34 94 96 56 75 34 68 6 72 55 92 24 86 97 35 39 56 1 57 18 32 22 15 51 13 27 85 67 20 61 32 56 40 20 100 96 87 74 85 33 13 99 3 90 22 82 97 52 99 38 18 77 51 93 89 70 46 46 90 90 39 98 74 23 67 39 31 28 18 13 26 94 1
87 89 43 16 88 83 69 8 10 60 88 39 67 57 83 16 66 59 11 43 15 61 81 52 71 18 41 73 15 6 80 91 2 1 53 13 95 64 26 42 50 20 52 63 18 87 65 83 34 26 84 14 63 24 55 31 6 89 68 74 62 23 1 95 71 9 16 93 77 87 87 97 78 50 90 62 12 74 53 38 23 2 58 79 13 9 4 80 85 10 33 70 71 84 57 49 96 41 84 9 70 6 68 12 82 28 85 31 79 53 36
88 48 37 50 9 31 17 71 23 10 85 44 27 6 48 70 11 15 27 48 98 17 19 61 42 47 98 14 40 66 31 77 63 58 83 86 100 51 74 79 40 31 66 33 9 51 68 86 17 57 77 88 37 87 24 32 32 42 7 51 94 47 53 26 3 90 35 78 41 91 26 75 24 51 63 28 15 17 27 65 75 26 20 82 60 10 6 2 75 87 57 89 1 61 62 24 59 74 32 37 75 13 80 1 6 27 27 24 3 12 79
89 7 63 38 57 94 6 9 15 28 85 96 2 18 27 99 76 29 3 69 70 29 74 38 42 41 77 15 94 11 81 28 43 74 41 27 55 51 17 11 99 14 21 27 5 90 15 61 1 4 78 42 51 33 23 85 93 58 24 68 95 21 35 90 11 57 86 95 18 82 84 73 8 48 68 68 57 27 83 88 61 37 20 5 41 64 97 36 47 69 14 36 48 31 67 96 45 2 85 90 37 58 58 54 55 83 85 4 19 75 40
90 48 100 63 37 64 68 64 66 5 67 11 37 24 16 87 88 22 13 76 33 89 59 27 97 96 75 90 58 3 20 74 2 59 24 20 73 1 39 57 32 89 90 95 71 31 22 5 26 30 37 86 100 53 83 92 81 17 52 94 10 82 73 78 94 74 40 35 80 85 74 55 93 36 85 6 47 36 32 35 52 69 6 36 39 88 9 92 79 78 27 10 65 44 90 19 56 7 49 75 91 57 91 79 64 78 5 13 45 67 47
91 32 7 54 93 87 52 93 40 79 22 30 86 69 87 46 69 40 79 52 49 39 45 74 10 23 21 84 83 95 55 2 30 40 99 14 56 28 77 20 22 86 9 88 27 65 14 88 17 75 80 22 100 66 63 85 46 25 9 39 25 93 57 53 1 42 81 95 27 55 16 90 35 95 87 59 37 44 92 14 61 33 42 50 84 82 23 38 69 33 49 37 1 44 17 14 27 28 47 34 51 33 64 35 43 81 54 24 53 8 4
92 13 19 22 86 64 7 53 31 20 80 24 100 43 20 12 51 4 70 44 53 53 44 55 12 60 80 55 9 62 6 86 25 76 44 29 32 82 92 6 44 88 85 6 53 72 45 48 35 33 75 39 34 29 65 39 98 54 36 49 66 5 34 46 27 12 8 41 68 54 32 98 23 58 48 27 93 89 85 28 32 54 94 19 18 94 80 10 14 71 40 27 20 100 98 44 35 11 36 58 75 17 4 36 5 57 64 29 89 42 93
93 77 61 25 69 17 60 15 69 15 25 16 82 5 39 29 11 56 74 88 60 14 8 57 23 4 58 50 94 50 36 15 62 6 88 48 24 23 55 67 1 67 90 26 31 47 53 56 52 47 17 64 55 97 84 17 95 42 31 26 41 61 37 89 2 27 4 73 33 72 61 90 48 65 89 12 75 98 7 20 70 90 9 68 2 88 7 83 82 24 55 42 44 93 82 18 84 16 39 62 9 1 22 82 49 52 8 65 26 71 6
94 55 54 89 19 37 56 100 24 22 60 1 45 13 45 70 70 84 51 6 46 65 45 14 32 63 74 25 85 67 54 61 75 12 86 67 95 49 10 59 8 20 40 18 74 72 68 63 60 92 92 31 74 46 75 34 95 93 5 93 32 32 38 12 30 13 46 30 36 19 88 99 74 22 12 55 20 38 47 100 18 46 9 79 75 98 22 46 65 90 33 62 33 90 38 46 22 58 59 93 77 95 94 41 11 22 87 67 33 50 63
95 92 32 14 18 8 17 16 17 40 55 21 51 15 84 39 70 95 25 26 19 83 41 56 76 11 46 82 88 33 11 32 9 96 89 48 8 80 4 62 11 61 49 25 62 3 61 67 57 86 36 25 50 32 93 96 44 7 40 92 17 7 43 30 64 25 10 44 39 42 31 38 84 86 3 70 54 9 71 2 53 18 6 63 27 66 11 66 88 97 74 93 33 6 93 44 17 35 11 50 19 11 59 25 40 95 57 49 6 25 57
96 52 85 33 90 44 63 25 21 33 30 31 52 22 15 27 17 26 57 88 20 33 48 21 80 23 74 82 16 80 21 88 100 10 84 64 47 76 60 18 100 53 16 34 62 10 71 15 17 99 47 61 55 21 40 70 69 76 31 29 44 12 59 50 47 94 78 66 10 22 97 27 89 37 2 65 70 3 69 54 78 89 39 74 86 9 13 9 89 27 16 6 69 14 80 42 25 4 100 84 4 55 65 72 57 35 95 61 59 28 15
97 23 64 6 37 88 55 80 63 38 29 79 11 92 55 73 7 40 35 39 40 98 40 83 94 18 83 9 28 89 22 81 77 36 25 44 85 65 39 25 63 81 70 27 81 27 29 93 32 59 23 28 10 15 84 4 40 6 94 59 51 44 19 48 43 75 35 71 1 73 37 52 54 41 16 91 98 90 3 29 40 33 48 3 76 45 33 4 14 46 75 52 87 68 53 52 40 51 54 10 10 64 70 8 34 43 25 68 41 81 10
98 53 62 68 6 85 57 35 8 54 86 66 97 95 53 12 82 54 17 49 10 58 98 34 1 77 55 57 55 67 78 86 22 47 14 40 33 53 47 15 7 35 44 45 65 52 11 95 65 49 88 93 18 76 11 97 13 91 12 21 11 43 47 28 3 100 41 39 34 94 76 53 61 51 54 55 63 95 81 90 96 82 76 33 44 60 66 90 66 10 24 18 53 26 87 65 48 54 70 64 24 43 99 97 75 23 15 62 58 66 27
99 7 91 43 18 8 48 70 22 70 11 95 77 93 15 27 83 44 82 24 23 30 69 76 49 90 63 5 91 9 99 44 37 97 36 67 66 54 88 78 42 32 44 35 17 23 53 95 81 67 5 63 13 44 69 45 33 41 65 80 92 75 14 88 43 4 74 27 76 100 27 68 28 22 57 48 69 36 53 57 27 79 85 28 51 73 33 68 95 26 72 2 52 58 49 100 26 97 30 45 12 75 13 52 29 39 99 64 87 23 92
