10 100
4016 3736 3851 4158 4361 4217 3694 4316 3860 3964
0 50 9 47 76 99 50 14 53 74 91 94 60 22 57 80 68 28 8 12 79 24 39 93 36 68 57 86 60 29 5 24 50 88 73 78 76 4 16 84 82 13 6 65 91 82 88 10 66 73 77 76 44 11 65 30 52 80 45 22 24 15 13 7 98 18 57 42 74 17 40 76 68 52 2 96 35 89 74 50 1 86 56 21 31 7 82 4 73 65 96 82 83 72 62 27 69 4 6 90 84 72 6 22 73 33 73 40 59 53 58
1 68 39 86 37 69 66 19 95 32 23 71 39 17 86 9 84 22 20 37 29 37 56 50 59 92 38 46 49 42 22 97 28 26 26 87 9 15 43 65 39 85 75 53 83 65 16 22 3 5 8 73 43 38 79 10 93 63 66 19 70 19 29 85 54 100 75 52 7 69 82 88 3 62 28 47 17 32 89 90 68 38 71 27 92 89 16 19 19 29 40 57 94 8 55 80 68 30 50 78 43 31 29 42 55 2 76 81 85 20 77
2 79 95 55 20 65 47 8 93 13 65 9 38 48 70 91 89 10 41 2 83 42 53 35 77 35 25 64 46 29 93 96 95 17 67 6 53 80 53 5 25 4 66 77 13 37 38 53 80 31 85 61 80 52 7 22 84 37 81 43 26 27 16 96 26 43 19 35 33 70 59 78 19 90 57 19 33 8 96 78 83 49 8 64 15 54 97 77 9 13 38 54 24 86 83 93 91 78 9 52 60 63 97 12 20 72 97 65 11 38 45
3 79 39 19 26 47 61 58 2 32 98 29 13 64 1 74 32 82 68 24 50 69 7 81 55 5 65 48 67 96 62 60 34 4 43 96 22 36 88 83 72 30 97 8 31 20 13 1 66 76 41 86 62 85 37 70 76 74 40 11 24 8 35 60 75 78 42 16 27 19 63 23 15 94 19 11 87 53 7 70 99 58 75 76 59 1 62 12 6 68 81 14 44 16 13 39 62 70 10 88 91 4 64 57 58 14 14 97 12 33 39
4 2 17 37 31 47 66 77 60 43 63 5 74 8 75 28 8 86 10 85 70 57 60 26 84 41 16 66 49 78 18 28 9 25 55 12 43 42 35 67 41 10 47 58 83 46 77 50 55 72 30 39 19 9 71 100 27 83 98 96 8 66 46 33 89 19 41 57 12 19 86 74 72 65 44 28 82 40 83 49 75 91 40 32 90 91 39 10 41 48 47 34 89 82 77 45 65 30 38 43 45 57 15 48 18 94 62 52 29 37 79
5 4 47 24 59 100 11 27 44 1 25 94 19 60 5 80 58 10 71 35 61 71 62 54 55 36 15 65 75 57 40 96 64 59 88 95 40 41 37 100 97 64 82 67 75 97 36 65 40 65 60 98 48 80 89 49 91 43 64 78 16 70 80 9 98 85 41 25 18 7 47 59 2 86 89 63 90 17 57 68 9 42 90 21 47 52 16 35 87 47 17 54 72 47 68 6 21 90 96 78 35 13 73 77 11 23 25 74 60 27 37
6 5 6 42 37 42 49 77 11 38 51 100 22 44 68 15 20 29 15 99 53 37 32 61 78 13 65 20 47 55 31 80 14 5 41 75 21 6 24 59 33 26 20 48 51 42 74 44 78 61 90 3 17 6 96 63 55 43 59 35 58 87 96 49 81 71 49 21 100 31 16 32 46 39 14 89 65 86 15 71 41 26 76 61 7 26 65 71 10 98 71 27 81 6 82 91 67 85 46 7 96 4 59 2 62 81 32 33 27 90 23
7 48 53 63 78 45 92 72 54 15 70 62 58 69 74 23 54 78 43 42 23 62 34 64 21 68 4 9 98 31 29 2 15 7 2 89 24 30 48 46 55 57 74 41 47 97 12 52 3 2 6 54 10 45 21 79 17 58 5 24 95 13 8 58 16 92 24 50 79 58 33 100 25 4 98 7 15 26 55 47 78 47 57 15 98 32 2 66 88 64 88 19 13 40 96 69 97 27 45 55 73 23 3 44 43 31 77 19 74 71 55
8 83 30 30 37 9 37 53 50 25 45 29 23 90 12 81 64 5 24 42 67 7 76 27 18 97 46 45 1 81 63 50 32 10 43 46 44 88 76 43 26 18 93 22 78 20 55 25 47 26 96 48 18 25 48 68 18 59 98 77 85 34 73 50 52 44 51 6 5 10 11 49 6 17 83 45 92 8 75 72 43 68 86 59 43 60 59 55 66 63 9 51 20 44 42 92 8 58 62 85 44 21 89 86 95 54 71 76 21 28 59
9 22 13 21 25 69 8 59 90 29 64 77 84 71 38 15 24 44 89 88 9 28 47 20 85 97 46 11 70 33 75 24 73 74 23 22 15 76 50 16 30 73 18 18 80 57 94 63 81 75 53 48 27 34 100 97 31 87 34 44 72 62 89 52 82 100 95 22 94 16 1 77 80 47 41 68 27 52 88 49 99 96 43 28 35 85 79 32 50 70 25 67 2 32 27 55 58 99 63 43 72 81 74 73 6 91 76 33 81 89 61
10 19 75 64 17 75 25 3 71 61 1 85 54 31 26 31 31 62 65 17 72 91 99 42 99 20 82 47 3 12 77 31 79 27 59 44 17 73 89 99 76 19 42 65 66 30 29 58 89 49 35 44 79 63 21 53 57 86 42 60 65 96 81 27 43 70 39 96 71 64 86 67 10 8 38 26 39 52 38 11 27 23 66 45 87 63 2 78 71 79 67 47 26 29 97 88 8 68 39 62 46 40 80 8 60 36 77 75 80 45 83
11 40 98 75 84 80 18 11 48 45 5 96 67 41 59 80 86 4 67 22 68 70 32 58 14 39 36 78 87 21 62 42 77 47 17 42 37 88 48 99 96 61 56 49 32 73 74 31 9 10 76 68 95 4 95 70 19 93 20 41 69 42 11 2 80 66 32 60 13 75 24 32 82 68 23 11 19 50 81 75 48 52 42 66 99 16 6 36 80 56 1 59 45 22 60 68 74 28 30 1 90 23 42 63 41 86 16 18 33 73 27
12 51 60 64 16 98 10 31 34 34 45 49 67 26 28 39 54 5 52 92 78 39 5 16 13 8 54 7 11 58 48 43 94 72 23 15 26 41 65 86 78 34 15 5 81 62 11 32 60 92 95 58 18 74 82 65 90 6 82 63 30 42 9 48 98 90 3 27 91 17 62 41 1 4 29 4 8 63 46 59 77 52 77 33 100 21 33 85 2 77 6 47 38 8 94 79 3 25 57 40 65 31 25 47 47 85 73 31 20 73 26
13 51 35 62 86 29 90 38 62 38 82 2 68 5 2 36 70 38 41 40 98 64 62 76 22 79 43 9 85 31 17 49 35 98 48 63 89 54 62 89 67 39 20 60 60 69 97 52 41 89 72 93 25 94 66 27 36 64 11 69 39 4 15 29 50 40 8 99 98 66 67 83 41 78 28 97 75 31 5 96 80 41 58 99 30 49 29 8 80 30 68 73 9 12 76 84 76 77 15 9 93 52 31 38 82 45 49 63 94 82 34
14 56 57 35 5 83 81 64 33 69 33 62 6 100 92 59 95 59 5 92 81 84 74 72 56 90 41 38 20 75 68 47 27 79 4 69 41 85 70 14 22 19 91 27 62 20 1 78 74 81 19 4 38 88 14 53 86 89 23 89 96 32 100 47 71 81 28 57 53 23 57 50 17 66 85 60 18 92 19 55 55 76 82 48 44 20 66 17 85 5 24 14 63 63 90 96 69 97 40 20 62 16 69 44 37 24 99 31 32 75 88
15 99 75 93 5 21 96 36 98 100 31 77 50 35 93 72 28 55 29 12 85 71 49 3 95 35 57 99 60 100 96 49 100 62 78 30 36 63 37 1 99 45 30 83 86 23 59 6 65 42 71 53 79 60 29 83 71 18 90 70 32 10 49 9 57 6 94 5 74 32 99 55 55 46 69 4 31 46 50 22 61 46 16 80 34 25 61 4 50 18 10 21 18 38 15 66 39 42 12 83 99 70 66 47 52 32 24 9 34 40 96
16 14 33 10 95 83 66 67 3 20 80 40 77 91 35 69 40 97 29 66 85 49 91 72 16 22 89 13 88 33 40 13 71 87 30 44 45 31 50 61 93 25 76 70 22 73 21 27 39 34 56 47 87 7 15 69 39 85 98 9 46 78 50 27 1 73 48 29 65 44 78 96 19 19 19 69 59 93 77 56 88 27 9 64 78 56 60 31 50 61 63 26 73 48 36 42 87 83 46 72 27 65 11 25 91 92 95 88 60 95 74
17 17 24 2 43 77 43 8 85 19 54 45 6 67 6 82 26 79 35 68 66 30 13 49 77 59 59 45 61 95 60 74 27 65 16 53 95 20 69 24 61 29 18 35 1 86 72 31 4 43 83 59 7 27 65 55 18 65 44 89 86 55 36 27 48 75 4 80 60 97 71 85 67 68 39 69 64 88 72 11 100 72 97 5 31 41 35 66 48 55 97 44 79 90 74 53 23 31 68 88 36 81 10 30 100 64 76 30 52 86 97
18 74 31 41 65 77 100 29 78 96 93 94 66 62 87 28 79 48 39 25 83 4 33 36 10 32 61 51 63 62 38 32 17 65 65 11 44 57 9 8 86 83 48 53 31 74 44 6 5 28 71 29 71 23 55 31 31 15 89 74 62 93 59 36 66 44 45 53 53 76 85 20 56 4 47 88 81 91 52 51 50 5 86 56 44 84 90 79 100 34 13 12 20 23 83 47 18 59 85 20 30 35 76 6 14 63 78 49 87 87 69
19 7 46 96 83 16 60 40 85 30 32 38 57 49 9 97 100 84 69 80 29 64 78 68 9 56 54 89 72 38 75 99 33 7 78 96 67 50 71 45 76 96 48 8 2 29 27 39 27 60 56 16 76 23 13 31 12 59 12 51 14 44 78 76 88 60 19 81 34 62 39 60 41 6 96 85 5 52 3 71 62 3 13 35 67 22 28 12 87 80 74 80 91 36 21 9 56 14 3 99 4 3 62 94 23 53 51 71 39 60 48
20 95 80 69 26 55 73 66 25 95 30 1 66 42 25 35 19 35 14 80 44 58 91 57 86 60 100 68 7 80 6 70 19 89 92 8 94 42 80 85 69 86 61 16 38 4 61 67 59 23 38 69 14 58 28 99 73 65 3 33 43 30 37 90 52 45 73 74 22 96 14 1 55 45 3 95 95 47 74 58 70 19 39 12 15 81 36 55 52 57 27 3 23 60 64 69 30 84 13 2 28 69 6 26 5 47 41 67 23 34 92
21 22 46 55 58 91 22 18 70 68 77 5 1 73 47 67 72 61 59 70 53 82 47 93 85 68 96 5 8 35 37 74 69 4 84 65 60 99 95 40 20 94 50 59 33 84 8 1 62 55 7 82 93 89 31 89 72 75 40 79 52 93 42 64 78 38 65 74 62 94 89 15 75 16 95 49 15 41 8 62 1 34 2 48 47 45 2 85 87 28 69 69 95 6 8 88 72 20 47 88 82 13 1 29 3 85 5 87 19 64 30
22 26 74 76 68 6 15 17 86 86 83 76 70 27 76 44 28 28 30 54 9 33 18 5 27 9 12 65 67 89 83 10 10 6 28 11 55 11 3 18 42 74 3 87 7 13 57 87 49 37 24 70 39 66 4 54 92 89 74 99 50 4 63 91 92 76 53 5 83 1 81 25 93 29 18 60 33 10 80 23 67 47 79 8 55 47 15 96 19 81 24 31 37 30 37 52 52 32 32 68 1 13 88 38 49 62 90 2 54 32 75
23 58 92 15 21 25 7 16 25 41 95 14 88 59 32 44 87 45 43 5 60 4 60 72 64 39 83 41 2 74 71 8 78 64 5 19 11 94 49 6 45 12 19 81 36 5 93 44 27 66 53 68 26 77 27 41 64 92 10 72 100 28 62 21 58 36 1 48 2 73 85 42 64 43 91 59 18 56 1 78 98 22 18 95 17 31 64 14 74 92 13 32 62 87 57 36 78 78 5 97 83 52 10 36 94 17 64 24 82 93 77
24 91 63 48 67 14 69 24 70 6 83 94 16 35 47 84 29 45 50 40 80 28 88 57 85 24 32 9 89 88 24 21 96 16 21 78 3 76 59 11 65 88 84 95 28 11 38 6 93 18 99 61 23 1 9 97 33 44 53 35 23 81 49 79 94 65 45 97 97 53 73 13 30 21 34 93 32 26 19 14 44 18 82 96 97 78 51 91 44 39 90 55 21 41 24 43 67 38 75 9 1 75 69 27 48 74 97 63 70 84 19
25 83 77 91 36 27 57 61 9 85 85 86 71 87 81 42 59 22 29 1 76 89 32 7 94 8 97 87 15 17 59 100 98 32 28 18 85 21 39 25 94 14 42 72 74 64 88 61 66 92 19 52 12 97 33 21 39 23 52 55 20 36 57 52 88 5 2 25 30 62 82 68 11 96 48 51 17 94 5 22 87 72 94 46 36 1 11 72 2 46 92 44 96 44 92 34 35 69 35 17 59 25 58 37 40 58 36 7 69 57 53
26 96 61 42 3 94 18 12 24 74 5 49 96 66 76 15 83 77 74 49 15 26 4 30 50 22 91 32 19 93 36 85 67 17 82 30 24 92 99 47 86 34 58 84 80 20 38 8 28 73 65 96 35 43 88 64 10 24 70 99 28 67 92 41 38 19 53 10 7 45 26 41 68 64 13 93 57 79 77 56 20 51 3 83 71 1 40 60 9 53 78 79 82 95 69 6 43 98 62 34 96 44 99 7 7 29 16 5 41 43 85
27 91 7 93 71 61 55 7 27 96 97 29 77 56 4 74 13 14 27 44 29 22 67 82 78 94 87 94 37 30 75 10 24 97 53 52 72 7 38 49 68 75 72 92 89 41 60 81 100 7 74 12 26 32 45 19 35 41 65 6 24 23 13 20 81 14 52 58 32 31 10 46 58 88 24 25 66 81 26 22 69 57 44 47 20 63 56 18 32 34 45 48 71 71 95 100 41 60 32 33 35 61 6 15 67 6 89 85 64 94 51
28 13 46 37 52 17 64 49 70 71 11 73 84 12 56 74 28 6 48 97 97 19 49 6 9 35 12 40 4 2 84 10 40 79 52 79 73 72 33 20 5 73 77 66 66 35 86 79 85 13 33 66 36 66 95 76 52 14 48 44 64 53 89 44 100 81 49 65 43 16 53 37 8 85 52 61 71 78 71 7 31 32 53 6 4 21 94 22 83 62 46 7 69 34 98 28 68 79 63 28 20 55 15 3 20 85 87 54 25 17 59
29 3 30 20 59 72 90 77 11 7 84 39 56 94 77 5 37 1 78 59 21 31 51 34 75 43 36 6 20 70 55 86 9 36 7 14 58 38 95 19 65 88 8 21 8 70 43 2 58 30 53 49 4 4 47 75 55 36 89 51 61 18 30 27 91 36 66 29 62 13 46 35 58 93 29 47 83 73 57 49 66 5 92 23 36 14 84 31 44 40 21 62 1 79 44 13 10 74 65 91 64 55 99 48 49 82 91 6 28 79 60
30 25 81 80 47 94 9 53 89 29 78 13 74 98 47 84 63 7 2 84 7 7 34 21 54 85 71 10 64 37 56 20 59 43 62 41 19 74 97 46 48 78 6 79 37 47 77 12 73 58 42 17 29 24 14 70 77 46 10 99 58 93 20 78 93 88 36 82 49 15 79 94 49 81 85 59 10 30 11 26 67 89 73 6 80 26 24 88 29 52 88 7 97 85 51 92 82 31 8 36 52 22 57 93 94 78 29 65 41 27 8
31 61 89 73 86 22 27 63 37 63 40 62 80 29 38 35 5 35 16 67 43 71 24 46 83 96 49 84 84 80 94 46 25 21 22 17 69 37 93 13 68 100 6 68 54 5 61 92 37 92 11 20 29 94 7 68 77 18 90 6 66 62 100 54 76 30 24 10 38 73 23 68 68 26 24 29 81 87 72 27 73 19 65 73 87 50 81 100 84 38 61 36 60 50 94 5 77 19 15 62 89 6 11 91 51 17 89 65 74 65 80
32 88 9 82 86 43 8 9 95 67 20 10 89 45 32 51 15 33 14 7 74 9 84 58 79 58 94 74 95 44 39 79 52 1 35 5 89 89 68 69 9 46 83 78 21 10 72 21 23 6 79 8 69 42 14 83 31 89 97 85 70 41 52 88 93 56 42 11 73 57 29 64 73 72 46 18 16 19 29 61 98 13 15 36 85 17 60 45 88 92 98 76 35 15 12 66 45 3 49 35 54 98 62 11 54 53 36 81 69 13 95
33 31 98 49 99 27 89 44 20 54 47 36 23 34 9 95 82 27 90 38 31 96 11 17 60 14 41 70 58 63 71 90 70 99 66 36 85 77 53 83 8 54 86 80 10 100 95 18 10 31 25 16 74 98 43 75 72 38 83 4 56 89 16 63 28 39 91 92 29 68 43 51 72 26 47 47 25 40 39 56 61 6 69 6 40 36 43 81 23 84 8 96 10 82 54 61 9 98 73 35 85 19 22 86 98 14 4 63 40 29 52
34 1 87 94 19 8 4 59 71 9 24 98 77 90 28 67 55 51 7 26 80 74 14 2 45 65 49 65 13 95 22 85 85 19 72 38 45 22 60 49 83 67 77 76 44 33 20 36 5 65 43 96 71 38 47 19 28 22 49 17 70 62 6 100 39 42 22 21 76 35 5 50 17 73 11 8 1 27 80 67 2 9 15 44 21 48 81 58 14 25 23 83 87 65 27 17 31 95 70 56 7 81 98 17 15 70 30 72 46 77 89
35 58 7 12 69 19 98 36 44 30 63 99 78 73 42 29 34 54 72 22 68 49 96 19 4 91 90 80 68 18 6 19 73 53 17 48 29 43 30 36 46 66 95 61 79 51 48 21 82 4 89 68 5 94 46 75 88 37 77 90 18 35 45 55 17 63 87 32 41 45 43 19 92 95 36 61 33 13 34 71 11 72 70 74 53 21 66 78 81 39 51 71 17 22 34 88 38 35 55 79 19 49 64 56 10 55 90 57 53 32 92
36 71 93 37 93 37 16 97 69 46 5 34 46 84 79 95 82 82 36 54 33 69 78 57 97 72 33 96 39 35 33 14 71 24 55 35 66 97 66 86 9 97 54 6 33 74 72 94 8 90 31 19 39 19 41 87 37 51 99 49 54 69 3 10 69 71 32 38 7 33 100 46 48 55 85 11 47 61 99 60 24 50 55 79 32 60 63 58 55 11 51 88 25 90 75 65 39 21 14 9 29 85 72 84 14 44 4 58 54 41 25
37 28 6 9 12 38 45 31 86 21 2 60 35 9 15 22 39 4 57 42 13 10 91 69 88 10 42 83 11 71 13 21 27 17 42 82 33 93 8 3 70 63 89 10 33 40 95 15 81 99 35 57 5 29 100 65 62 88 46 16 68 33 21 15 60 63 68 64 50 80 68 24 36 55 81 32 55 83 70 61 51 3 81 79 17 44 97 80 39 13 7 63 31 27 31 43 67 3 24 6 69 45 4 52 85 11 96 75 38 11 33
38 94 21 31 90 36 10 70 73 28 42 37 2 54 19 25 74 8 30 2 58 7 98 60 51 85 74 100 68 81 11 82 24 78 73 85 60 74 100 76 91 11 38 54 72 86 7 40 5 8 84 97 8 39 83 56 15 81 11 97 80 63 9 56 73 78 73 28 49 12 38 5 9 82 83 33 10 91 88 31 40 79 8 12 39 22 86 30 25 24 12 60 2 13 27 75 81 43 8 90 30 69 45 89 58 74 1 59 20 42 42
39 81 49 97 18 18 42 27 90 70 64 81 26 88 45 20 91 53 38 50 21 74 20 5 6 64 97 19 79 67 99 38 60 41 67 83 91 10 85 73 93 23 8 71 93 48 43 15 60 51 60 8 90 63 53 96 45 70 80 78 28 32 76 14 68 79 33 57 94 54 72 57 90 45 68 22 6 82 8 27 65 18 53 92 33 47 44 12 88 69 30 3 64 9 53 13 90 95 97 75 53 47 62 31 54 54 5 35 58 2 66
40 20 95 69 73 11 54 25 52 73 2 9 47 56 25 45 43 12 30 16 54 27 9 39 89 97 80 73 77 78 57 34 29 36 74 50 38 68 59 56 99 100 77 58 59 87 37 38 49 13 53 95 57 74 57 53 34 43 14 5 8 92 88 88 95 73 54 22 86 13 19 19 97 3 64 82 79 69 22 9 5 22 9 75 41 79 12 8 64 28 87 31 89 73 44 82 7 77 31 68 61 87 78 97 32 42 39 16 2 17 65
41 40 57 19 49 47 96 79 14 76 52 9 9 63 38 59 93 51 83 40 31 64 12 78 33 12 68 59 72 55 68 89 66 29 95 44 84 13 77 31 51 96 75 11 18 80 85 32 85 31 42 83 100 34 67 58 19 22 82 80 17 92 99 83 38 36 38 91 52 76 76 81 10 7 53 33 96 64 38 47 44 13 53 65 70 17 18 80 62 41 93 25 44 56 97 24 27 82 31 57 52 1 97 86 52 92 59 59 51 84 33
42 97 47 81 51 2 17 43 84 29 73 18 58 16 100 71 51 43 6 82 65 27 93 73 9 26 81 57 55 1 20 79 92 33 55 1 93 9 87 20 78 90 19 38 6 6 57 53 68 19 53 17 62 81 49 1 69 52 23 69 64 43 48 18 90 25 74 38 89 91 54 82 40 50 32 85 18 38 9 75 45 99 40 25 91 18 47 55 24 43 94 16 21 97 52 25 16 78 90 20 33 85 91 9 94 22 37 25 55 15 99
43 86 46 76 7 68 1 88 84 87 73 35 64 22 72 48 23 94 32 79 12 57 50 22 98 10 12 31 10 8 90 9 32 10 81 99 46 96 72 20 92 11 81 45 36 55 14 25 74 11 33 60 58 65 34 44 83 31 19 63 63 18 72 98 27 93 33 79 48 16 55 55 92 71 56 46 30 10 30 4 20 46 41 57 9 34 25 40 41 42 47 45 41 29 24 58 74 50 72 22 53 51 41 65 13 16 91 74 90 97 14
44 41 98 41 81 25 79 18 77 71 66 12 1 92 1 21 87 98 68 8 52 29 24 15 45 28 82 95 85 37 96 81 58 90 17 57 29 97 42 77 24 20 33 27 35 99 53 26 12 6 20 80 56 84 20 66 78 3 100 40 99 36 79 48 35 91 76 50 31 31 58 9 49 76 81 44 18 95 2 32 59 82 59 62 81 88 91 88 70 31 41 91 49 94 56 14 41 41 53 54 20 70 7 63 3 58 28 2 83 35 79
45 89 95 3 88 23 2 100 19 72 72 53 68 52 63 36 76 85 52 82 40 64 21 61 36 86 27 38 95 74 76 47 4 63 91 63 7 66 99 97 24 18 58 7 25 19 72 78 1 88 52 20 66 31 39 47 59 73 47 17 3 98 82 51 15 4 37 19 91 47 12 23 39 17 39 99 55 21 44 60 97 85 62 19 19 71 29 63 93 99 87 25 89 2 75 62 4 51 32 76 86 95 19 80 58 95 74 9 80 37 80
46 14 58 23 3 48 39 68 19 78 67 8 78 20 85 12 40 7 32 54 46 93 4 50 99 31 96 39 25 86 22 58 41 41 34 10 5 18 21 72 36 72 36 25 81 4 90 1 79 86 70 99 93 34 98 71 95 7 90 38 98 51 2 47 13 52 25 48 26 84 48 39 75 16 51 72 71 71 44 71 92 34 43 85 53 97 13 49 96 25 39 99 94 79 5 83 6 43 57 1 82 86 37 98 91 100 74 66 65 68 77
47 62 64 11 87 9 31 62 76 97 85 73 72 29 28 60 94 49 93 75 89 81 87 95 83 56 34 81 96 61 75 68 75 64 32 58 89 38 45 59 56 74 14 37 72 97 24 47 5 81 39 54 27 66 12 79 87 50 1 2 20 1 83 36 22 48 34 62 3 71 9 85 10 61 27 3 26 15 26 10 89 16 31 81 28 66 87 83 48 98 21 92 84 28 19 57 10 20 78 51 88 72 53 37 8 59 79 88 36 57 11
48 91 6 82 17 64 5 76 57 13 100 30 69 44 76 51 85 51 49 79 35 7 33 5 8 57 2 23 82 53 34 69 93 70 5 60 35 60 21 93 90 39 45 87 3 8 62 88 67 56 87 42 3 48 9 83 7 83 37 50 14 89 1 20 84 93 76 31 19 46 67 74 83 47 60 12 4 30 11 16 25 99 1 61 71 19 57 20 94 18 91 37 82 2 12 11 18 31 48 1 96 56 64 84 31 82 69 99 7 79 15
49 82 40 67 22 82 41 87 20 51 9 68 71 14 58 87 80 70 32 93 61 40 29 17 72 99 47 58 59 16 82 75 39 89 98 10 1 73 64 12 75 40 33 72 90 83 56 76 14 67 97 44 19 77 96 48 91 9 94 46 10 68 57 68 90 81 7 73 90 30 55 53 99 99 65 47 69 13 91 10 53 63 6 33 92 88 66 18 75 90 46 79 34 30 5 12 92 100 85 77 40 86 73 63 46 54 88 3 30 58 96
50 40 37 35 16 68 83 65 43 17 72 69 71 96 12 59 79 41 79 85 3 47 17 75 42 79 63 3 25 44 8 3 46 28 55 68 90 36 86 4 62 30 75 24 19 62 47 38 77 1 82 84 71 73 18 29 4 26 96 90 16 29 69 37 52 12 84 1 79 28 70 41 92 12 27 90 54 23 50 83 52 46 90 83 30 52 93 43 8 81 31 53 44 9 8 47 34 28 91 26 69 37 39 42 27 97 72 67 31 81 28
51 21 44 57 57 93 85 63 69 9 33 35 17 65 5 75 46 87 32 87 91 84 53 46 40 20 79 20 9 30 63 7 98 75 4 1 3 6 95 35 10 17 20 89 56 27 91 43 21 49 90 88 75 31 14 39 67 4 28 65 43 21 82 96 90 32 68 52 44 50 58 61 69 91 99 15 70 78 96 75 63 41 47 88 31 22 34 80 68 78 67 16 56 59 54 63 34 50 14 64 81 1 62 80 75 98 65 74 48 67 85
52 87 14 63 83 60 15 37 26 76 20 26 50 21 5 11 3 65 47 19 21 48 29 12 94 13 53 79 23 55 72 99 89 69 92 7 81 67 31 56 82 54 53 25 78 26 74 16 98 74 87 87 73 88 91 39 99 13 32 44 1 37 60 50 57 5 65 97 53 91 43 81 86 10 15 42 14 48 79 89 10 24 88 65 30 59 54 53 22 62 98 27 14 6 19 30 71 71 38 56 24 35 13 62 18 60 45 87 91 15 96
53 6 53 11 51 27 68 44 74 96 9 23 54 53 47 68 6 44 79 79 30 7 26 10 39 42 4 87 30 47 71 85 79 57 98 51 94 94 14 5 28 98 63 80 32 26 62 94 29 99 57 99 57 91 27 97 95 86 46 56 50 18 62 89 59 61 36 98 61 48 20 67 16 29 44 37 97 95 90 19 37 75 8 52 5 64 14 68 31 29 82 42 18 60 23 95 20 82 89 25 94 85 95 95 79 61 11 42 22 63 86
54 3 43 44 70 95 99 2 70 74 40 7 53 39 68 65 30 96 96 48 22 37 69 96 94 90 3 95 98 100 17 89 88 3 82 63 46 52 95 67 77 50 97 76 58 37 55 72 97 16 29 89 32 19 43 70 3 50 4 75 66 71 94 22 59 75 24 22 89 40 57 32 26 66 46 99 83 44 1 60 46 33 95 5 100 68 71 82 86 62 3 62 47 7 29 35 51 48 95 2 50 37 71 100 81 88 83 77 81 22 86
55 82 79 72 18 78 32 39 20 21 83 78 87 60 4 49 17 98 88 1 82 65 80 27 40 70 27 4 26 82 78 9 35 87 35 48 6 13 96 3 41 3 39 78 71 73 80 34 80 98 72 63 13 78 12 33 66 82 48 38 41 75 36 36 26 94 16 15 4 82 1 94 40 28 32 19 3 23 40 3 55 3 74 75 73 78 94 25 95 90 79 73 96 26 59 68 11 4 78 71 87 21 81 94 58 76 76 12 61 81 91
56 51 15 8 37 37 49 61 94 86 93 58 84 77 69 29 44 23 92 79 40 25 3 47 60 15 3 90 92 49 63 70 56 25 72 21 5 42 33 43 53 61 6 13 59 60 51 49 8 48 53 6 44 38 6 4 90 30 69 91 63 4 49 10 63 77 26 57 29 43 87 10 27 78 6 27 44 99 78 19 74 43 20 34 81 77 1 100 97 56 14 2 53 26 68 56 9 92 38 55 59 45 85 84 11 5 60 45 17 76 68
57 94 14 3 47 81 34 27 54 75 90 10 56 48 82 80 91 38 45 20 34 32 56 75 54 33 35 73 90 51 16 87 61 62 69 52 96 56 11 80 20 38 25 4 13 9 82 63 90 64 64 54 70 76 19 90 32 96 40 95 51 51 46 72 17 44 82 39 43 63 29 67 35 62 71 9 78 85 7 30 94 24 15 3 33 64 83 42 60 66 75 3 66 93 81 28 47 90 81 75 93 83 65 10 3 23 30 7 16 77 28
58 77 23 98 76 82 56 2 81 56 37 96 1 77 79 37 25 51 49 100 7 59 4 68 71 18 42 89 90 75 64 50 90 94 53 81 7 1 35 28 86 1 17 53 23 41 31 79 54 58 1 96 14 59 86 62 23 98 91 7 64 63 77 43 19 72 97 9 81 17 50 35 49 92 92 55 30 14 20 72 36 37 23 52 90 29 33 44 95 35 6 61 46 48 17 94 80 45 34 99 85 84 34 40 33 87 44 62 63 71 48
59 29 73 32 95 49 14 40 47 49 84 82 30 23 58 86 14 44 73 74 3 59 81 74 75 100 70 38 5 26 78 54 52 88 2 75 14 32 44 15 69 44 67 100 98 89 41 39 50 5 35 80 60 67 64 7 79 74 94 75 79 78 10 58 42 54 90 62 43 60 46 35 70 42 78 96 43 56 32 16 99 13 49 91 75 52 81 83 27 75 68 34 74 72 75 29 82 46 6 21 29 15 77 18 36 20 73 62 46 48 98
60 65 97 2 91 15 51 58 4 62 12 8 93 80 94 34 86 32 42 45 55 17 80 63 14 89 37 60 20 43 69 67 68 35 97 20 95 30 78 60 77 54 27 38 27 80 83 80 3 86 5 54 41 12 42 35 95 16 86 78 89 13 18 66 91 40 7 7 92 16 6 10 58 19 11 62 45 14 6 44 82 21 35 59 60 73 82 92 25 93 14 52 80 52 65 97 56 19 37 82 54 20 53 16 88 82 45 69 4 87 55
61 53 91 17 20 95 89 16 34 84 49 14 52 27 29 29 50 16 65 52 16 14 72 29 82 49 33 31 67 96 52 87 79 74 71 29 65 20 80 93 64 13 48 62 77 51 54 96 21 43 62 58 38 23 67 92 6 72 81 3 27 34 19 95 97 33 88 79 59 95 70 37 64 79 41 59 41 10 93 67 81 23 99 30 4 9 51 56 1 47 53 62 11 75 34 27 74 6 28 95 91 32 70 73 83 10 74 1 13 74 36
62 31 35 99 59 12 81 14 7 67 87 66 34 47 49 35 49 57 72 13 70 18 4 2 85 22 94 39 18 77 28 54 29 1 29 93 68 58 48 56 48 95 81 29 70 25 56 13 28 2 61 40 29 14 32 37 86 65 71 4 62 61 78 44 18 51 28 59 10 63 78 40 3 94 48 74 6 14 23 40 76 40 95 52 30 29 19 50 65 6 97 56 41 16 32 87 44 77 32 59 27 7 52 64 13 30 2 38 20 11 89
63 87 88 60 14 35 73 57 36 97 9 30 49 12 72 96 29 17 65 62 73 23 75 19 60 29 72 94 26 77 32 53 9 34 7 32 57 60 27 97 63 53 43 92 21 40 17 85 29 23 23 69 13 38 54 62 18 44 21 77 44 28 33 65 99 99 74 8 3 96 46 49 11 60 84 77 88 4 11 65 92 38 48 100 81 71 66 61 67 62 66 37 68 14 70 72 22 82 15 90 3 64 6 56 69 67 37 22 95 26 49
64 62 5 35 3 7 25 17 42 70 81 71 98 35 75 11 40 58 75 16 89 63 16 98 50 15 97 63 26 74 50 40 3 47 63 25 92 24 77 15 42 9 34 67 10 58 18 56 83 73 97 55 65 42 30 16 12 20 50 67 69 94 5 23 40 97 51 31 71 91 78 21 34 43 43 73 48 82 35 57 69 22 77 15 74 92 13 59 92 81 93 39 21 2 75 80 27 5 20 82 55 79 40 38 7 25 60 92 12 25 30
65 26 74 21 74 80 51 77 86 99 77 58 84 43 40 5 39 68 45 19 51 12 32 62 79 84 1 14 91 2 32 33 52 67 67 97 45 22 46 47 13 37 69 66 11 31 26 4 17 68 89 8 66 89 96 56 100 11 14 13 36 99 74 25 61 78 4 61 84 23 39 88 91 51 91 11 27 42 6 36 97 58 2 71 89 46 73 55 28 90 16 49 80 76 75 22 39 68 96 74 28 7 76 46 98 32 48 30 69 21 65
66 20 69 49 97 40 46 50 62 35 84 24 37 8 24 95 40 41 31 90 49 67 4 18 72 84 62 75 11 38 10 68 25 9 63 99 72 30 11 50 83 62 79 73 80 21 50 31 66 74 53 92 26 33 88 3 78 70 87 61 62 37 88 53 65 16 12 3 26 18 7 86 5 16 79 58 92 41 79 38 44 95 75 22 45 46 48 95 91 87 49 46 69 58 57 3 36 14 13 66 44 74 71 29 64 11 79 2 48 17 73
67 31 22 52 15 45 88 37 83 69 80 28 19 71 47 2 77 51 89 42 8 14 76 12 81 54 58 27 33 30 34 34 14 32 88 33 17 58 17 3 72 69 60 49 23 57 36 33 4 88 41 61 62 30 84 97 30 83 55 7 69 78 36 42 38 88 72 10 70 66 11 44 39 21 95 8 46 21 18 34 64 51 74 49 90 6 89 62 87 52 81 7 39 34 43 70 19 93 73 94 83 56 5 50 71 72 100 68 58 50 19
68 77 58 98 19 81 43 50 26 32 95 85 87 17 88 39 99 50 43 98 81 74 59 35 82 24 59 41 40 49 55 71 40 80 66 45 55 20 60 89 40 1 34 58 80 13 18 15 3 55 54 3 57 40 56 12 80 91 49 48 9 43 3 85 48 2 98 96 1 83 61 89 96 97 26 2 10 100 87 94 94 7 29 64 44 83 2 75 97 37 61 22 40 78 32 33 33 26 30 60 72 20 34 39 91 39 93 51 98 5 17
69 85 97 78 45 32 88 68 72 81 24 95 43 62 99 44 54 35 9 56 26 69 41 30 31 21 48 98 97 19 55 43 11 85 56 12 23 83 87 94 60 4 7 55 33 100 52 24 73 27 49 21 55 1 50 99 56 41 19 43 92 23 100 71 49 71 59 100 8 2 8 43 90 60 53 60 75 4 10 82 57 1 5 25 50 67 69 4 9 51 69 90 86 29 23 87 63 17 84 43 3 67 38 98 7 43 72 2 38 6 24
70 70 7 93 9 31 30 56 1 57 89 40 55 50 2 93 45 40 77 9 41 66 25 48 1 70 68 35 30 92 34 99 12 65 93 91 87 77 49 49 28 96 62 77 12 65 55 70 51 33 96 54 1 13 29 33 25 75 26 100 87 97 90 18 20 42 42 24 83 47 26 79 96 58 54 56 78 12 26 97 79 20 53 97 10 98 16 95 69 99 17 8 37 81 87 93 64 70 50 59 61 37 13 85 32 52 9 30 42 73 79
71 95 44 48 23 32 2 64 10 41 12 82 78 37 16 83 71 24 67 93 42 7 95 100 66 27 12 34 36 23 57 67 43 34 40 54 43 20 8 64 67 28 98 79 69 88 99 80 67 87 67 18 90 84 92 30 69 80 33 13 29 64 95 33 72 14 93 26 45 46 53 21 88 77 68 26 36 68 6 33 20 100 56 15 6 52 89 71 75 86 44 40 49 80 73 56 1 48 83 48 62 45 73 12 80 39 41 73 92 76 57
72 55 95 45 85 43 6 97 26 26 65 73 61 11 19 48 21 19 44 5 29 63 94 76 33 64 50 15 90 93 31 51 75 39 44 22 21 45 97 83 60 46 95 76 16 98 80 88 82 84 54 50 29 17 52 94 57 64 40 100 52 33 86 82 83 46 95 54 22 6 66 89 58 51 39 71 40 65 49 87 93 37 100 99 17 40 41 41 90 35 16 95 50 96 50 14 25 87 5 77 12 17 71 72 33 30 64 74 33 31 22
73 28 91 95 52 43 81 18 40 98 53 85 5 77 14 9 37 62 82 83 20 69 35 73 39 42 39 66 67 38 17 90 8 49 64 11 76 92 100 50 76 31 30 74 95 80 71 24 57 12 63 79 10 71 67 46 50 16 32 28 17 53 60 70 69 56 35 28 90 58 4 63 5 36 59 72 82 84 24 78 28 56 28 55 17 59 8 91 39 41 5 63 48 22 74 100 66 17 53 37 100 61 46 54 64 20 70 10 71 84 65
74 16 25 33 1 73 62 95 84 35 54 89 17 3 47 86 41 63 83 38 67 25 56 9 42 70 63 86 19 55 21 21 7 56 61 67 31 62 87 45 38 22 56 17 82 34 56 69 33 2 9 18 76 80 58 11 40 40 20 96 14 10 97 92 19 48 28 62 91 36 24 95 54 73 70 44 82 30 90 53 80 73 67 45 88 6 65 6 28 81 93 49 99 92 93 27 39 72 64 7 85 75 18 98 30 58 79 48 100 63 45
75 43 34 43 16 75 15 46 90 37 62 6 12 64 83 68 27 78 15 22 25 37 23 6 100 51 35 81 43 12 27 69 52 21 51 26 32 53 91 9 24 83 92 23 18 94 44 95 60 95 71 80 97 18 36 36 47 96 19 53 91 96 41 68 17 60 46 10 8 66 41 16 68 39 24 60 46 9 65 97 81 69 94 39 21 6 69 31 27 15 89 63 79 45 98 32 5 90 74 30 54 36 7 75 21 34 99 81 34 23 96
76 36 49 45 53 4 81 34 53 50 55 97 9 61 3 23 31 98 61 59 53 56 23 72 42 98 58 82 53 57 85 39 17 60 85 56 18 4 7 11 100 27 26 21 91 76 13 23 42 76 94 7 81 69 6 86 96 50 10 18 38 73 44 90 73 48 60 99 47 24 51 43 44 8 35 12 62 74 5 47 73 73 12 48 9 6 65 13 56 67 50 24 78 77 78 98 16 44 73 5 99 76 17 23 86 52 68 58 48 38 13
77 42 20 41 85 82 67 25 52 33 40 35 38 60 15 80 70 51 35 65 88 39 99 65 39 58 15 80 17 46 17 6 52 3 50 32 64 24 38 61 46 8 9 42 42 60 15 76 40 52 8 9 35 84 27 46 46 80 15 65 34 99 7 3 81 7 10 4 3 24 96 99 77 30 98 77 16 87 37 21 64 95 15 95 67 78 14 13 72 53 88 10 34 10 6 93 91 18 17 7 33 88 97 43 75 82 81 40 81 43 82
78 5 9 97 45 8 73 65 34 99 75 48 32 76 81 38 84 97 34 20 94 35 47 67 36 87 83 11 61 99 63 59 37 57 95 91 69 99 78 54 91 85 52 34 55 6 50 53 86 30 48 20 90 74 35 13 100 73 45 29 73 79 90 49 12 91 30 3 11 54 47 12 38 31 86 64 93 13 14 92 2 64 50 11 30 19 79 23 79 78 2 97 50 39 19 18 41 92 57 44 8 69 67 10 90 46 44 90 59 34 3
79 23 73 82 10 80 93 6 5 78 2 59 24 37 92 15 1 41 87 8 26 78 31 15 85 37 30 70 32 72 14 54 95 85 46 79 55 42 99 77 18 75 46 74 55 66 7 15 35 17 11 46 52 51 95 22 40 1 24 76 21 37 38 82 26 100 80 78 24 25 59 100 71 43 91 99 67 10 19 62 80 22 85 62 100 14 52 58 40 7 85 24 34 25 52 67 64 54 2 88 3 100 1 31 15 62 83 96 50 8 18
80 69 58 64 42 94 15 28 19 85 81 17 31 24 13 69 73 85 21 53 75 86 84 66 83 89 75 8 55 86 84 74 68 97 30 100 89 54 35 66 57 70 28 38 25 99 9 88 63 27 15 58 49 96 31 40 83 47 49 38 65 56 82 47 37 23 70 27 12 91 66 3 75 37 45 67 88 60 83 63 81 55 50 42 77 50 73 73 22 8 65 63 81 17 4 80 40 81 81 72 92 22 15 91 95 35 25 45 2 42 46
81 88 56 41 9 37 96 63 30 38 33 40 77 69 22 99 83 14 19 60 55 40 65 39 91 92 77 30 8 66 43 83 19 81 84 27 25 35 32 33 86 49 5 47 78 99 56 88 25 10 38 70 38 23 81 45 46 83 24 5 4 7 23 10 10 7 72 66 73 94 38 24 48 40 52 18 97 3 73 61 100 30 32 55 59 54 57 65 37 10 100 36 82 90 66 24 11 41 94 100 87 47 9 76 41 33 89 69 85 7 52
82 49 48 13 80 97 87 19 51 36 39 3 62 66 14 91 56 3 45 75 88 67 43 78 53 26 53 46 86 24 6 56 14 60 84 13 27 54 65 84 51 6 36 67 60 66 24 78 18 27 69 7 45 78 100 15 10 48 4 95 15 65 52 66 63 82 2 75 74 28 26 22 87 18 83 26 43 63 23 53 23 36 80 97 23 20 8 38 28 79 37 65 53 73 17 96 73 54 96 89 47 92 71 13 19 71 27 74 45 85 22
83 100 15 61 6 90 8 63 98 1 97 30 22 88 94 100 74 58 37 72 81 62 47 26 80 80 24 88 43 66 97 86 6 10 13 58 52 32 29 100 71 84 7 5 65 72 38 82 68 75 24 2 62 61 53 44 80 56 91 34 66 35 63 64 70 70 51 12 77 30 7 29 77 21 56 100 57 55 6 53 51 99 53 3 69 6 72 35 100 67 5 73 52 55 62 3 69 73 42 71 12 67 49 18 53 33 86 93 68 75 77
84 80 23 27 10 61 1 98 4 59 43 12 85 21 21 92 69 71 24 12 14 81 36 47 77 34 30 56 38 14 68 51 50 84 47 8 92 62 98 18 98 69 77 63 75 100 77 86 63 48 91 88 30 99 41 82 51 30 18 37 45 7 5 23 100 17 62 98 54 40 49 57 61 66 51 88 9 10 24 74 59 66 4 68 100 10 46 64 54 25 29 23 90 80 40 90 97 94 75 30 33 91 40 5 50 10 36 33 77 95 84
85 38 3 1 21 14 68 56 90 59 87 50 7 52 6 56 98 84 73 73 5 58 2 85 49 4 54 15 97 49 92 37 95 59 8 11 13 41 2 51 42 10 39 45 45 93 97 22 59 15 97 55 39 71 68 13 72 24 25 45 64 29 70 71 80 62 5 40 70 27 28 15 12 82 1 100 4 92 74 71 12 72 6 10 79 12 23 80 59 37 61 54 79 88 81 52 58 87 59 18 5 87 99 99 89 43 11 33 47 75 65
86 16 5 15 28 90 55 19 46 54 67 39 81 59 35 4 37 51 12 56 1 4 82 4 75 21 26 15 63 29 27 47 35 28 63 36 83 14 18 85 89 43 97 31 84 34 6 88 60 75 6 88 69 19 44 3 89 8 83 36 35 37 94 84 6 49 82 40 53 44 10 44 19 83 58 5 61 34 93 10 31 49 71 65 27 20 100 97 85 95 12 46 25 24 32 25 61 79 84 42 91 73 59 72 21 84 87 16 72 55 88
87 16 89 97 72 52 14 36 50 14 52 40 2 30 3 77 33 47 85 56 59 70 74 49 21 72 32 8 12 73 20 90 9 59 43 4 56 86 34 98 39 19 90 33 19 80 95 21 62 43 89 3 74 1 30 91 96 61 29 87 34 86 52 38 84 10 34 68 13 25 93 7 60 87 62 70 13 44 1 52 25 82 15 38 69 15 44 52 54 48 65 68 69 4 10 1 53 85 62 54 68 5 9 37 23 88 64 28 62 37 72
88 14 15 69 26 4 48 7 39 48 97 11 100 99 80 20 4 50 43 26 9 83 70 28 65 3 99 28 63 26 67 61 46 77 47 79 69 54 44 14 89 59 95 33 32 31 45 27 48 67 82 20 51 62 18 88 30 8 12 35 16 9 83 82 23 22 76 36 41 81 81 79 88 87 72 20 36 14 89 5 86 100 30 10 72 85 92 6 30 12 4 72 48 85 48 85 2 21 86 74 18 21 65 63 49 72 39 37 10 42 98
89 78 20 89 93 83 74 63 25 20 24 94 77 44 93 45 90 86 38 15 97 18 52 56 70 35 17 65 4 11 7 8 48 48 41 9 11 53 52 54 45 15 91 14 25 27 59 95 44 89 14 96 65 79 29 64 77 14 61 25 42 72 42 70 71 19 58 64 76 74 21 75 35 77 17 39 69 13 49 4 54 36 25 66 88 7 85 98 55 66 16 5 62 1 34 32 43 81 23 86 36 37 90 22 12 3 47 58 34 50 50
90 84 79 70 30 4 36 64 86 93 81 40 69 33 32 66 80 2 68 21 8 60 38 64 54 95 100 100 26 39 31 1 24 12 97 52 41 1 78 24 15 13 46 50 28 63 31 76 50 31 94 32 8 36 93 98 70 10 35 6 62 70 9 93 30 9 47 10 86 28 68 99 41 72 4 44 87 91 41 89 69 2 54 86 3 54 10 78 77 49 4 26 61 38 100 5 30 24 53 73 75 3 84 21 79 88 41 39 54 85 11
91 46 4 29 27 36 29 78 100 29 41 73 51 100 8 19 43 34 15 78 65 24 44 64 23 8 22 65 56 7 55 32 60 98 2 54 13 99 67 39 76 30 73 5 66 70 99 75 52 29 6 85 45 78 7 89 60 14 79 24 16 93 43 11 20 43 12 7 18 41 6 59 10 81 52 47 83 93 51 62 88 93 18 85 76 32 5 66 37 89 19 83 45 73 17 95 47 38 78 33 7 56 42 94 93 77 67 4 54 55 2
92 57 79 43 39 14 50 31 14 75 25 10 60 9 98 36 16 32 32 82 39 31 7 58 3 31 86 83 37 96 74 89 92 2 89 58 67 68 47 1 44 77 65 56 11 84 13 92 3 28 89 15 97 33 54 81 42 14 100 17 69 3 4 4 22 29 38 87 68 65 74 68 74 14 32 8 92 60 37 66 14 60 44 54 17 10 97 55 2 55 36 10 17 7 26 97 18 22 31 23 19 44 51 73 71 94 97 82 19 35 39
93 18 70 64 66 91 85 48 15 34 2 39 55 81 77 7 47 60 48 98 62 92 49 52 100 66 42 37 51 53 100 35 36 75 88 43 80 49 86 33 33 47 36 4 59 54 15 25 92 97 41 38 55 79 65 48 79 85 22 48 96 6 9 78 53 87 85 30 3 14 60 8 21 29 99 93 92 72 50 94 43 38 64 61 7 90 32 85 99 6 10 21 46 65 68 24 98 24 92 83 46 20 50 12 35 30 18 64 38 16 21
94 54 62 9 50 1 28 99 57 95 60 35 91 74 80 50 79 23 98 16 13 78 65 57 86 56 42 69 78 53 6 29 61 82 31 99 78 57 78 10 58 73 64 27 37 77 17 80 88 48 21 62 60 92 39 64 84 13 7 4 3 71 48 59 100 28 59 97 18 23 54 14 99 55 45 66 71 28 50 52 79 59 80 6 98 41 40 48 10 22 66 1 35 36 64 26 99 98 76 74 86 37 36 42 95 94 76 78 66 48 60
95 77 43 17 63 89 11 56 88 49 12 49 71 18 8 56 76 78 42 92 55 35 70 81 45 68 40 46 30 70 4 95 26 54 59 36 54 95 71 82 94 66 8 5 4 11 92 33 13 4 74 66 77 16 15 66 48 88 94 44 99 13 12 73 30 37 60 40 53 71 40 81 37 62 6 87 16 98 83 78 9 9 87 2 16 31 23 84 11 25 19 82 19 62 50 68 9 13 13 15 51 87 12 70 22 95 75 63 2 67 41
96 23 53 17 37 3 91 52 84 82 84 50 50 76 12 75 96 93 35 69 51 61 88 16 6 76 11 82 88 38 91 92 38 1 53 88 71 55 46 72 61 27 71 96 8 65 23 85 78 7 6 62 54 40 20 36 61 13 74 93 54 13 40 87 20 91 71 71 42 35 62 46 98 3 27 48 68 63 11 77 66 36 23 1 32 4 25 81 15 84 76 46 90 9 26 82 27 16 73 25 22 29 86 18 3 58 75 25 86 85 84
97 91 43 74 13 19 38 33 78 95 66 42 81 7 43 15 87 93 39 36 68 71 85 51 22 6 91 53 78 69 43 82 31 55 20 58 72 89 43 78 48 46 80 70 100 59 64 81 20 20 90 30 39 18 80 44 29 93 44 91 78 56 30 17 4 82 56 51 38 79 73 95 12 9 55 37 50 6 10 86 38 19 3 40 99 41 12 71 63 91 85 36 70 56 77 28 26 91 5 74 7 77 52 31 4 34 37 78 73 90 46
98 18 76 4 97 64 14 21 10 65 72 99 35 96 19 19 54 62 95 63 81 36 10 7 75 64 43 17 10 88 49 96 77 29 46 67 43 6 34 50 72 53 64 59 87 55 5 54 62 98 84 24 64 32 35 92 37 28 31 74 88 69 44 91 77 1 2 25 47 26 93 57 17 67 3 15 5 29 94 26 23 58 81 65 86 84 33 74 40 78 11 83 99 100 41 52 52 86 66 97 75 75 89 27 21 64 60 65 14 8 32
99 51 98 11 13 18 27 94 47 50 38 79 95 6 98 71 77 19 44 11 28 37 11 88 56 16 91 76 31 26 47 9 76 66 64 2 1 99 23 69 6 73 53 70 72 1 68 39 26 84 5 18 62 72 26 77 92 85 12 93 19 55 12 5 7 43 83 31 49 66 3 64 95 37 25 34 94 36 6 36 93 36 97 71 96 9 64 63 60 46 59 41 47 78 41 84 19 56 59 43 29 31 14 59 70 81 16 41 25 56 37
