10 100
1106.0 882.0 1052.2 985.4000000000001 1109.8 953.2 952.2 1049.6000000000001 999.2 1006.2
0 75 70 50 88 76 43 55 75 97 52 22 49 88 61 9 9 5 2 87 87 30 4 28 4 75 73 37 2 82 5 86 23 94 92 34 6 96 54 39 11 19 92 18 16 59 26 87 91 13 4 27 76 1 10 72 51 8 79 67 86 69 6 30 67 93 48 33 58 87 57 31 90 35 63 55 21 92 38 40 94 4 18 100 38 22 80 63 94 14 50 14 97 95 55 5 60 71 47 10 78 18 54 43 55 41 18 14 71 98 96
1 76 53 45 92 84 56 58 75 76 32 94 25 20 2 11 87 92 86 52 73 67 24 2 62 54 93 96 96 70 16 39 88 94 15 52 72 14 30 8 75 60 57 32 71 23 29 84 12 1 48 53 58 12 98 39 23 86 34 92 80 22 55 63 86 20 74 29 60 23 84 72 26 74 99 13 8 45 9 65 33 79 92 20 54 66 20 56 87 52 52 46 14 62 41 12 6 81 90 89 12 37 95 6 65 44 24 61 43 7 25
2 19 79 87 5 64 90 78 53 98 81 79 70 25 17 22 4 49 50 27 39 99 54 85 9 26 36 64 1 38 43 71 32 73 1 98 36 43 51 20 73 28 95 64 26 80 29 57 98 60 73 98 33 63 94 58 88 56 62 17 68 35 13 75 79 75 59 41 64 1 36 48 50 54 28 68 13 6 97 10 55 29 68 80 48 68 21 77 46 38 8 5 71 89 97 17 6 5 85 29 54 27 94 89 11 15 89 5 19 54 54
3 80 9 76 82 22 87 43 85 28 43 33 75 60 82 75 62 18 76 32 57 78 59 35 54 30 79 24 29 32 7 33 49 46 86 75 6 79 47 50 93 46 26 89 50 40 80 84 28 50 84 84 13 41 50 64 36 9 9 62 4 81 61 15 33 45 4 14 98 72 23 44 31 80 93 92 3 96 18 71 51 87 80 73 12 35 83 83 35 90 31 23 73 23 40 34 1 45 94 53 93 13 28 43 9 21 18 55 99 13 39
4 37 28 100 55 41 77 11 66 6 1 13 40 82 12 46 28 4 57 65 23 60 100 36 22 39 90 6 81 26 26 36 12 68 74 56 41 85 90 32 41 14 38 50 21 83 78 16 73 35 75 84 28 48 75 43 9 67 47 73 33 26 91 25 93 62 79 97 23 35 74 24 89 1 55 47 30 85 72 24 99 31 30 25 56 59 40 87 56 37 67 43 11 30 61 99 54 31 59 68 47 76 1 83 4 40 71 99 95 87 94
5 98 84 12 24 90 95 39 14 52 7 97 30 79 50 88 29 14 44 96 74 55 82 56 40 9 40 35 52 60 50 41 16 85 15 50 80 54 55 63 31 54 86 46 60 78 59 14 51 88 58 9 29 91 63 53 53 58 20 24 87 77 21 79 35 52 75 90 10 98 96 11 75 37 25 22 45 67 67 90 45 96 94 74 56 28 84 59 7 91 60 31 47 76 14 70 47 66 68 48 24 37 45 70 63 68 73 50 45 54 32
6 14 63 89 72 30 45 26 82 26 22 52 6 80 86 12 82 2 42 10 4 62 86 94 63 31 32 41 76 76 3 48 31 55 88 74 4 42 42 53 6 86 77 20 50 63 93 13 28 11 35 21 49 77 19 72 57 100 17 99 74 12 29 56 63 29 46 70 89 97 56 50 11 55 79 72 83 1 57 50 21 52 23 60 30 8 16 74 18 49 53 72 65 96 90 91 73 87 68 30 94 93 79 73 29 44 60 12 64 49 41
7 22 39 88 12 23 54 61 65 72 86 100 24 16 79 47 25 75 3 100 9 84 74 85 89 5 64 47 78 23 82 92 16 6 24 42 57 39 71 81 75 38 46 47 65 24 50 41 84 9 16 15 81 50 51 47 65 94 2 6 29 56 99 72 29 58 10 95 31 43 21 41 16 51 61 66 61 88 15 77 10 94 99 39 28 66 98 3 23 61 31 73 43 48 19 66 79 94 82 14 100 76 69 19 76 83 45 17 72 1 20
8 68 30 65 42 19 23 8 59 84 19 88 63 49 14 77 57 98 40 74 24 98 16 31 55 32 37 61 37 20 11 99 26 81 45 27 38 53 92 48 8 59 82 54 44 79 3 69 7 63 35 80 43 100 11 25 48 28 68 66 7 94 37 11 38 48 14 19 84 98 55 25 4 78 8 24 94 30 26 78 20 54 68 63 40 6 41 18 99 64 47 73 36 74 57 30 18 39 24 38 84 74 67 63 95 17 64 79 41 32 34
9 56 89 34 94 75 86 93 83 68 29 94 21 72 36 6 19 40 96 77 53 63 42 75 33 66 76 15 94 18 10 72 9 62 89 70 56 56 56 81 33 2 53 70 84 49 45 56 13 36 30 52 86 75 84 77 7 65 53 71 11 57 15 64 21 4 90 51 57 85 21 1 67 57 90 6 5 1 70 67 35 3 80 20 19 13 86 52 27 25 40 21 79 99 63 87 48 67 90 91 95 76 93 10 84 9 25 70 63 85 17
10 93 19 87 47 90 76 43 67 12 80 65 98 9 24 14 41 3 98 100 70 73 61 50 39 60 30 78 8 67 20 52 35 65 14 54 98 18 6 8 11 80 80 72 7 1 47 43 72 44 46 17 11 52 56 4 10 43 39 21 40 89 100 88 50 13 59 40 30 69 36 75 71 100 85 92 68 67 64 93 29 91 97 16 15 41 15 84 99 54 75 45 54 50 98 30 79 34 26 58 49 51 36 80 94 44 71 9 74 54 91
11 19 54 90 23 93 89 77 38 2 51 6 46 72 28 95 79 38 48 97 61 68 90 15 57 29 85 37 80 82 32 36 62 63 49 3 48 62 82 96 96 35 71 3 66 52 7 8 76 57 39 10 58 43 26 21 82 38 72 81 23 48 22 32 40 70 56 75 63 50 63 64 7 76 71 39 78 4 2 31 68 81 53 89 43 9 40 89 94 30 70 81 58 85 10 47 54 9 23 28 22 93 34 8 14 97 4 85 3 22 32
12 86 57 29 35 59 8 21 3 39 92 2 22 23 78 14 10 91 58 32 34 90 38 58 52 23 41 70 75 3 55 25 51 46 45 72 8 77 93 20 80 29 55 10 35 69 71 34 97 6 81 22 99 60 3 74 21 79 19 26 49 84 76 9 92 20 44 95 11 42 46 1 51 99 85 64 32 14 58 74 84 92 76 69 1 73 90 28 30 70 11 66 27 32 66 15 55 96 26 11 7 20 5 75 17 16 88 99 42 89 22
13 47 21 52 66 35 36 15 43 58 19 36 63 7 33 43 73 12 7 70 78 81 18 7 29 40 72 7 28 16 14 74 43 51 87 5 91 55 49 79 100 18 87 59 17 55 98 23 98 4 73 42 25 71 24 98 82 100 74 37 6 86 96 33 48 73 55 78 65 3 7 3 98 15 65 13 99 48 36 66 42 30 73 55 74 81 14 39 89 41 53 31 2 40 5 94 41 25 94 57 87 97 54 99 44 52 70 89 1 64 57
14 92 70 91 32 49 3 57 70 64 34 24 1 80 10 37 44 29 5 89 86 25 81 3 95 89 54 70 55 95 72 93 59 22 36 62 83 3 75 81 58 43 86 19 48 22 14 89 86 8 44 11 61 79 81 87 71 17 89 99 99 31 47 96 16 8 16 62 97 29 41 58 93 5 14 54 89 56 86 77 72 35 64 67 84 48 55 80 61 50 34 33 18 53 47 77 74 18 76 45 7 78 20 49 51 55 2 86 36 92 10
15 43 84 64 22 23 30 47 10 86 82 56 34 94 85 10 32 52 45 69 17 79 94 2 27 9 75 67 30 36 70 20 18 34 68 91 70 53 89 91 31 46 99 7 45 73 21 13 54 23 96 5 4 45 21 62 49 50 4 44 94 70 64 33 3 31 96 57 3 64 95 42 61 18 18 79 60 46 70 84 72 78 66 21 99 16 6 45 65 4 46 29 83 31 45 46 22 15 27 23 5 92 31 18 94 31 43 36 35 46 65
16 42 69 47 1 30 13 62 75 88 72 47 7 78 98 18 36 93 96 72 25 12 66 98 98 18 68 34 22 5 37 37 2 78 69 4 9 10 86 19 61 35 60 30 87 99 27 17 47 34 66 40 51 86 17 14 27 100 5 75 21 41 72 12 75 62 82 68 5 21 64 99 81 98 39 67 98 93 32 87 99 89 98 18 17 53 33 5 52 85 49 76 24 30 91 40 93 71 92 4 6 75 4 82 13 66 65 24 51 27 27
17 14 83 84 40 83 17 82 56 25 69 76 82 62 66 97 70 95 62 42 32 63 70 21 11 46 27 75 21 41 63 7 44 85 10 38 74 79 59 52 93 24 90 13 56 74 60 59 88 47 64 10 90 7 86 44 85 34 80 96 49 7 56 82 80 7 95 31 18 20 44 55 16 65 70 83 83 13 61 72 47 74 96 34 36 87 85 55 93 28 73 52 63 95 5 66 76 49 46 16 52 43 14 39 59 60 11 72 98 53 14
18 36 74 53 42 14 44 49 88 58 10 53 53 99 50 100 67 2 36 60 69 34 54 13 25 95 91 49 21 86 82 53 70 44 47 47 80 63 38 85 93 91 44 57 83 28 63 65 86 39 3 34 48 97 97 95 99 82 93 25 68 83 94 21 1 96 24 70 67 67 33 8 47 56 47 63 9 70 18 45 71 79 75 20 47 52 16 14 74 52 21 19 78 56 86 93 37 19 19 10 30 13 14 11 93 45 86 87 81 61 45
19 16 100 2 2 52 27 22 86 11 86 78 53 27 78 50 36 73 33 77 39 96 37 34 77 38 81 28 99 85 98 56 25 30 51 83 69 44 97 62 96 80 6 35 62 42 63 50 73 30 14 42 42 5 7 91 59 23 40 35 100 51 54 37 56 53 50 51 64 36 2 31 47 70 87 7 64 43 1 99 45 93 46 46 66 18 83 42 90 58 12 45 6 5 5 85 89 33 92 92 55 81 94 2 30 80 77 69 26 63 72
20 78 78 84 78 6 50 44 10 76 91 13 24 32 92 2 43 4 9 78 62 86 51 90 33 42 28 91 50 65 47 92 30 89 26 44 23 38 54 49 76 54 26 72 70 80 12 1 24 49 62 23 39 53 100 61 50 45 49 77 65 38 47 73 100 22 51 33 55 91 4 40 79 85 95 38 76 41 1 93 37 24 91 42 67 16 10 11 91 76 69 94 20 43 44 36 100 27 92 56 81 57 53 28 66 66 11 14 89 30 94
21 25 14 43 40 8 94 78 25 43 59 48 85 27 62 30 91 39 78 12 58 24 95 27 5 75 83 37 66 54 62 5 22 12 26 33 32 53 61 6 35 48 83 61 15 78 79 78 41 31 31 100 16 44 54 75 66 2 14 95 86 21 9 73 70 34 4 93 2 99 43 85 28 75 64 57 14 93 25 41 52 90 66 94 72 41 62 5 46 47 73 32 42 17 41 35 54 61 60 70 1 2 73 70 88 82 39 53 72 11 52
22 67 15 67 66 55 57 83 45 72 94 37 70 64 22 19 55 1 12 94 11 2 25 91 38 36 42 20 21 54 80 10 24 17 86 26 37 47 84 91 40 86 99 83 23 77 40 24 4 3 41 59 31 85 34 55 85 74 92 42 27 84 5 32 14 54 63 51 15 26 21 12 87 17 98 85 22 96 10 98 13 49 69 55 56 66 39 94 80 94 59 73 21 10 21 24 62 90 77 23 7 22 31 42 59 89 11 55 93 65 17
23 98 62 97 89 79 39 83 36 63 90 85 42 93 49 20 81 47 86 67 79 72 79 56 4 83 40 33 68 47 64 76 64 24 22 52 24 41 37 29 36 97 18 65 47 94 53 49 66 2 84 32 15 96 47 45 26 14 9 97 24 53 96 95 27 31 75 66 13 100 80 14 79 40 65 33 30 85 11 32 61 16 79 77 10 99 45 90 45 42 94 28 71 66 87 27 39 88 43 45 12 7 72 7 79 63 33 6 51 41 15
24 10 30 50 18 87 68 7 4 70 76 36 28 74 56 31 28 7 14 62 4 5 46 14 86 80 99 26 18 81 100 73 96 2 94 92 30 80 82 14 55 28 82 43 34 58 34 25 49 85 100 17 66 43 32 17 85 88 44 34 24 99 48 30 25 39 44 49 76 21 53 22 68 28 10 61 64 4 85 93 62 40 48 57 97 89 40 85 2 31 4 16 22 38 25 67 64 62 85 80 6 48 84 18 11 45 87 83 8 86 69
25 71 67 5 57 42 66 86 67 68 43 93 46 43 22 94 16 11 61 50 87 48 63 9 12 80 28 35 1 37 38 30 44 40 56 30 79 71 16 17 59 63 41 52 49 71 19 84 62 70 40 54 26 44 59 52 99 20 65 5 62 94 81 85 43 18 32 63 96 35 20 89 5 44 20 87 99 51 2 7 72 11 33 25 50 84 100 95 38 4 35 43 67 18 48 45 81 92 50 78 18 40 16 21 44 31 59 98 73 22 70
26 32 87 34 81 17 80 47 8 17 70 39 49 10 84 37 79 68 38 44 31 56 62 33 60 10 56 7 18 78 6 13 75 84 44 53 46 97 59 6 94 99 67 81 81 34 12 84 36 79 22 29 56 81 55 46 96 89 26 10 18 7 82 57 33 57 52 30 58 56 43 71 71 72 90 75 92 30 8 7 27 35 10 57 51 10 66 95 76 43 97 75 23 44 94 54 95 81 56 19 68 72 10 94 73 44 34 60 1 80 63
27 81 27 30 27 47 63 18 52 26 90 30 25 98 80 77 91 45 1 26 23 89 98 98 20 31 44 1 32 39 7 98 23 27 3 97 57 54 71 45 93 10 43 99 21 72 17 25 9 97 18 83 27 10 59 18 57 39 19 88 28 14 23 62 16 51 83 43 56 45 96 13 19 23 57 47 70 9 50 8 16 17 78 44 91 62 94 76 15 18 93 16 75 94 35 21 89 93 52 1 79 49 97 100 8 61 8 18 19 38 2
28 46 93 34 96 18 40 40 29 83 8 89 66 44 81 3 83 24 91 63 89 70 82 39 74 63 16 93 68 57 7 97 35 99 87 21 24 60 74 10 39 57 84 69 52 89 8 47 95 54 80 26 37 50 57 70 76 38 3 68 36 95 26 71 22 37 73 33 47 97 44 74 11 13 19 74 89 23 19 75 40 57 52 15 15 54 75 82 6 6 84 43 53 99 50 83 9 85 79 30 13 16 10 27 71 33 32 82 11 91 75
29 100 56 39 16 81 76 24 1 23 24 1 20 28 45 8 89 1 69 45 22 86 14 6 25 62 63 96 43 20 52 54 89 37 88 17 75 2 32 58 25 34 76 9 42 75 14 46 41 78 33 9 53 41 80 46 25 90 14 23 37 25 8 81 79 99 31 21 18 1 1 63 84 16 90 11 26 67 60 8 75 11 57 76 28 55 11 4 61 78 78 57 20 1 13 64 42 2 2 45 80 7 7 23 84 94 99 55 29 80 17
30 73 57 7 6 2 12 8 8 61 72 17 85 58 27 80 28 100 44 86 76 38 76 37 48 58 7 19 24 22 20 84 92 84 98 45 86 10 11 36 93 9 16 22 82 14 93 38 72 25 88 99 45 45 49 21 88 22 85 82 52 31 49 50 55 61 34 100 5 38 65 57 3 93 56 94 14 28 45 5 31 8 36 4 99 95 30 38 87 86 61 15 83 87 99 69 93 76 2 70 91 42 26 94 42 96 73 34 60 30 78
31 40 88 4 30 44 45 25 77 57 92 42 13 57 38 54 3 58 44 2 68 49 86 7 24 45 70 33 59 82 11 10 87 80 37 23 10 88 86 44 88 47 70 54 24 30 86 28 81 90 28 74 40 69 94 6 83 63 72 20 53 2 94 26 29 97 83 79 34 12 29 9 86 13 29 17 75 79 27 14 58 68 71 49 52 26 57 80 28 65 52 26 54 89 4 61 65 33 97 31 10 43 48 61 58 61 89 66 61 20 13
32 75 39 36 97 47 75 88 93 21 41 70 29 11 2 14 29 46 67 29 81 96 90 22 33 82 17 27 20 54 93 34 28 2 90 25 89 81 59 55 14 50 89 87 33 97 31 51 76 81 55 93 29 72 48 57 46 15 1 24 18 52 76 94 87 73 77 49 13 96 28 34 61 33 14 1 82 100 17 100 33 78 53 32 72 35 8 96 11 59 90 7 28 88 78 54 58 61 82 31 28 21 13 28 82 61 95 33 59 98 54
33 46 74 3 23 54 22 27 31 24 78 67 19 25 70 54 4 100 97 98 23 24 37 92 84 21 7 4 30 61 15 88 76 54 47 60 25 92 5 41 90 40 96 29 46 95 87 94 31 87 24 43 50 16 51 89 90 43 78 40 43 16 3 65 15 98 20 68 25 10 85 83 3 25 22 42 87 40 96 100 65 34 80 98 79 30 43 93 18 73 65 28 50 69 3 33 25 68 7 16 84 69 30 16 53 82 72 82 10 86 54
34 61 15 3 41 26 97 88 89 98 43 79 14 23 16 68 11 54 34 25 45 16 87 55 27 65 96 94 71 40 11 35 51 50 13 88 46 34 73 26 14 64 86 98 1 79 3 12 16 34 62 99 43 27 70 81 47 79 88 6 29 86 78 9 98 4 91 8 54 64 94 53 71 92 27 1 43 85 52 46 80 35 27 63 3 19 44 59 53 80 82 63 97 3 34 81 52 10 88 44 6 96 5 98 41 69 80 86 36 41 90
35 9 95 31 6 70 57 22 30 44 48 39 20 15 18 15 77 43 57 38 38 17 76 89 5 51 55 83 94 86 44 22 99 13 28 57 78 64 8 32 77 85 5 86 65 76 67 34 17 28 62 79 30 84 50 53 74 41 25 56 19 89 78 16 26 43 63 36 47 15 84 58 32 84 36 63 95 9 54 37 40 90 25 69 10 7 14 91 83 31 44 69 76 46 8 20 51 25 48 81 53 99 78 29 63 61 86 66 3 81 80
36 96 78 41 79 59 21 18 68 17 29 93 43 6 58 80 83 73 23 19 73 4 89 66 67 13 40 67 78 89 6 99 72 75 73 67 83 34 84 96 17 5 8 45 4 95 49 78 99 59 68 4 60 19 34 87 82 38 29 80 96 29 17 99 63 38 4 92 2 23 34 9 5 61 74 50 27 95 90 34 75 57 53 3 59 77 14 8 69 68 14 59 30 46 10 39 35 35 47 17 10 5 48 27 54 61 4 64 62 7 32
37 55 77 45 67 100 18 16 38 54 91 56 67 12 1 84 99 35 40 49 18 82 41 52 56 56 89 2 35 30 94 15 13 75 96 58 47 24 32 48 96 87 45 33 35 40 75 51 11 88 79 85 87 39 75 2 98 75 62 60 81 77 5 8 3 79 79 22 83 53 7 35 40 55 66 94 5 12 6 67 36 31 68 68 1 33 63 42 25 7 81 76 3 56 87 36 80 61 69 51 85 27 22 79 14 17 20 16 50 41 25
38 54 72 100 56 1 97 58 21 93 21 42 79 48 9 16 68 9 24 21 13 2 99 31 11 43 22 94 7 5 21 54 83 46 51 28 40 6 51 9 59 15 9 8 59 99 83 59 99 18 87 26 81 13 88 100 94 29 44 62 94 66 4 72 49 74 24 98 71 38 54 10 82 68 82 15 100 100 27 52 52 99 37 40 8 68 91 16 76 72 11 34 36 19 45 53 97 54 90 36 41 57 89 9 3 61 25 11 94 24 13
39 95 96 67 5 83 16 36 41 6 90 33 12 31 41 44 87 9 99 50 15 32 58 34 95 99 56 13 17 74 84 26 100 21 68 40 3 6 66 90 98 16 47 57 63 36 71 24 16 7 73 66 41 9 57 2 78 40 34 33 79 23 33 33 18 21 51 52 89 97 72 4 90 69 25 94 45 2 66 8 69 89 93 27 42 7 34 7 4 52 1 54 79 36 56 86 53 63 52 53 5 14 71 73 57 6 88 100 91 89 43
40 67 36 7 17 14 30 50 10 78 22 37 31 78 57 51 93 85 26 45 98 24 99 87 82 82 72 64 54 92 25 76 91 82 17 17 8 16 80 50 81 32 90 96 61 29 2 61 14 9 76 65 24 30 36 97 82 69 42 45 67 8 47 100 62 67 41 64 96 46 81 59 8 75 84 88 29 60 31 5 59 39 26 24 4 38 97 42 36 90 13 62 84 87 26 82 12 8 1 42 52 80 27 6 1 64 67 57 15 95 90
41 84 6 11 73 35 64 10 98 66 61 60 98 43 94 79 79 52 22 41 92 74 35 29 8 18 92 26 98 57 68 16 94 74 40 76 25 5 22 3 33 30 73 27 52 57 12 6 7 80 11 37 30 78 91 25 69 42 29 40 3 46 16 85 86 21 20 42 91 82 30 56 30 66 45 67 92 41 64 84 98 40 36 95 28 97 57 6 80 33 95 63 86 41 78 7 93 70 57 23 73 3 98 4 13 53 40 44 43 2 97
42 59 89 37 12 60 13 99 88 1 73 85 61 42 44 56 11 26 87 66 47 99 15 58 58 78 77 22 88 77 7 25 43 49 67 95 47 57 91 17 76 95 18 78 63 41 67 62 86 98 80 16 56 77 21 60 80 37 71 90 80 84 25 31 38 97 9 22 7 73 24 92 49 54 68 19 35 32 33 56 10 98 14 46 20 65 87 53 78 85 20 100 14 86 12 11 16 82 30 74 96 37 84 65 7 64 63 46 51 30 36
43 85 84 64 86 43 95 51 55 1 48 94 87 76 32 55 30 65 51 98 54 88 26 89 92 63 79 65 81 41 59 74 32 43 41 75 8 51 23 13 36 98 77 21 35 92 2 52 3 30 72 66 36 68 35 26 52 61 21 39 99 42 10 94 97 1 40 72 78 68 32 73 21 84 66 24 1 14 2 73 4 22 20 97 7 30 58 89 84 94 13 15 31 81 71 44 98 75 21 29 39 14 83 38 3 24 64 41 56 36 42
44 52 51 69 23 64 88 52 49 46 94 62 9 35 95 70 36 24 56 8 18 34 31 27 23 82 29 5 19 14 11 20 30 48 77 14 82 92 23 55 71 32 33 42 54 43 81 97 96 74 89 81 85 61 15 20 25 27 21 55 48 27 73 4 9 82 13 27 81 52 35 54 34 29 3 68 20 85 88 44 87 11 25 21 65 4 6 37 29 85 66 97 93 51 18 80 60 90 53 85 1 45 21 69 19 33 89 41 64 2 60
45 38 8 61 31 12 91 44 55 93 83 63 14 8 96 50 54 59 22 61 89 97 61 82 29 48 27 28 57 53 54 81 85 1 67 22 94 47 83 97 68 94 68 94 49 27 99 59 21 36 42 20 7 62 54 60 32 91 19 98 16 41 19 28 62 72 31 94 24 76 1 82 11 72 92 12 92 57 73 74 20 12 11 11 66 1 44 60 67 35 77 62 25 10 38 67 18 67 84 24 54 88 59 53 99 17 33 13 75 78 72
46 46 51 76 76 35 3 20 53 16 57 11 95 24 45 88 10 6 65 71 76 50 68 55 84 86 51 33 53 59 82 1 16 39 52 18 87 24 62 78 19 13 20 70 67 45 77 45 44 21 72 20 41 57 25 35 16 49 41 37 47 46 53 95 61 33 25 26 60 39 90 98 79 68 14 70 83 19 98 4 92 80 100 89 54 10 17 94 29 95 76 10 43 86 83 66 8 52 59 46 44 100 5 4 88 64 15 22 72 65 82
47 18 92 28 44 53 65 37 16 100 86 19 93 11 47 56 45 9 41 12 53 30 83 75 70 2 91 54 48 7 75 39 21 34 81 83 93 6 81 7 24 33 98 55 38 75 32 41 53 89 77 68 2 57 55 88 70 21 22 58 27 97 99 42 85 86 58 43 63 93 6 31 44 27 20 24 96 57 75 71 94 99 48 97 87 62 5 100 57 5 18 10 35 13 15 69 32 71 49 2 18 14 69 33 53 7 17 22 99 40 37
48 90 45 72 63 85 43 87 27 82 55 46 31 16 41 95 47 93 74 52 61 72 55 80 56 33 73 6 31 58 80 86 4 30 60 73 41 51 35 95 45 27 6 94 37 16 2 96 47 35 71 13 76 86 32 73 2 38 46 38 82 94 77 79 12 36 55 42 16 75 43 29 70 62 35 80 6 64 96 75 17 98 96 18 24 60 76 14 8 58 90 38 56 52 91 70 38 52 26 97 5 80 95 23 77 99 73 24 52 83 43
49 11 70 54 48 82 10 81 30 50 58 77 14 75 28 63 72 34 46 39 69 78 65 64 30 72 97 67 48 10 60 33 39 28 15 92 22 82 18 29 44 38 28 5 44 37 52 40 53 28 9 96 47 53 52 62 69 48 89 86 52 92 16 64 82 41 48 57 66 92 28 95 60 77 80 52 91 60 76 74 60 44 99 16 25 75 45 67 15 29 1 56 6 69 78 36 47 51 77 11 13 38 13 80 21 78 9 63 96 100 57
50 14 4 72 1 73 64 86 73 2 71 4 39 69 14 12 80 54 78 51 5 7 35 97 64 75 79 80 98 75 27 7 63 21 23 58 100 26 38 79 55 28 80 28 73 97 6 50 60 44 86 100 54 21 53 27 73 38 87 71 70 45 63 25 35 41 50 82 74 93 8 9 13 99 91 19 91 24 70 32 87 65 15 88 55 75 69 46 13 13 50 40 64 39 18 23 87 50 65 4 81 16 43 14 31 51 42 10 28 76 45
51 33 63 5 32 14 99 77 41 34 57 35 34 77 84 82 99 70 1 29 28 1 100 30 32 26 10 49 68 18 94 47 27 43 68 80 23 82 79 24 85 3 43 42 22 74 39 69 24 81 43 61 68 23 75 60 40 27 81 94 25 69 1 67 32 69 70 76 96 57 17 67 28 69 5 17 72 80 35 63 13 20 51 44 11 67 81 28 40 62 60 42 7 66 82 14 48 28 13 58 84 65 3 94 37 78 80 52 82 48 56
52 40 89 78 95 55 17 20 11 97 10 87 50 33 26 2 63 75 30 20 58 45 84 52 27 55 89 3 78 79 14 37 85 45 75 37 3 3 81 13 41 95 43 82 60 79 44 60 58 69 37 71 65 89 29 5 5 82 30 30 15 35 29 91 64 98 6 100 50 5 44 83 99 97 1 53 73 57 94 99 41 73 41 72 60 61 25 5 84 86 78 7 75 14 85 81 86 85 48 94 27 24 1 70 46 25 98 9 42 61 29
53 96 46 15 20 86 99 13 63 83 73 3 29 21 17 23 46 96 84 47 4 98 75 35 93 99 12 44 96 97 29 67 50 30 3 33 20 11 23 24 33 44 79 46 2 25 35 56 44 59 14 93 60 60 88 62 73 65 73 67 84 27 34 81 44 18 96 4 44 38 21 77 43 95 29 26 1 60 55 95 67 89 87 77 3 82 11 30 59 86 29 90 75 64 100 18 31 17 95 17 36 53 20 44 63 34 12 64 65 58 92
54 81 83 85 13 29 41 80 75 37 93 17 57 82 92 25 62 92 70 52 29 72 57 59 34 17 58 73 23 9 28 87 62 42 99 78 42 57 76 48 69 22 89 56 57 21 41 55 44 78 75 17 75 70 83 70 73 71 61 83 98 5 67 55 72 60 54 50 71 81 12 35 8 20 6 41 18 51 13 76 2 70 34 13 44 43 77 24 60 12 96 52 59 58 35 49 70 7 87 11 73 46 3 34 84 48 88 80 46 74 52
55 80 11 46 20 14 89 22 61 6 53 63 22 84 20 23 39 50 50 34 94 58 45 56 45 71 62 21 8 100 33 5 53 34 16 51 15 19 52 38 79 38 58 19 40 94 58 61 36 61 34 65 25 77 44 97 19 48 7 70 51 76 51 99 42 60 90 15 91 75 44 38 53 52 91 21 97 51 44 35 26 42 36 63 28 8 60 22 35 91 85 87 69 98 94 22 89 3 21 30 47 39 49 1 16 2 59 87 19 56 59
56 25 94 89 28 62 9 1 14 75 20 21 17 15 68 36 20 63 7 65 53 27 29 73 53 43 73 8 59 69 80 25 38 78 81 89 71 38 98 20 99 100 83 42 80 6 58 24 94 83 38 50 77 71 72 31 98 66 12 34 99 44 56 58 70 94 34 88 54 24 80 29 63 1 58 19 83 35 50 27 17 67 92 35 84 59 59 100 36 16 89 5 11 44 24 51 85 57 71 32 26 53 1 32 89 19 97 15 57 45 86
57 100 63 91 40 24 50 77 72 41 41 85 44 80 22 64 3 7 9 58 13 14 81 28 73 3 100 21 58 48 4 58 68 36 41 100 58 67 51 94 64 90 67 41 86 93 45 63 94 12 14 91 11 39 71 45 92 36 42 81 66 67 66 29 85 51 85 53 81 87 16 26 98 26 58 2 85 29 49 27 17 6 41 49 91 98 11 41 74 41 97 95 48 54 86 68 18 25 34 84 79 25 71 3 50 100 67 61 17 29 94
58 97 81 23 44 67 59 93 34 6 55 34 18 29 21 12 77 63 100 53 57 55 93 76 7 100 81 100 9 46 35 20 9 16 48 75 20 92 67 70 86 62 96 11 35 36 54 86 72 74 64 7 12 49 47 69 99 95 74 11 37 18 14 67 67 65 6 45 93 42 92 81 47 97 69 39 93 5 28 62 78 45 21 73 98 78 68 84 1 74 77 68 57 34 65 53 26 14 21 60 30 59 45 3 10 32 61 15 34 79 48
59 71 74 23 76 79 71 32 97 31 67 99 28 6 85 19 40 18 8 45 76 23 87 81 3 96 100 57 82 61 72 80 76 45 63 8 51 28 60 86 66 90 84 35 31 2 74 19 19 51 6 57 76 64 53 94 96 95 56 3 42 76 14 96 40 86 24 50 4 15 76 35 90 96 80 78 58 81 71 98 42 25 69 35 62 25 45 99 4 54 94 17 53 31 97 44 53 94 63 72 91 67 38 80 100 49 25 16 10 32 44
60 28 93 20 17 14 15 79 30 76 59 26 100 47 73 93 80 6 85 90 68 54 45 73 19 13 74 11 53 23 23 100 42 77 81 43 45 37 46 72 33 23 75 17 29 40 84 77 66 59 63 38 42 15 10 34 46 47 44 30 67 8 3 18 12 64 69 95 94 10 27 84 25 2 23 65 25 67 31 28 72 98 77 48 62 46 51 13 3 89 6 24 93 47 60 39 57 96 16 71 85 62 10 7 71 96 57 54 18 3 73
61 5 32 62 23 3 21 8 10 22 97 15 91 18 54 22 55 56 53 43 85 59 29 9 29 53 53 97 51 9 73 71 30 18 17 83 6 61 28 12 3 68 48 34 22 97 86 70 10 27 92 74 79 37 99 43 28 97 59 99 16 75 78 95 48 100 84 94 78 12 25 60 36 93 87 39 10 82 36 47 7 24 23 66 14 90 99 67 6 94 63 2 29 20 23 90 58 35 27 90 62 8 98 62 99 34 13 1 99 76 34
62 74 16 22 56 89 55 49 93 94 64 63 74 17 24 30 61 38 44 55 58 83 34 84 15 72 3 39 14 79 12 26 70 22 38 17 79 66 24 29 9 36 71 2 76 57 30 90 93 66 85 98 21 70 6 66 79 54 38 94 48 67 21 86 98 77 91 39 53 64 68 7 33 27 19 29 49 63 19 89 91 44 95 36 90 67 94 35 80 24 34 94 84 28 37 23 25 91 55 9 46 39 17 45 81 79 98 7 69 33 53
63 56 40 25 84 21 78 46 43 48 58 72 7 82 25 72 44 84 15 28 23 81 22 27 64 42 96 20 100 9 50 59 39 88 76 80 56 28 33 32 35 47 43 27 96 9 77 46 3 25 86 6 43 91 34 86 95 79 94 62 22 44 62 73 22 49 54 60 17 23 75 94 90 25 34 71 24 50 29 42 11 15 91 69 88 69 79 94 71 68 10 27 49 20 49 19 95 67 42 89 93 23 79 24 25 52 98 47 40 10 82
64 12 51 80 79 58 49 63 86 78 36 27 11 18 13 40 37 5 36 39 22 72 51 99 81 61 15 29 21 57 88 16 96 23 31 3 28 25 52 77 2 92 53 84 68 14 45 20 62 9 56 90 1 16 69 39 10 66 40 1 79 54 90 65 10 45 50 55 38 32 30 41 43 30 94 84 95 71 14 36 36 82 39 98 99 55 57 70 88 99 62 18 39 17 9 40 48 94 98 19 7 71 42 72 9 84 17 33 83 68 84
65 32 15 66 23 77 72 12 40 43 22 70 58 20 97 12 46 54 99 56 87 23 18 40 74 68 85 15 100 21 50 92 9 59 3 43 5 50 89 44 38 48 21 35 14 73 84 3 32 13 34 98 31 3 8 25 19 25 40 58 31 64 31 8 94 33 74 90 63 44 81 18 66 82 93 60 2 98 23 43 86 76 80 95 36 17 78 85 99 96 35 55 1 38 22 28 84 84 50 45 41 73 61 45 71 2 85 9 40 55 27
66 71 65 95 14 68 79 29 4 71 14 48 34 16 5 60 94 24 41 22 65 5 98 73 53 8 7 48 68 33 40 90 35 74 94 37 12 16 99 29 86 36 53 44 67 20 82 20 14 20 74 46 41 63 39 66 91 1 83 54 78 63 39 29 66 55 93 18 29 54 74 97 37 36 29 60 89 52 11 53 88 37 100 43 72 61 76 81 88 52 92 4 67 69 20 3 28 26 8 32 62 99 61 5 89 91 83 32 27 91 24
67 37 2 48 36 37 93 45 53 66 72 31 12 61 39 26 35 93 34 23 43 27 88 13 33 34 46 67 81 53 30 95 45 45 100 10 68 42 46 45 92 34 9 40 29 77 56 55 90 70 67 47 16 76 58 18 84 89 73 62 87 30 33 8 59 71 52 20 38 65 65 31 69 73 38 42 55 41 10 70 60 47 90 76 49 4 15 67 14 89 47 15 33 52 59 91 28 5 9 46 32 77 28 83 55 52 98 10 34 96 17
68 60 95 71 4 27 84 48 46 52 60 92 84 63 85 87 14 22 21 73 15 51 15 41 46 99 55 53 64 44 51 14 93 15 21 39 27 91 10 9 38 61 42 66 18 15 6 87 11 50 90 6 93 87 54 78 96 66 94 19 69 97 58 54 58 31 10 62 78 33 22 19 38 63 10 11 49 27 45 20 87 41 59 42 72 62 34 99 44 69 48 32 54 18 73 13 84 3 98 6 53 30 2 34 36 84 7 13 20 33 1
69 95 47 2 45 64 28 78 46 61 77 94 93 25 9 27 98 36 11 74 86 31 72 87 19 9 42 8 26 83 53 33 83 9 79 55 86 78 5 21 10 65 8 34 85 96 61 29 86 1 70 82 40 10 51 46 33 28 40 81 75 100 99 82 25 11 87 24 44 54 37 10 34 29 90 84 87 56 19 66 15 27 62 95 26 44 68 96 22 60 70 96 22 20 13 54 11 52 40 80 52 63 46 62 24 59 60 60 42 27 88
70 42 17 86 3 53 60 79 85 2 31 90 53 98 55 9 77 75 53 37 34 29 86 27 92 78 24 17 86 44 82 51 26 50 84 40 84 90 65 37 32 66 24 45 84 48 85 42 33 11 27 27 4 42 91 16 78 30 21 33 15 64 98 89 7 24 32 18 67 63 38 64 70 93 39 18 47 35 82 19 31 32 13 81 94 90 67 62 49 13 64 97 2 28 3 9 10 22 58 24 20 3 63 63 50 57 11 60 42 32 45
71 27 94 34 67 61 49 36 87 18 15 29 66 79 50 39 93 80 3 60 79 79 69 23 70 71 30 95 51 25 98 57 17 35 72 11 40 21 64 6 50 28 53 35 96 70 45 13 48 20 6 71 88 39 70 68 64 62 32 88 95 7 43 83 50 25 47 70 80 29 84 56 60 37 31 1 17 65 57 42 28 51 17 52 32 11 97 41 67 70 36 11 100 49 20 42 8 79 11 41 80 40 58 21 10 98 78 78 78 73 55
72 69 13 42 54 96 6 67 17 50 21 75 26 11 64 12 100 23 80 92 86 34 17 68 42 68 70 83 29 87 2 50 69 49 94 18 91 16 51 74 9 83 57 93 99 38 23 67 27 93 40 55 10 24 6 13 38 2 61 8 95 65 9 1 1 89 89 35 67 67 42 13 88 98 8 1 18 39 41 86 100 30 9 88 13 81 70 39 89 10 83 11 33 98 74 3 32 35 45 9 69 95 95 38 80 16 76 78 17 73 33
73 20 61 28 5 78 47 35 7 38 28 42 100 60 72 85 28 62 67 33 5 70 67 34 8 41 86 74 41 50 74 61 52 18 19 99 40 19 70 30 32 77 1 15 92 67 83 16 39 7 21 51 80 9 2 3 85 15 33 83 38 34 58 52 30 95 37 70 91 72 67 62 78 47 89 41 31 64 11 93 33 68 77 42 18 100 68 71 89 47 100 18 49 94 24 39 29 46 66 100 60 55 100 100 97 82 28 3 87 88 28
74 83 25 44 20 54 21 28 6 29 80 64 59 75 15 13 27 9 67 17 68 71 81 90 35 47 73 33 28 27 63 87 29 47 40 20 77 35 4 18 61 77 58 29 37 88 6 49 84 63 24 9 55 31 76 48 88 83 35 98 77 1 29 41 22 93 67 96 70 29 42 88 94 66 1 78 35 25 13 54 60 5 8 100 2 73 36 72 19 4 73 34 49 60 47 83 17 63 7 86 18 8 82 33 45 81 83 27 31 89 5
75 58 58 49 26 31 77 27 72 28 77 26 88 68 3 89 19 98 66 56 27 42 78 99 93 84 4 14 85 78 28 5 79 60 86 69 51 54 57 87 16 77 48 28 98 100 84 61 87 98 88 17 19 14 76 42 71 98 26 54 5 22 88 18 8 51 37 58 83 69 48 15 54 61 62 96 34 23 72 19 15 57 3 57 36 48 29 33 65 34 10 21 92 41 78 28 72 96 71 47 32 12 42 35 84 92 64 37 17 87 72
76 68 24 77 83 79 15 85 81 26 43 6 67 15 60 25 73 1 54 63 77 19 76 43 50 82 39 82 32 54 1 68 82 91 52 70 64 48 93 31 26 51 66 94 39 13 72 2 62 29 27 92 90 86 50 57 28 69 99 63 48 81 67 23 74 67 73 13 62 32 31 42 85 77 79 46 36 34 52 33 89 28 45 35 33 24 60 5 56 38 76 78 6 100 15 100 10 5 11 49 79 77 92 51 81 16 72 47 4 41 28
77 21 90 22 37 40 4 91 93 26 33 8 70 39 96 43 37 62 49 4 20 90 41 22 89 4 69 34 12 40 82 41 8 16 49 51 63 12 99 57 4 68 44 98 13 49 91 23 37 22 15 9 39 35 80 22 99 75 43 25 35 85 72 59 32 95 89 73 52 94 90 51 32 87 58 52 19 9 75 45 37 10 31 45 41 51 70 24 16 49 12 84 80 22 72 71 55 89 51 10 61 60 47 99 20 59 97 44 94 15 86
78 53 25 77 83 64 100 71 35 65 59 100 16 10 70 88 96 19 84 84 45 50 52 36 3 85 49 11 82 81 84 57 7 22 21 17 49 100 44 76 50 84 44 84 14 43 88 58 32 86 86 63 26 54 27 78 4 9 9 85 32 65 92 18 59 66 25 75 24 67 33 3 39 1 61 31 35 55 5 6 3 69 3 96 95 80 59 9 57 87 1 34 53 37 14 19 38 43 24 61 98 37 64 45 77 82 47 22 41 42 96
79 71 26 67 28 51 89 92 24 68 23 95 93 38 97 20 48 22 83 10 48 36 89 93 100 46 7 49 86 21 32 81 84 55 1 44 70 5 48 20 93 96 64 72 53 46 44 82 41 84 14 23 93 22 76 39 79 42 10 35 95 7 66 90 88 1 98 40 100 99 41 64 5 69 48 31 70 59 53 42 54 39 88 26 1 18 47 64 70 52 89 3 63 32 25 36 96 58 76 25 63 18 76 50 57 45 96 26 35 84 41
80 3 19 40 8 90 92 31 52 83 97 81 51 60 20 68 65 37 23 16 6 56 73 36 21 9 4 57 30 42 92 33 18 45 87 90 61 14 66 56 17 68 6 14 49 95 65 62 93 41 33 32 85 91 93 72 2 8 85 9 86 9 98 46 94 100 54 81 91 40 34 37 76 92 12 26 72 93 96 81 39 83 39 36 75 58 87 67 71 42 38 43 32 11 58 88 19 41 73 7 42 72 47 38 16 98 38 15 69 47 89
81 67 35 97 42 60 28 14 49 64 45 98 79 48 41 27 67 25 65 77 78 31 95 15 9 34 30 23 81 82 73 15 89 29 21 28 85 75 45 18 19 62 100 6 45 43 77 62 85 20 35 45 42 73 15 45 18 80 21 34 45 68 59 92 37 80 90 30 31 82 51 35 25 13 11 32 39 50 62 27 58 72 27 6 30 25 66 69 13 71 79 44 32 46 64 32 18 68 51 69 95 29 36 16 19 80 17 24 54 11 87
82 65 50 13 30 3 60 70 6 78 35 46 4 29 24 15 34 61 90 81 38 90 8 67 27 81 55 86 6 45 68 25 69 43 20 64 61 1 15 56 97 65 97 45 85 86 99 91 63 65 3 20 65 94 18 86 77 8 11 50 29 32 16 57 58 83 31 51 49 39 36 38 39 37 25 23 93 22 38 95 39 94 66 18 12 49 73 65 70 61 69 6 23 45 17 49 17 48 45 32 77 44 53 74 81 22 7 85 66 81 42
83 20 98 45 65 21 82 14 29 82 59 34 67 92 29 55 29 29 55 41 33 63 96 40 48 2 8 55 33 59 78 96 50 80 65 3 83 70 6 91 20 10 26 82 56 59 73 83 55 67 46 62 10 81 83 52 99 68 88 80 63 7 38 7 71 51 10 24 37 1 44 93 44 7 86 79 8 22 78 32 18 41 72 29 58 29 58 2 10 94 36 11 99 58 48 39 62 69 39 90 20 86 64 40 34 33 73 26 93 72 1
84 61 23 51 74 80 13 29 33 63 45 8 96 68 88 4 86 37 33 50 56 90 97 72 21 72 13 49 75 31 46 99 69 89 72 96 62 85 54 54 12 62 97 77 16 18 56 19 62 76 95 76 81 47 93 38 98 43 29 93 2 24 3 70 57 76 6 90 34 57 95 31 42 75 65 96 66 86 15 60 85 79 92 2 42 69 96 94 18 26 14 15 31 34 23 49 52 67 62 52 64 18 56 55 45 56 89 47 66 76 31
85 6 100 75 87 88 32 48 17 63 84 89 31 44 22 40 23 82 32 95 55 34 33 71 66 40 86 78 83 14 52 56 12 10 59 10 15 52 42 66 75 57 54 42 51 10 97 17 92 42 12 55 77 73 34 67 11 54 34 67 29 76 99 26 42 80 46 21 36 7 95 18 12 49 46 91 74 98 57 82 26 67 99 60 28 78 42 75 55 83 69 77 53 70 91 14 4 2 63 97 49 18 84 57 61 41 8 73 9 6 41
86 78 95 5 83 8 34 29 23 77 94 11 31 6 18 88 88 50 41 62 11 16 3 78 82 52 38 26 88 48 69 2 87 11 18 45 7 76 69 3 95 50 3 37 85 27 32 18 73 90 27 32 25 38 15 93 46 28 84 31 77 83 70 5 91 94 64 71 45 10 34 85 45 25 7 76 10 81 93 40 96 5 50 85 74 88 8 45 75 43 31 70 39 4 29 40 14 63 16 38 76 18 84 46 20 22 82 38 25 96 90
87 1 38 10 23 56 53 81 73 80 69 14 98 62 14 55 100 73 44 1 23 13 71 71 64 14 43 66 62 49 25 51 18 32 38 77 46 6 62 85 40 13 1 11 29 88 81 86 33 7 36 50 47 69 16 73 17 57 37 67 55 17 73 77 83 24 16 46 56 75 88 94 60 62 20 38 18 67 87 14 76 84 81 15 94 45 93 31 5 7 41 18 81 52 74 91 97 83 20 4 59 50 51 95 33 52 39 33 64 49 7
88 71 12 55 86 56 59 81 49 37 23 45 56 58 27 86 59 79 31 58 93 39 48 47 41 13 52 46 36 99 23 38 79 53 46 56 8 62 84 67 66 42 54 35 98 38 65 48 25 41 81 95 28 62 23 77 39 95 13 4 35 25 28 58 14 37 4 91 67 11 25 61 32 46 46 14 54 55 50 9 3 53 63 88 5 4 34 10 50 98 83 74 90 48 49 8 26 87 60 1 13 92 39 36 3 15 42 16 78 88 3
89 50 9 55 46 90 21 60 85 47 41 20 79 20 81 77 25 11 13 32 92 5 12 37 89 17 58 6 87 14 48 70 95 38 82 33 92 37 29 28 10 68 56 98 79 63 98 4 54 79 96 19 78 70 39 85 80 58 75 93 49 4 67 62 4 19 68 61 95 15 39 63 96 30 33 54 20 20 39 16 16 23 77 98 24 24 16 37 85 67 56 81 51 62 95 75 97 37 34 46 75 53 16 43 94 43 31 7 45 78 86
90 59 91 10 60 8 10 42 56 59 80 5 52 25 14 88 89 74 97 4 24 78 91 63 27 98 76 3 12 18 52 62 75 17 43 71 35 9 95 17 22 76 9 69 77 13 41 58 49 65 74 64 57 30 93 15 82 36 59 10 17 10 50 36 68 57 11 42 32 28 20 58 5 91 82 85 74 27 98 44 27 13 94 86 12 17 21 62 33 17 92 82 22 35 48 71 64 22 69 90 1 80 15 91 57 41 40 28 44 91 97
91 1 62 13 21 83 83 93 22 1 74 42 45 74 55 38 6 73 77 23 29 75 43 27 48 56 99 36 11 12 80 96 3 28 79 8 78 89 85 58 69 80 80 25 44 78 51 24 4 83 20 65 56 96 23 65 2 94 55 75 63 7 86 63 100 71 41 79 35 81 91 41 3 62 67 70 40 60 23 91 73 57 88 72 64 59 59 67 67 45 86 94 19 97 43 11 28 44 60 73 88 55 40 18 30 95 12 30 10 47 98
92 89 37 20 8 41 91 36 22 80 63 2 65 7 22 17 77 10 2 40 63 50 7 48 63 9 47 35 78 34 73 9 76 89 49 46 88 48 16 2 33 75 62 68 70 75 3 3 66 8 71 8 51 36 91 84 29 63 35 94 57 74 3 58 27 46 50 7 20 3 19 52 39 40 87 80 62 33 14 41 16 20 65 95 46 20 21 46 70 62 25 87 61 20 41 8 37 89 51 79 31 95 26 79 23 71 68 13 93 51 43
93 56 91 2 69 21 77 95 37 68 94 55 70 96 69 44 46 49 53 19 38 18 47 51 43 44 66 47 77 32 7 8 85 6 26 64 79 47 21 94 14 20 51 5 56 13 39 20 32 14 91 58 71 89 21 43 76 23 34 69 42 48 62 86 52 10 54 82 27 74 99 4 22 18 69 48 57 81 9 22 76 73 77 63 92 90 35 61 67 82 35 37 91 21 99 83 84 91 99 47 77 48 90 90 68 80 63 12 49 83 39
94 25 78 36 8 85 77 27 90 62 45 76 56 20 4 41 12 4 76 65 79 44 26 5 68 38 68 5 24 74 5 15 13 49 14 61 99 6 27 96 34 42 66 97 87 1 28 63 5 79 96 97 46 53 58 88 24 74 98 85 37 85 100 72 90 94 36 37 40 51 29 9 49 26 78 93 7 79 18 90 89 59 48 55 61 30 6 41 24 17 64 58 89 18 25 39 67 59 56 1 91 79 73 69 16 39 5 19 36 24 38
95 27 35 6 88 50 80 17 16 80 21 61 12 51 99 93 27 94 28 69 78 17 55 33 60 11 35 67 80 7 63 57 36 52 45 88 83 28 23 81 67 94 13 8 87 83 60 67 48 93 6 56 69 20 36 89 27 100 37 64 91 88 77 27 44 27 33 44 87 80 7 17 49 6 79 97 91 17 60 8 61 87 39 72 6 30 63 19 35 35 83 48 14 35 32 61 39 5 2 41 42 53 31 87 69 52 54 75 13 9 9
96 38 99 46 19 79 36 95 63 14 92 8 46 65 88 21 98 100 81 46 95 25 16 92 50 45 22 26 93 81 35 70 58 68 60 81 9 89 35 53 45 37 82 13 52 30 5 21 11 22 38 87 85 49 33 72 42 83 19 18 64 26 38 83 39 81 74 90 79 81 61 70 5 38 89 35 10 16 37 8 25 27 100 99 56 27 46 48 79 41 11 44 78 16 97 80 41 100 82 89 61 79 59 63 79 12 87 99 70 37 26
97 68 13 46 52 61 56 21 80 81 56 51 4 90 52 35 11 8 60 89 27 52 27 63 16 68 25 3 37 19 35 67 69 68 52 73 26 56 57 93 40 55 75 48 55 19 100 24 73 25 63 62 27 55 36 18 49 75 33 99 63 16 66 30 50 54 94 62 32 57 56 63 67 19 86 85 32 43 20 42 83 21 60 52 90 86 21 7 37 81 99 34 65 14 23 15 23 71 35 43 82 17 98 13 88 27 30 64 3 65 90
98 4 49 65 55 90 20 89 86 44 19 40 22 30 62 39 71 26 71 74 96 19 47 88 61 65 49 16 70 12 9 99 18 22 64 36 39 16 87 48 11 75 84 90 51 94 87 27 96 22 38 47 88 17 11 50 24 87 62 26 4 5 99 60 92 45 80 15 65 53 76 71 4 13 8 28 96 41 63 68 26 92 34 65 8 90 59 37 57 84 60 2 53 47 24 6 12 49 95 29 34 77 33 6 49 28 78 21 59 28 55
99 50 72 64 3 48 23 11 93 28 50 52 31 40 36 98 32 74 80 18 32 28 74 26 6 85 2 92 27 78 21 43 40 60 96 93 57 15 41 40 72 22 76 71 82 9 26 32 5 87 52 13 74 65 66 67 94 28 31 17 90 93 88 9 81 51 95 33 79 72 65 29 100 91 96 16 20 98 66 81 28 22 52 88 82 96 92 22 16 98 83 8 83 69 86 31 81 31 20 89 18 44 18 96 85 63 29 81 58 87 7
