15 100
2458.0 2816.5 2365.0 2412.0 2984.0 2593.5 2576.5 2277.0 2498.5 2724.5 2457.0 2648.5 2405.0 2450.0 2486.0
0 38 92 5 44 40 38 30 99 5 94 3 86 80 1 23 34 24 32 1 25 38 2 73 78 79 48 66 25 49 78 14 3 21 78 42 14 99 1 15 78 67 88 76 66 28 71 14 53 64 79 5 45 61 19 4 60 48 80 32 16 98 28 35 69 81 64 72 30 99 41 74 18 17 85 94 73 59 48 46 86 61 39 38 8 61 28 1 96 44 45 67 3 87 15 67 88 83 33 10 14 69 100 86 28 90 94 15 79 74 1 26 6 14 33 52 45 6 29 67 57 91 37 61 96 97 24 78 12 64 80 87 15 76 28 63 38 42 35 45 49 87 24 63 64 48 80 99 6 98 80 52 37 56 16 28 44 3 16 94 96 83 97 26 100 68 87 15 14 32 97 56 11 89 45 1 74 17 72 30 74 37 80 1 51 40 88 86 18 67 97 42 97 95 71 13 55 20 57 20 23 91 44 91 25 30 43 34 71 46 65 44 15 39 94 79 28 1 58 74 32 35 57 19 40 96 91 37 91 80 89 68 91 51 100 60 27 89 93 75 91
1 73 57 90 65 30 26 80 17 43 34 36 48 57 75 4 41 56 73 32 54 13 22 96 69 19 55 90 74 75 2 50 53 4 8 63 60 39 17 50 86 5 32 8 80 33 85 73 33 25 65 87 93 85 50 63 45 84 59 19 60 52 90 11 28 42 95 79 20 15 33 9 11 8 56 25 55 18 100 59 78 18 48 66 16 95 79 75 15 49 1 99 68 89 80 52 48 29 94 99 22 31 15 38 12 39 64 73 13 62 17 15 22 35 100 9 50 3 99 46 65 48 33 24 31 83 76 57 48 87 38 5 6 76 20 36 79 83 96 27 22 72 80 25 44 51 77 38 81 88 67 31 13 10 76 36 20 82 96 82 45 67 43 98 44 2 91 13 30 92 100 69 93 42 9 94 36 51 23 70 19 25 65 97 82 39 55 79 33 86 12 89 41 59 15 80 2 50 67 8 32 59 96 24 44 26 28 54 81 28 46 17 60 74 6 46 56 57 43 61 59 23 7 27 30 52 73 54 50 14 49 75 86 62 80 40 59 42 60 52 65
2 15 63 26 97 58 65 75 17 3 32 7 24 36 91 33 45 6 52 29 7 96 81 68 34 80 10 16 1 16 29 28 12 59 82 12 92 68 54 96 33 74 43 6 63 16 98 40 81 98 69 92 10 71 54 90 39 28 33 10 87 66 8 42 47 9 3 74 48 65 23 34 18 39 39 66 19 71 45 70 15 53 12 86 35 28 26 99 44 42 20 50 68 84 82 28 45 34 78 51 3 67 45 25 27 35 59 75 81 62 47 36 49 14 40 100 84 99 59 22 88 64 47 23 55 51 76 64 31 87 52 87 49 24 15 40 31 94 37 50 10 18 46 84 24 10 89 97 15 55 94 39 17 57 93 11 75 57 37 27 2 36 39 3 77 39 33 52 38 64 53 73 74 43 57 46 74 89 2 39 94 92 67 89 69 76 6 96 74 18 18 83 90 70 86 56 100 69 48 44 33 85 73 41 52 97 71 17 21 41 59 29 8 57 50 75 80 21 62 71 13 66 14 83 22 51 76 92 68 1 45 71 94 87 85 76 37 16 100 32 96
3 30 46 64 98 84 1 72 29 81 30 3 9 46 95 47 37 66 46 85 86 77 2 42 51 95 31 58 75 52 16 19 58 6 6 25 3 89 10 82 23 92 61 81 57 75 63 96 11 59 10 13 6 25 44 95 60 63 48 1 65 18 62 35 52 84 37 44 25 67 79 43 65 18 16 1 4 46 70 46 10 53 12 43 15 63 19 47 2 1 4 73 82 50 24 21 60 19 83 9 63 33 49 9 69 93 42 19 63 45 88 10 58 17 25 9 93 31 22 32 16 56 68 8 57 53 90 82 46 85 95 22 39 66 54 72 26 46 56 54 84 46 15 62 9 65 13 5 86 70 88 42 34 65 23 42 14 9 34 36 22 8 69 87 92 72 70 94 5 31 91 69 87 38 69 65 93 59 21 80 16 37 71 55 11 84 92 51 45 52 100 76 98 78 18 52 75 11 61 55 13 36 54 24 65 6 31 80 90 19 21 100 24 40 36 42 73 94 93 54 52 80 6 69 48 54 92 1 30 58 71 44 86 8 73 21 94 68 56 16 92
4 51 44 75 1 60 68 48 95 41 56 91 66 47 72 37 93 42 86 75 70 42 56 64 69 9 95 19 96 3 85 55 65 79 32 63 2 79 99 6 14 93 14 4 6 95 50 49 36 48 56 50 82 29 4 59 22 32 54 94 49 47 78 7 58 14 9 99 5 28 34 43 76 64 98 39 17 1 88 46 74 17 67 95 42 55 70 95 65 79 94 5 23 52 38 14 84 54 69 22 12 27 2 32 7 39 54 55 83 64 23 61 30 75 38 87 61 32 56 93 48 67 100 12 55 99 16 88 10 83 56 68 22 79 98 11 73 16 62 70 1 12 2 72 78 96 65 23 51 48 7 60 6 50 93 73 5 88 46 12 53 55 80 100 23 89 78 100 24 9 74 84 99 8 81 81 50 17 80 72 51 56 16 31 70 79 29 43 11 44 97 1 85 29 86 10 26 39 57 73 24 50 48 99 9 93 95 66 97 85 35 94 15 56 44 2 30 1 27 70 25 14 63 29 69 39 84 9 9 16 87 49 53 76 74 43 44 21 3 8 88
5 17 78 20 92 46 35 75 31 95 35 25 84 57 62 52 78 60 67 13 30 15 77 41 53 83 98 93 82 86 14 3 16 14 6 40 52 56 31 99 78 98 34 77 38 57 85 27 90 46 53 3 9 98 22 65 27 42 82 18 31 79 39 78 55 68 38 12 44 31 76 100 65 93 27 14 22 46 92 62 96 81 71 59 84 59 68 99 18 92 47 81 47 6 43 82 36 99 79 81 45 57 57 8 15 1 29 69 28 49 30 2 1 29 14 71 22 31 15 62 39 45 29 38 33 54 49 94 9 75 11 100 40 4 43 60 4 36 33 70 29 49 81 13 17 95 44 54 79 82 16 48 94 61 17 37 71 76 78 69 31 66 26 28 91 64 27 51 54 87 84 17 35 29 24 21 11 50 39 30 65 38 46 43 55 94 90 1 3 27 56 78 62 90 71 54 8 53 91 4 83 15 56 23 9 72 63 82 12 30 25 54 49 26 76 19 44 50 49 39 19 27 4 88 17 58 99 81 66 13 57 3 34 14 56 38 96 86 4 43 59
6 45 3 14 74 23 2 64 21 45 66 52 34 47 74 24 47 30 59 40 77 80 92 51 54 6 64 10 52 32 46 88 18 68 61 40 9 90 76 15 95 63 7 96 25 90 22 39 11 48 99 72 73 59 3 41 82 76 51 29 19 50 62 65 8 81 7 96 92 84 17 21 32 14 16 32 54 46 33 7 78 82 9 95 81 87 96 63 69 86 87 67 77 44 71 32 17 38 68 10 36 51 77 1 93 10 61 47 42 10 66 12 72 4 10 94 65 82 78 49 21 9 92 66 64 96 43 97 85 96 15 2 69 100 39 76 14 72 61 53 28 97 27 63 6 35 93 10 87 74 68 15 75 76 2 72 32 5 85 87 72 36 9 57 23 85 47 11 72 3 36 28 14 22 8 18 91 45 16 20 17 77 76 56 4 73 68 53 11 63 52 41 96 39 98 59 37 84 87 76 30 40 76 80 86 1 37 10 100 11 62 18 14 30 13 90 13 89 23 6 38 5 83 1 93 55 71 84 91 38 68 47 61 32 3 73 53 84 75 95 60
7 56 46 47 58 6 24 67 93 43 34 71 71 68 85 69 25 97 28 11 14 17 36 78 47 61 84 40 68 9 74 12 19 89 78 87 61 58 65 73 1 88 6 37 1 26 36 32 38 100 68 71 48 58 54 59 4 62 26 40 93 71 94 85 35 84 90 94 14 67 50 35 93 73 89 50 69 3 88 99 64 53 99 94 90 37 75 70 28 58 73 23 72 75 40 16 38 91 12 56 63 59 70 25 15 1 82 36 31 52 2 28 67 90 99 27 89 7 61 39 21 71 13 23 5 89 70 44 91 35 40 78 25 65 77 31 16 69 46 4 13 87 57 56 26 12 57 39 82 48 52 89 84 52 19 76 2 45 74 41 35 38 63 59 55 84 98 69 38 39 71 61 98 39 19 60 63 38 76 21 61 7 46 68 82 26 24 85 81 85 88 27 14 92 68 40 15 49 12 79 94 28 62 81 4 3 58 5 4 84 15 42 36 21 24 96 2 23 93 51 51 46 94 70 22 47 33 33 7 98 38 91 72 81 33 60 87 21 83 95 94
8 86 78 4 98 73 43 52 15 87 73 78 82 81 68 13 55 33 68 3 44 92 45 14 96 41 95 90 55 35 34 87 30 92 15 32 31 59 95 97 100 7 45 82 32 32 32 22 72 63 62 14 38 4 38 37 95 3 24 98 95 41 94 21 13 40 64 83 1 96 48 41 17 30 99 80 69 61 17 39 37 31 81 37 47 97 69 58 14 4 73 42 15 38 46 22 8 10 62 11 71 79 74 92 16 27 52 1 12 55 83 8 53 48 14 50 41 1 50 71 67 58 43 29 33 26 31 7 21 13 68 53 63 14 96 60 20 12 50 41 83 81 40 4 76 92 23 21 35 15 3 48 88 27 80 28 18 36 98 55 75 24 82 78 36 44 61 88 1 17 14 91 22 50 16 18 86 63 69 81 86 46 61 27 47 35 53 84 68 91 10 59 33 78 33 25 49 61 68 98 29 18 25 97 10 96 76 35 39 92 56 86 95 68 74 6 3 3 71 9 97 71 75 77 38 19 17 28 34 69 68 1 49 38 87 89 58 65 77 9 64
9 27 58 43 84 52 49 95 69 26 37 23 24 68 24 40 77 12 20 87 65 70 7 19 97 32 50 100 59 16 33 76 51 83 37 17 56 7 7 97 17 45 25 44 76 21 33 26 65 19 61 36 96 74 5 96 96 32 52 67 4 10 21 48 39 55 19 79 17 61 90 41 48 31 73 94 15 33 1 84 68 46 91 97 99 70 52 16 33 20 68 44 30 63 16 68 69 62 45 44 74 17 1 82 25 35 2 20 26 11 69 13 7 70 25 62 21 56 89 97 24 71 18 37 78 7 20 99 42 22 100 54 8 5 72 64 62 26 19 57 31 56 32 54 68 96 16 9 96 55 100 67 24 73 35 79 60 71 78 92 88 78 40 1 55 60 41 84 46 73 54 88 29 98 63 35 6 13 74 79 76 65 52 65 10 72 30 3 84 83 59 91 24 40 14 74 88 46 54 95 24 37 70 11 97 95 23 27 76 79 78 39 56 97 57 41 38 2 45 53 75 71 85 22 71 13 57 21 52 87 26 5 56 40 73 8 81 95 56 22 97
10 62 79 1 64 58 21 85 81 70 44 50 85 38 3 67 83 95 53 47 11 3 39 87 3 80 91 19 20 60 51 20 57 34 13 45 25 21 10 80 30 93 79 54 42 90 28 100 64 66 99 82 92 27 65 59 10 41 76 68 96 71 73 40 80 41 6 36 93 75 56 39 41 28 51 27 13 37 17 2 20 55 100 13 59 80 43 15 40 76 33 60 85 63 89 89 99 40 86 55 38 27 38 98 80 92 55 18 69 98 86 54 82 86 8 99 6 47 97 90 8 76 42 61 38 93 3 94 67 20 95 83 7 56 100 24 15 5 72 96 69 77 1 67 59 97 90 17 50 43 19 21 64 58 59 39 71 28 84 71 56 70 24 53 65 19 57 17 50 85 87 17 100 50 26 13 63 8 90 14 42 65 34 24 7 74 8 78 5 79 27 30 49 32 39 36 84 7 88 38 63 92 85 3 8 64 88 22 13 96 11 34 41 77 70 26 57 72 69 16 64 99 6 36 10 83 30 39 85 96 50 90 5 11 92 99 70 7 59 16 46
11 1 17 45 61 30 84 15 82 25 76 88 42 15 22 16 99 28 85 46 22 34 63 31 8 25 70 56 65 69 72 79 57 76 50 76 64 41 75 79 98 54 59 88 52 41 30 46 55 70 87 84 49 3 85 61 9 28 36 21 15 23 58 48 82 25 72 75 100 32 24 47 17 70 69 4 16 61 84 37 94 77 61 3 66 16 43 65 40 8 54 47 97 64 1 79 37 29 40 57 73 83 6 81 77 32 15 72 53 49 3 8 46 61 50 65 56 73 26 4 53 46 53 65 84 46 46 16 58 59 45 81 70 64 7 59 39 50 37 76 25 90 25 89 57 15 16 63 8 43 32 82 57 74 10 17 72 64 82 40 29 41 21 72 29 15 65 50 71 24 69 74 85 43 39 77 37 60 5 60 13 44 31 35 17 11 14 36 73 36 11 86 100 97 50 44 19 5 85 20 8 31 88 59 89 69 25 63 2 43 17 36 54 6 97 37 99 51 4 34 74 87 34 72 16 53 66 27 71 90 52 78 36 51 27 28 90 7 19 83 70
12 77 44 3 84 45 47 89 79 52 71 81 21 95 44 19 67 46 53 57 33 94 78 26 92 19 68 66 16 32 87 5 63 74 27 47 71 5 91 11 47 44 91 88 26 94 46 90 90 15 72 71 63 26 19 97 67 89 1 44 18 70 20 23 16 93 10 26 84 7 6 47 36 93 73 50 93 72 42 52 64 41 49 26 95 45 86 82 12 32 55 94 21 52 95 91 51 91 100 99 55 60 61 34 74 28 67 12 85 30 35 18 64 70 15 56 31 75 17 18 89 61 7 90 31 65 66 14 60 36 15 73 34 85 80 57 14 30 33 79 16 24 72 10 39 29 18 100 2 17 73 60 95 47 99 91 2 57 31 73 41 79 21 22 55 44 22 16 70 54 22 83 34 18 35 88 23 40 73 53 3 89 77 53 68 22 68 45 88 78 17 35 17 93 58 81 81 55 64 67 72 7 71 8 62 43 87 68 49 30 95 21 71 60 61 60 19 29 21 27 18 62 39 44 70 47 41 46 100 49 19 41 100 92 81 92 93 58 13 81 70
13 98 31 84 70 91 36 15 36 25 54 18 71 88 17 5 37 49 16 2 71 17 87 100 14 6 25 55 13 37 6 5 55 20 28 90 76 83 24 53 44 45 9 51 90 89 81 44 29 98 81 29 44 74 44 76 45 65 60 1 64 25 85 7 3 49 93 8 5 11 45 34 3 79 38 66 23 46 69 26 7 96 49 35 94 26 49 9 97 69 24 51 26 87 70 67 50 4 84 70 77 31 24 24 61 37 43 67 41 85 48 5 53 99 70 60 1 1 81 92 69 39 64 46 89 92 30 62 91 35 25 79 14 7 19 4 62 8 53 7 63 12 25 14 72 26 10 14 76 5 100 65 17 74 9 75 8 58 23 79 45 84 74 92 15 17 10 76 53 58 54 63 29 29 58 99 12 68 32 45 86 32 4 8 48 6 92 68 62 79 49 38 69 46 28 54 55 29 98 74 57 60 31 51 9 100 2 7 55 99 16 79 65 72 93 70 61 90 33 45 24 37 55 17 22 62 52 45 78 97 11 15 18 85 38 97 52 70 74 16 60
14 83 72 71 12 73 65 51 21 68 33 49 64 56 90 72 11 3 10 10 3 31 67 86 79 58 64 24 60 1 28 72 52 41 77 24 18 75 55 17 70 48 59 26 88 50 71 62 90 80 67 78 31 19 83 47 93 11 8 77 40 76 52 48 40 48 28 2 72 49 39 77 42 47 82 1 56 80 75 50 86 10 35 13 90 67 28 26 70 75 98 91 68 47 17 12 15 13 39 18 12 40 69 81 79 19 74 100 24 56 57 40 4 6 43 56 16 3 35 66 29 79 43 73 23 40 27 62 57 47 23 7 19 90 84 61 50 22 55 56 59 8 99 50 8 16 68 47 68 43 69 66 6 82 58 45 60 33 64 77 78 60 19 8 8 43 25 28 85 67 75 27 55 79 42 60 91 4 56 58 23 61 45 57 1 52 92 58 12 58 18 56 42 99 74 51 6 83 41 52 65 33 87 58 30 69 33 30 25 97 75 42 13 43 65 41 13 39 52 69 52 10 47 85 46 8 84 61 100 69 88 97 85 20 44 53 1 79 40 20 81
15 55 55 37 90 5 3 37 88 67 75 35 13 39 24 77 77 26 64 46 69 28 49 51 27 59 59 46 98 7 17 40 32 64 7 66 73 41 29 18 28 43 84 54 2 85 55 97 75 9 67 67 59 80 86 61 46 40 10 7 49 52 37 71 93 31 6 3 6 40 67 90 4 58 18 12 2 80 8 4 24 60 41 90 54 66 5 32 34 22 24 50 76 49 35 71 5 9 58 81 66 9 87 35 76 27 73 56 75 24 53 4 53 89 86 60 62 41 84 81 41 68 74 20 28 28 58 69 43 40 20 49 47 39 91 17 45 69 14 61 19 42 10 19 83 19 79 30 35 72 34 69 61 27 21 64 65 13 83 29 89 20 61 5 40 23 61 23 89 88 83 19 10 3 40 88 22 30 72 45 9 74 10 68 88 88 84 87 48 30 72 75 99 2 7 56 27 26 78 36 18 5 65 1 37 12 84 51 79 10 31 66 14 35 10 53 95 34 84 87 79 21 50 5 35 68 84 89 9 15 10 68 3 59 43 82 79 95 93 7 69
16 86 60 5 52 70 80 89 89 85 82 71 6 27 71 24 88 4 33 62 95 25 35 7 84 29 44 60 54 7 23 75 66 54 73 73 2 9 1 86 84 99 58 19 51 2 54 5 75 76 39 83 71 94 80 8 67 18 9 80 98 1 7 48 51 67 72 19 11 95 46 93 57 16 18 43 100 81 28 16 93 88 80 15 47 42 95 33 96 10 9 65 40 58 20 23 61 68 29 98 64 39 94 82 10 76 32 43 16 16 6 13 100 37 23 62 16 94 52 93 81 91 30 35 11 49 87 41 19 22 65 76 52 99 35 39 29 70 18 38 90 53 20 80 44 10 5 2 80 5 57 17 32 61 47 86 60 95 69 82 94 41 88 80 19 63 33 62 73 19 64 83 12 84 78 55 96 53 31 91 58 49 74 72 19 40 4 35 78 76 30 94 70 49 42 99 37 28 3 55 89 92 50 31 62 13 82 41 57 95 11 54 2 62 79 92 15 83 12 66 67 39 20 95 68 81 83 23 91 22 41 32 10 58 22 91 33 98 15 11 85
17 39 86 69 2 34 67 22 97 76 97 18 20 51 67 85 40 58 44 12 91 58 75 37 42 71 46 74 99 85 100 78 50 6 60 23 56 15 6 87 29 92 34 63 36 62 11 69 23 39 69 20 81 68 79 93 60 46 4 47 61 96 27 9 47 82 37 23 40 71 38 56 42 85 64 56 1 59 91 84 95 51 37 100 23 20 89 96 89 37 83 54 91 16 6 64 66 77 19 86 28 55 23 54 58 100 82 88 60 37 25 47 88 73 36 37 2 17 86 75 37 21 21 79 28 7 50 70 81 84 24 2 92 54 79 85 50 56 54 58 81 36 36 16 99 43 23 58 57 1 42 61 76 32 3 26 20 100 51 10 11 92 91 98 37 29 83 68 1 60 65 89 89 18 76 65 67 83 7 25 3 12 45 48 12 26 89 82 24 42 68 66 44 8 30 79 41 73 83 52 76 87 39 2 31 3 63 70 41 52 75 89 76 27 72 79 24 5 59 10 79 11 33 12 49 24 52 46 8 67 11 91 81 86 52 14 2 77 91 3 46
18 21 65 70 76 73 30 100 4 55 75 99 9 72 96 51 80 51 35 95 10 28 18 29 86 30 61 31 65 28 7 69 41 69 16 32 49 59 77 57 67 88 4 27 21 96 45 82 9 63 27 73 14 11 39 42 34 38 93 76 29 89 33 79 60 82 57 88 94 20 28 44 57 18 69 58 38 28 89 54 23 18 65 76 90 76 58 83 92 66 84 43 40 45 2 10 13 10 86 16 8 40 31 74 52 47 79 81 25 47 26 83 2 6 80 71 34 76 57 19 61 25 33 3 6 83 6 65 69 99 12 92 37 21 77 12 7 8 94 45 77 1 70 98 12 29 55 6 11 55 53 43 61 95 81 2 3 38 45 84 3 95 59 76 81 74 32 36 5 11 77 88 69 99 33 11 12 49 17 91 47 35 6 27 97 68 39 41 70 31 91 28 67 79 85 21 18 93 60 71 92 25 6 83 48 91 65 56 29 5 64 13 63 56 4 68 28 28 46 67 56 69 32 71 82 53 63 14 54 96 7 28 74 56 19 9 41 83 10 54 65
19 46 41 2 77 72 81 64 46 97 69 4 43 95 47 88 15 7 34 46 31 82 73 6 37 17 50 26 51 52 36 44 52 33 12 73 45 83 26 39 74 82 23 38 57 25 66 63 52 49 77 53 31 46 42 13 89 34 97 71 53 46 24 14 80 54 25 47 62 8 35 4 63 86 38 10 47 67 31 41 21 26 46 29 53 9 35 70 10 81 25 92 55 10 88 42 46 8 10 29 28 15 95 31 6 18 7 80 85 73 17 47 30 76 40 91 73 50 78 38 30 15 2 80 65 16 78 83 18 3 97 61 32 36 82 67 28 74 54 22 47 15 19 40 51 44 70 26 45 80 79 53 80 99 51 82 60 81 99 98 15 98 81 74 81 12 67 96 61 93 22 80 62 70 100 7 89 65 93 30 58 11 64 56 92 96 58 45 76 80 83 42 69 21 54 23 44 9 75 18 50 38 54 43 70 74 13 28 29 76 58 12 96 42 29 50 2 92 7 34 97 91 68 100 23 84 8 33 99 52 34 19 92 17 39 97 19 98 54 38 10
20 88 19 56 47 66 11 1 79 32 10 53 65 67 49 91 39 21 2 33 50 86 73 51 8 60 31 25 22 62 2 85 37 27 45 70 92 83 63 100 90 58 69 86 94 75 98 25 77 84 76 57 62 95 54 30 2 56 46 64 54 60 99 26 89 37 23 27 23 30 56 68 4 69 50 7 59 53 83 66 65 66 8 66 100 25 43 79 40 12 32 41 61 90 54 84 17 20 7 94 88 35 88 70 63 14 79 34 99 42 89 49 89 51 25 21 73 84 41 45 52 53 61 79 50 98 94 100 94 5 60 64 57 34 45 51 59 6 5 48 89 49 16 86 75 56 34 22 39 72 63 54 59 59 54 1 60 29 77 53 27 50 39 29 83 67 50 4 17 24 22 16 69 81 27 59 49 84 2 13 27 19 15 68 47 16 8 33 86 88 89 94 23 67 6 8 18 46 9 40 69 72 59 94 35 90 92 40 2 79 19 19 52 78 56 18 30 62 84 91 76 70 2 17 7 68 17 15 29 57 24 90 88 30 10 56 62 22 64 87 100
21 80 53 7 43 8 56 83 18 82 7 100 10 72 55 3 56 35 61 25 78 20 3 28 57 65 42 27 20 26 79 96 74 95 16 68 36 74 50 69 89 39 41 25 36 71 9 37 65 75 35 92 80 75 89 95 64 33 25 40 23 23 97 40 36 45 83 5 44 65 79 88 29 37 58 4 45 18 53 19 7 47 74 72 6 5 69 57 72 17 23 30 35 33 34 88 64 79 11 97 35 20 17 63 6 27 99 50 63 16 19 10 73 67 84 8 76 65 36 16 71 87 47 16 73 34 57 17 1 86 64 24 16 43 13 61 10 68 11 27 44 58 92 32 54 64 53 41 6 3 49 98 84 53 78 3 99 42 68 67 45 24 43 2 85 92 45 92 82 80 69 13 78 36 6 46 80 96 15 100 96 69 41 77 90 38 26 53 66 87 95 80 65 96 93 52 67 37 66 43 53 97 85 80 76 97 48 80 89 75 21 89 30 79 91 73 67 78 1 79 67 41 99 67 99 74 84 77 33 35 6 33 4 32 36 50 67 76 66 10 41
22 91 38 50 91 95 56 11 26 77 37 34 100 14 86 67 32 27 72 66 92 54 28 80 81 63 66 33 81 30 35 33 54 12 100 95 13 60 80 64 45 91 8 68 41 31 54 51 59 71 40 85 66 70 91 8 1 91 21 98 28 20 82 73 91 69 50 90 14 74 36 91 58 27 71 7 86 96 16 3 38 95 77 54 1 14 68 55 94 65 15 77 76 5 30 63 14 96 66 11 15 10 75 99 83 74 32 59 91 100 19 19 86 41 82 41 74 99 68 63 91 21 36 4 11 91 85 34 91 54 80 92 72 49 41 75 34 94 4 26 34 98 74 65 5 92 49 76 9 20 71 67 80 98 57 38 84 88 65 29 62 28 19 7 71 73 20 44 36 79 45 99 100 94 91 59 90 8 96 58 84 44 51 21 82 100 60 18 1 45 50 49 45 8 37 20 48 46 12 81 32 21 3 32 98 4 39 32 84 20 35 80 32 48 18 34 7 61 80 64 90 91 51 94 14 93 58 1 84 24 45 18 3 63 88 77 99 66 28 89 60
23 80 36 31 77 58 57 77 60 12 32 21 95 71 49 66 4 6 26 27 73 52 30 47 69 87 25 1 12 12 54 93 27 63 49 84 6 22 35 59 42 6 38 83 38 73 19 25 67 27 47 94 58 18 60 92 64 19 48 51 37 24 84 100 95 71 95 79 89 86 67 3 94 43 81 17 76 21 89 85 93 75 72 28 56 1 74 49 32 67 78 24 53 81 85 45 27 51 62 46 24 50 69 49 30 2 24 25 40 3 58 37 25 94 75 34 82 21 54 24 67 16 77 81 34 83 60 45 70 67 42 60 7 30 45 96 100 1 76 45 93 47 3 80 94 26 1 83 51 49 38 39 10 49 47 53 83 80 64 85 36 46 8 36 85 61 10 85 30 13 86 25 23 86 85 72 83 44 98 94 92 8 29 73 30 62 18 6 23 32 38 11 86 84 64 91 65 36 34 83 8 4 93 38 68 14 98 81 42 44 47 45 58 68 89 59 7 77 20 6 1 20 2 9 45 60 87 94 91 11 97 41 79 20 62 89 7 91 67 54 23
24 29 4 48 31 65 76 87 35 59 78 16 98 67 44 56 18 96 28 43 31 88 63 24 29 54 38 43 63 8 74 64 6 34 86 5 42 29 18 6 21 3 35 91 28 47 30 5 76 79 17 73 52 91 55 57 58 95 5 73 82 7 78 62 45 31 14 100 14 83 53 2 4 96 2 85 76 68 3 26 99 48 40 93 40 49 17 2 5 13 60 60 57 63 25 76 23 85 42 48 45 95 6 75 19 73 23 25 51 80 18 1 61 7 61 77 43 77 23 68 8 61 49 75 19 18 59 47 21 90 100 83 26 17 38 86 43 45 8 98 45 38 64 10 97 82 25 78 100 68 59 81 23 28 64 9 23 17 59 11 39 14 89 76 51 71 98 16 69 27 35 68 58 30 73 94 19 89 37 11 61 15 56 44 89 39 22 69 36 28 97 5 19 43 54 39 79 98 20 30 63 12 98 71 69 70 4 73 51 2 57 70 10 9 8 33 44 1 29 2 56 47 70 9 43 75 17 23 84 26 77 72 32 71 69 52 74 75 12 70 77
25 19 90 80 87 53 37 21 99 79 39 13 52 92 52 92 38 40 84 46 51 13 39 87 55 100 97 10 3 99 71 7 12 25 37 69 71 100 89 65 24 34 79 59 10 54 94 34 81 64 24 76 22 86 45 59 19 64 69 69 13 93 19 20 22 94 96 88 82 8 71 35 74 15 24 19 83 9 46 5 35 78 14 17 86 15 94 34 44 46 31 4 66 42 43 99 78 85 23 18 30 81 25 66 84 56 61 14 14 7 15 87 9 62 63 83 56 86 26 51 2 38 15 77 6 69 92 56 29 29 23 41 15 45 85 34 96 38 2 35 83 27 14 34 68 89 61 87 75 67 7 42 47 14 31 80 10 13 47 54 93 56 11 56 88 61 82 19 56 8 82 81 26 69 31 55 8 67 55 36 48 91 36 59 25 57 26 64 83 8 71 26 83 18 46 80 20 2 71 94 14 80 56 39 57 21 5 42 35 6 44 71 99 61 64 12 55 74 37 100 22 15 41 29 17 75 27 71 62 86 97 97 72 43 50 38 40 30 68 75 38
26 9 80 35 6 21 36 12 20 50 61 46 72 31 39 85 68 35 76 93 94 53 47 8 7 10 94 72 45 74 67 85 97 29 60 3 94 74 29 39 68 1 100 91 71 47 14 64 77 45 22 5 30 37 76 46 56 71 67 75 53 8 10 44 62 9 8 12 84 78 80 51 100 15 21 99 10 89 65 72 83 49 46 88 97 26 48 83 31 12 82 72 14 84 15 68 2 51 12 49 43 61 87 34 84 4 97 9 48 63 9 78 94 73 47 89 35 4 75 19 9 18 18 65 73 70 4 55 63 62 52 64 36 19 91 38 79 11 23 89 42 31 48 86 49 61 47 34 65 13 45 45 48 86 87 4 2 73 91 64 45 44 71 1 98 95 35 7 23 57 48 58 78 41 58 93 57 52 91 88 65 28 13 69 45 12 52 11 11 57 7 7 100 85 70 89 50 74 82 56 86 24 6 91 23 14 85 57 74 90 57 45 73 28 39 38 17 29 14 15 48 70 40 36 21 51 3 76 89 70 53 57 4 85 11 78 16 8 59 69 77
27 49 76 94 85 66 41 21 62 65 30 73 70 74 56 56 97 6 76 79 83 51 28 28 96 2 20 30 64 79 100 98 7 69 55 68 82 39 68 28 25 9 20 74 47 10 95 29 89 57 11 53 41 53 62 99 82 63 17 50 74 39 42 37 91 82 25 79 73 88 51 14 52 31 78 86 6 47 32 44 79 84 86 47 29 17 88 65 19 31 40 74 19 37 8 78 69 9 12 19 2 47 9 53 90 99 61 16 55 1 58 27 72 85 66 84 90 63 35 65 22 2 22 33 51 74 94 30 74 55 17 91 36 26 22 48 59 94 62 47 79 29 65 47 46 35 44 22 61 85 84 31 22 83 9 89 95 94 80 39 14 47 99 19 31 74 66 43 91 35 5 45 58 43 31 9 9 69 20 83 13 62 93 12 59 86 9 92 10 36 59 14 69 45 29 5 29 57 82 8 49 88 40 64 67 3 85 15 11 45 65 31 42 77 14 72 96 61 29 33 38 52 37 40 99 2 37 21 66 59 94 64 63 55 21 91 34 33 53 67 46
28 53 59 75 71 81 61 33 32 72 67 64 11 28 35 28 64 62 57 79 84 28 60 7 14 28 65 27 14 72 79 5 11 88 55 1 1 56 58 23 80 99 99 66 16 69 90 35 65 98 51 32 3 30 17 10 23 1 91 65 52 70 61 71 89 51 82 72 60 41 23 81 91 68 13 95 6 30 93 13 1 9 10 77 41 61 27 94 25 1 32 69 9 82 65 75 15 85 58 33 72 69 13 77 24 3 76 23 55 63 24 52 60 16 14 63 14 65 89 31 83 46 75 31 73 56 73 47 74 72 28 20 16 59 33 30 21 83 13 17 8 99 3 51 43 26 10 86 11 67 1 34 7 35 77 48 17 8 12 17 39 16 21 34 98 31 7 99 76 24 71 26 27 71 97 97 31 100 29 13 73 1 60 16 28 91 66 9 10 13 3 16 82 62 87 70 83 32 36 52 82 24 67 83 66 31 35 85 33 24 97 4 93 25 55 39 4 94 15 77 41 43 13 12 86 22 58 47 24 69 69 6 8 31 74 25 53 62 38 20 83
29 98 56 88 59 20 40 61 34 21 80 100 96 42 31 19 46 73 83 23 27 37 15 87 62 49 16 30 75 34 99 32 46 31 83 40 15 49 10 41 1 86 46 25 56 68 78 63 2 60 82 72 82 34 98 42 45 40 94 37 87 67 96 65 36 29 84 14 95 41 24 48 83 18 74 6 82 69 20 45 48 51 10 87 11 92 25 34 2 87 40 28 57 81 9 96 28 7 31 2 73 50 24 31 71 56 12 5 40 86 89 45 68 73 6 79 85 7 9 68 97 72 38 78 84 84 37 56 88 9 6 80 100 98 11 64 18 100 11 58 38 93 42 72 94 8 2 89 41 72 18 53 13 39 60 69 49 56 28 1 43 29 85 68 93 23 13 94 12 13 20 98 13 66 62 72 80 63 15 39 75 100 64 61 57 100 26 67 1 54 88 13 98 44 63 58 86 58 68 31 27 100 2 14 89 92 93 99 82 14 49 3 8 28 58 79 46 91 17 24 22 72 38 5 87 57 78 70 9 98 33 50 10 40 17 83 89 74 81 63 43
30 22 75 78 32 100 55 85 23 49 65 8 95 47 79 45 42 91 68 81 79 89 63 31 20 66 83 5 74 96 77 96 1 82 44 99 15 91 2 89 67 81 6 39 77 91 45 14 25 10 18 1 18 95 85 43 22 43 37 37 6 63 22 14 25 29 87 81 91 13 76 95 9 49 16 91 76 67 55 66 90 62 78 95 15 12 7 3 42 47 71 29 45 34 29 75 95 42 89 14 95 94 98 21 46 14 12 69 31 87 86 63 29 53 83 80 42 84 85 73 76 77 53 25 71 70 80 32 56 97 8 25 33 48 62 65 6 29 60 50 97 53 21 24 46 38 6 8 90 13 21 7 56 12 26 78 7 48 31 55 52 74 17 51 85 41 86 1 60 65 33 31 50 67 27 78 63 44 38 58 63 73 32 94 40 24 71 61 16 45 31 22 34 36 9 80 69 92 54 97 26 42 53 100 58 42 58 29 92 16 77 85 24 58 85 62 19 54 58 6 88 52 12 3 11 5 33 72 62 8 27 17 46 50 21 51 76 36 55 29 90
31 71 35 69 78 27 60 47 34 70 89 90 19 37 79 99 78 37 75 7 69 65 98 36 46 39 26 17 37 40 57 34 30 25 86 43 54 69 3 53 96 11 44 37 78 2 34 81 32 74 9 9 87 83 47 22 12 89 77 92 68 75 98 53 19 10 8 89 90 95 11 29 42 40 42 47 93 6 92 44 93 60 21 9 48 22 55 28 83 19 49 22 8 23 98 60 91 2 95 41 100 97 21 71 54 48 31 28 65 45 4 49 89 67 46 19 99 10 32 27 55 57 14 29 56 26 70 70 99 64 37 46 63 26 3 24 82 58 55 47 22 57 58 76 17 55 7 76 10 96 36 46 42 17 66 89 10 44 48 15 49 7 56 100 61 22 18 65 73 36 52 58 27 43 37 68 89 17 3 61 99 29 75 20 63 66 49 71 56 57 42 71 72 19 48 58 54 92 1 54 11 64 76 89 19 72 17 19 61 89 76 65 82 44 44 82 61 99 62 64 3 61 72 99 21 21 73 53 35 19 11 3 31 80 73 36 27 48 50 81 16
32 46 17 48 92 2 11 8 64 33 43 14 96 19 2 36 33 15 1 33 71 56 8 80 61 59 100 89 80 13 62 59 11 40 22 65 9 41 73 3 32 67 44 64 19 1 48 84 2 12 92 90 77 3 17 100 77 19 42 86 98 5 21 23 43 73 47 42 77 64 49 58 81 59 53 58 81 23 83 31 56 48 32 71 39 13 4 16 38 49 9 87 76 22 97 1 67 63 35 59 16 76 42 91 10 99 80 80 45 84 19 81 80 43 86 45 9 23 57 80 34 53 37 25 46 87 25 76 81 9 100 42 81 24 64 90 41 27 90 14 14 79 25 77 12 65 78 13 31 14 68 13 73 58 43 77 50 21 5 5 92 90 37 13 13 37 43 5 96 92 31 38 4 58 62 86 16 7 88 49 42 99 62 16 50 70 69 62 46 62 35 38 38 15 100 100 82 82 45 77 80 26 16 61 32 53 54 75 13 23 81 96 41 20 50 41 32 22 39 52 29 27 90 57 72 27 80 64 27 79 32 37 83 38 97 16 48 62 57 8 39
33 90 76 76 2 3 26 86 92 9 55 44 44 2 68 30 14 76 37 21 35 63 30 90 15 64 89 41 45 35 71 81 57 96 44 63 37 47 15 70 25 72 62 88 7 59 75 36 6 26 74 52 46 11 97 20 54 86 55 64 1 41 76 77 40 22 77 92 84 77 10 22 60 77 20 74 83 26 86 86 5 35 57 37 74 72 91 80 64 73 62 82 67 35 23 68 39 58 9 88 64 98 85 48 81 45 64 42 28 84 35 16 13 27 97 96 56 99 91 67 75 66 12 50 63 65 87 73 2 31 34 88 35 45 97 55 18 33 25 6 80 74 44 89 26 94 41 2 20 40 21 11 59 93 52 13 91 8 56 33 99 4 20 97 59 57 30 10 58 82 84 43 49 42 12 72 33 86 30 86 41 38 87 26 42 92 9 11 52 88 39 91 42 31 48 63 98 67 38 25 60 72 93 18 48 42 51 6 14 53 2 87 81 6 86 94 93 28 73 50 85 88 11 99 25 35 6 46 72 18 42 67 70 5 19 48 56 51 78 49 95
34 39 12 74 76 6 16 41 15 39 77 54 71 88 44 14 20 18 87 48 4 18 75 4 49 62 12 36 12 95 29 80 29 35 34 8 13 29 28 90 39 22 7 88 40 63 94 69 97 34 89 58 30 74 99 49 19 30 61 76 81 24 13 29 20 79 30 93 94 98 45 34 74 34 36 35 38 70 82 54 25 87 90 27 93 88 8 67 9 21 79 17 61 2 69 9 96 83 11 79 99 38 10 84 24 34 91 8 86 45 33 67 90 61 64 31 96 5 91 58 61 14 41 72 25 34 45 76 57 11 60 48 43 36 100 28 35 61 1 85 46 84 44 33 19 24 41 3 14 57 93 32 83 2 53 75 54 80 40 76 73 77 82 93 58 54 89 86 48 11 90 58 30 73 76 79 6 62 75 20 98 99 4 13 27 94 87 40 18 64 40 86 45 25 30 34 41 56 68 71 53 18 91 57 40 61 72 100 23 77 92 9 52 89 37 51 45 90 51 44 10 76 85 97 51 92 23 6 10 12 79 36 78 23 88 37 83 86 18 49 42
35 81 49 55 49 88 54 27 75 34 53 90 37 10 85 35 95 40 91 26 44 48 69 47 88 79 29 41 30 89 21 39 52 49 47 68 75 32 59 34 68 97 93 85 79 45 3 97 90 94 83 4 18 2 79 98 13 48 37 5 4 9 94 99 34 35 46 96 60 59 9 90 35 55 8 23 68 18 57 45 19 93 43 59 98 89 4 96 72 41 74 74 35 26 24 22 42 55 55 11 25 69 64 88 21 64 15 64 86 96 5 61 36 23 100 22 34 57 26 51 82 19 87 99 61 83 55 13 84 19 58 23 39 92 76 100 29 1 65 20 49 91 67 79 66 62 93 69 14 35 42 95 43 39 80 51 73 49 32 81 8 98 97 69 40 23 20 30 33 81 21 75 2 29 60 16 7 77 8 35 21 42 1 25 20 70 83 73 30 55 14 71 7 41 64 46 84 5 45 40 73 68 46 8 63 45 85 12 1 77 89 9 83 64 38 55 44 61 92 11 17 55 38 41 20 100 3 92 5 61 27 8 8 95 25 12 27 36 7 62 40
36 78 93 43 36 78 58 97 56 85 63 44 96 86 80 21 56 26 38 84 14 2 27 95 5 28 49 8 66 24 94 10 90 72 89 65 30 89 49 20 37 9 56 13 60 70 37 8 14 79 63 91 43 8 29 53 48 19 90 17 44 59 19 5 46 98 19 26 45 51 14 43 68 17 46 68 39 59 23 100 70 8 16 8 63 10 53 82 37 71 58 23 47 57 75 94 49 15 70 81 26 78 97 11 11 18 19 46 41 89 90 65 88 30 22 28 77 100 63 49 99 14 5 1 26 95 8 80 59 15 45 43 89 87 77 17 57 20 31 21 97 5 93 80 50 97 76 51 12 84 79 9 51 92 44 53 97 88 14 89 24 64 44 92 52 15 93 62 80 21 54 25 37 91 93 96 47 61 51 3 97 40 12 25 19 87 29 3 50 78 9 62 81 53 81 65 92 29 65 42 54 38 21 63 76 53 27 31 4 100 83 2 5 19 16 72 73 59 73 3 91 43 14 1 84 39 23 59 93 22 9 5 5 13 57 41 41 47 71 70 29
37 100 12 84 73 31 52 64 15 47 38 66 45 51 20 96 25 44 60 55 57 34 12 56 82 9 6 82 12 1 71 28 12 48 77 45 15 80 29 69 100 57 15 4 56 97 77 89 2 13 82 12 41 22 79 16 28 45 32 92 85 38 96 61 58 88 48 44 94 86 9 98 20 86 22 14 23 54 41 98 5 81 95 99 13 5 43 73 48 52 11 54 33 23 21 50 56 8 27 26 20 18 44 98 65 24 20 32 12 57 66 53 91 84 68 7 48 71 91 49 47 84 4 23 81 6 75 84 17 77 10 90 26 20 49 48 77 21 5 62 6 55 12 4 18 97 34 2 33 25 99 45 5 5 90 64 6 100 59 25 73 15 64 41 5 94 28 69 21 27 69 89 51 76 86 38 14 19 40 72 37 86 76 5 43 78 55 6 1 1 52 96 18 68 73 19 78 10 66 60 19 25 5 35 63 49 53 17 36 50 13 16 4 7 20 97 90 29 13 72 8 76 38 78 85 100 26 23 61 59 69 11 51 69 37 28 83 21 86 41 80
38 4 48 52 74 2 38 3 60 72 82 38 91 74 37 95 43 35 17 52 95 26 56 40 37 16 81 36 9 79 87 30 70 90 20 31 72 49 89 93 72 68 84 60 85 96 77 55 99 48 28 100 56 76 75 5 6 50 58 18 92 1 17 17 16 44 11 20 90 46 64 58 8 13 32 81 46 49 67 78 70 81 42 8 28 48 17 16 64 80 69 2 22 14 20 18 70 25 55 12 33 38 45 58 73 92 47 83 6 99 19 60 77 32 76 30 82 37 60 35 26 58 16 84 41 51 85 80 19 9 76 72 91 72 67 13 99 24 51 20 85 84 3 99 47 50 96 7 80 84 49 43 29 24 74 54 44 21 9 5 84 91 82 43 28 45 33 62 34 49 64 82 95 31 14 40 42 6 74 88 56 32 29 99 42 9 81 15 19 72 100 10 52 14 7 6 51 94 76 80 34 81 34 69 51 33 59 17 35 100 95 71 81 81 9 34 86 9 92 25 56 37 22 52 18 71 78 51 10 70 72 90 67 71 19 64 45 75 47 46 9
39 45 39 34 34 58 43 66 9 95 100 24 54 52 93 37 27 64 17 54 82 61 95 78 43 37 37 19 44 11 78 87 80 60 65 1 36 78 96 37 94 69 41 82 15 34 22 92 92 32 18 2 63 63 71 35 80 77 26 22 2 15 94 95 12 36 18 54 10 86 35 79 33 43 55 7 19 47 95 8 50 21 64 84 46 19 28 9 8 46 61 81 86 38 38 40 70 12 22 65 47 88 71 6 37 74 71 87 36 89 5 84 78 35 21 52 21 8 49 89 84 17 34 95 70 75 41 26 36 40 30 9 63 53 40 30 78 90 6 25 26 8 86 83 96 75 1 37 2 43 61 82 81 26 72 57 79 58 81 56 53 60 6 25 36 63 1 26 39 71 19 38 19 72 72 95 26 4 75 90 13 53 22 63 41 55 55 68 11 30 63 26 74 17 98 63 50 24 58 63 98 56 64 27 9 84 92 77 64 97 10 81 37 99 65 33 51 26 93 24 28 4 60 51 22 8 31 1 25 80 85 56 7 62 39 94 3 30 38 77 91
40 78 95 41 26 8 68 48 11 68 72 10 41 81 91 27 68 63 73 8 54 88 49 86 27 31 41 98 33 60 23 36 96 57 89 51 48 16 52 87 84 7 21 44 37 5 81 71 100 21 57 82 67 2 45 66 38 27 84 75 98 47 36 92 87 76 66 57 85 42 69 89 81 51 53 34 81 80 15 100 88 27 63 49 44 35 5 20 33 97 87 91 80 23 99 84 17 29 27 12 49 25 55 79 34 67 49 7 76 9 62 38 40 33 14 82 86 43 73 98 31 24 70 61 22 8 36 72 60 61 88 77 22 2 58 75 25 49 88 49 44 87 34 14 51 99 76 8 1 13 23 1 16 45 51 45 54 10 59 97 9 24 40 24 29 46 84 14 59 73 5 83 49 12 52 55 47 16 48 72 32 90 31 40 38 78 64 90 10 27 20 71 29 62 48 26 72 67 22 59 82 22 88 56 64 10 6 23 23 70 71 85 48 67 56 78 74 67 54 93 79 31 71 3 33 54 99 25 21 47 55 43 69 11 81 88 53 38 50 25 59
41 61 79 52 13 30 9 43 71 98 73 9 56 27 40 10 54 27 3 95 20 72 82 84 96 46 51 94 7 93 93 90 38 17 23 80 79 13 42 17 38 4 15 73 46 95 35 58 73 73 3 36 100 64 66 76 26 69 31 55 8 70 28 31 6 46 55 89 95 83 7 5 27 6 47 66 24 41 88 68 60 47 70 99 43 54 39 14 71 4 61 17 60 15 35 76 42 56 58 72 30 43 83 14 79 97 35 49 47 95 84 27 27 30 48 78 42 21 99 17 21 100 24 35 44 41 41 81 82 4 67 48 32 27 13 51 74 56 70 41 88 73 93 68 23 61 89 46 25 100 98 59 65 6 48 9 37 88 70 95 94 20 13 78 39 4 82 11 79 44 28 40 21 57 23 27 82 1 98 55 49 35 4 6 80 1 8 70 75 50 21 88 3 86 65 10 15 90 68 6 41 8 80 82 46 54 93 99 27 96 51 18 46 89 55 28 54 42 79 59 89 22 63 64 26 61 59 90 31 44 84 90 53 56 30 19 13 35 46 41 52
42 66 88 97 22 6 74 78 7 88 73 1 82 85 30 72 42 83 60 92 58 1 88 6 46 57 39 9 25 33 64 18 95 66 42 53 60 97 63 34 50 98 48 49 74 78 7 88 67 98 34 84 47 66 74 44 87 91 55 27 18 55 8 94 97 25 69 96 52 86 41 1 33 4 92 55 10 62 10 70 100 97 19 10 47 51 29 76 13 46 38 31 55 83 32 95 31 90 44 20 93 16 28 14 67 79 35 78 16 28 19 96 92 43 4 76 84 94 97 86 23 13 63 31 25 6 7 82 82 55 44 62 81 88 74 89 19 21 22 35 9 21 87 30 46 64 9 99 63 30 31 9 71 17 77 21 32 7 81 53 1 62 75 94 13 19 45 4 1 70 24 5 4 64 37 28 96 9 6 4 99 99 89 7 92 23 46 25 19 80 76 96 46 16 47 1 96 25 65 17 2 43 56 42 61 91 58 39 97 74 40 18 13 27 95 68 66 65 60 31 82 56 100 1 73 93 47 36 49 68 45 8 77 7 24 92 75 93 8 60 59
43 31 60 27 66 14 36 82 61 52 71 92 45 29 15 56 4 5 22 12 31 80 39 37 91 14 19 79 44 17 46 60 90 3 82 3 38 41 80 18 91 5 24 67 30 53 55 50 7 43 34 81 36 55 61 45 63 47 73 64 94 96 71 26 77 44 82 50 78 50 43 7 98 9 59 39 20 30 20 39 86 75 83 44 22 12 56 87 13 44 60 70 100 73 67 31 13 67 44 69 81 27 51 7 17 51 81 90 47 15 7 32 57 33 77 47 95 78 46 91 68 48 11 46 26 10 45 23 77 12 37 100 78 6 97 98 32 79 91 15 97 85 56 49 76 100 85 100 22 74 28 53 82 94 59 33 39 44 96 81 32 45 49 86 17 51 79 89 88 55 97 11 2 73 100 3 72 100 5 85 17 86 36 14 23 40 21 81 1 52 98 26 16 66 13 15 81 97 84 24 50 62 80 22 42 89 98 63 92 3 8 47 35 80 29 46 39 52 82 35 17 47 91 30 85 72 32 36 24 86 29 23 29 88 13 27 45 100 91 27 48
44 85 4 86 74 74 97 32 18 3 37 93 29 13 36 66 3 15 40 94 82 35 24 30 79 40 34 60 99 31 45 21 93 50 40 33 9 39 26 33 37 39 23 95 52 86 93 33 46 42 93 58 89 27 10 36 78 99 57 14 44 100 37 72 72 67 38 100 69 55 56 6 90 38 94 79 73 5 67 85 13 18 85 49 58 86 15 34 85 88 84 48 18 83 79 42 12 60 52 86 71 77 16 86 58 56 76 62 58 98 7 46 73 45 72 38 49 1 46 97 24 31 17 62 67 71 13 36 87 99 80 100 21 51 95 93 87 28 66 54 61 97 48 10 48 74 52 53 72 91 20 13 37 33 90 76 53 12 77 49 56 70 63 55 1 69 30 98 49 5 33 79 20 30 35 55 27 77 18 1 82 76 68 5 40 80 3 14 14 31 34 86 49 13 22 79 68 41 51 95 50 25 57 76 29 67 33 12 40 44 96 97 57 36 23 99 82 52 18 62 75 20 82 32 27 74 54 29 95 64 41 25 7 81 23 5 53 78 14 92 91
45 54 6 94 15 78 46 40 80 95 24 33 83 9 39 56 3 3 64 63 68 30 28 14 7 63 22 58 7 23 12 11 25 25 45 24 52 94 96 94 62 87 80 38 44 9 27 80 22 44 79 79 65 16 89 39 69 28 41 90 67 94 86 29 28 26 89 51 61 80 59 19 21 11 90 52 23 35 88 78 71 97 67 50 51 31 14 6 13 18 14 41 71 22 45 99 98 32 87 15 13 66 45 89 78 50 7 89 14 11 35 24 38 20 77 44 83 44 8 17 7 89 68 7 45 3 69 35 74 21 32 25 67 91 69 87 61 70 9 55 59 57 35 68 68 51 75 24 24 80 61 38 25 92 97 52 4 88 65 13 4 40 50 31 48 20 14 26 78 42 27 98 8 28 88 94 80 56 88 52 77 91 61 38 9 38 74 27 64 18 79 62 12 97 25 84 69 93 51 75 96 66 31 18 71 55 73 10 80 68 76 52 17 55 43 6 60 38 47 44 67 25 31 69 27 54 8 97 6 53 87 4 55 44 69 100 49 2 89 95 34
46 35 40 73 75 19 90 35 28 69 12 99 57 31 45 43 98 49 96 93 43 36 20 1 35 80 73 63 43 66 9 53 44 21 82 42 54 74 34 34 32 87 88 5 78 52 5 2 92 17 60 80 8 89 15 44 5 23 57 70 62 27 53 18 3 48 63 71 36 7 29 42 92 82 50 87 40 20 98 64 54 88 17 90 1 72 84 95 7 88 85 47 66 42 24 54 87 12 7 58 95 62 96 12 95 42 81 67 50 79 56 55 14 36 45 92 57 100 46 70 53 95 71 40 34 20 36 83 98 13 26 30 4 3 56 15 34 8 51 100 4 64 87 1 4 89 52 49 39 81 41 25 14 21 18 9 17 94 60 24 8 14 27 7 33 80 63 18 20 5 24 71 66 79 78 2 86 29 94 58 48 15 63 100 18 30 80 30 39 64 92 97 50 10 58 14 17 59 30 30 37 71 21 74 90 46 51 40 74 31 54 11 75 31 94 29 25 89 98 32 1 21 24 80 65 66 44 63 54 67 22 9 33 70 3 56 3 98 20 9 42
47 18 55 97 82 87 59 97 51 44 85 92 46 84 1 52 84 43 28 2 50 75 96 97 49 43 26 84 78 28 96 38 13 53 83 25 21 1 99 44 47 28 34 10 18 56 35 36 97 80 91 50 41 21 39 6 66 57 32 30 66 31 16 29 50 3 46 15 21 54 37 100 63 35 89 43 51 25 84 98 2 2 7 55 28 48 4 44 59 21 52 21 79 61 100 48 18 62 1 23 38 1 29 99 39 46 57 42 33 24 54 58 65 37 2 28 37 52 20 88 57 1 49 93 84 93 93 61 32 86 41 13 88 81 21 38 18 15 51 86 68 2 23 40 86 92 38 66 66 64 55 70 3 43 11 13 62 89 10 87 91 23 70 47 40 82 9 100 5 46 95 35 2 11 74 62 60 7 18 75 12 51 98 25 69 43 85 89 9 60 35 36 50 80 82 5 95 80 3 31 40 91 75 97 86 16 70 7 29 92 47 46 98 13 90 77 85 84 24 26 14 61 85 88 71 41 40 66 22 83 76 30 46 40 4 35 78 50 66 68 29
48 45 53 43 36 83 17 33 50 26 28 79 89 66 33 13 38 68 17 2 70 47 44 53 26 52 41 18 35 30 5 95 52 48 16 80 50 92 89 35 16 80 3 20 97 61 5 43 94 94 5 90 32 31 36 59 62 82 44 80 3 47 60 80 99 26 97 34 15 7 15 74 3 40 68 13 32 48 59 84 97 99 67 88 9 21 62 65 60 85 18 46 29 74 43 98 13 62 90 28 19 31 63 98 25 50 57 9 86 90 2 39 35 70 70 76 2 29 84 52 25 94 23 78 33 65 26 100 58 29 84 7 8 69 47 11 81 22 42 78 45 73 68 80 59 65 84 85 81 23 5 12 39 72 66 56 52 89 72 99 100 68 62 18 28 34 71 41 79 30 55 41 14 15 24 64 44 29 34 53 100 66 83 93 50 53 33 80 75 59 39 86 40 8 33 58 70 66 85 92 68 75 37 96 79 70 42 45 28 58 96 22 45 58 8 47 40 74 88 15 51 82 29 85 91 12 90 87 6 40 4 47 18 38 40 1 100 16 60 25 7
49 92 98 39 6 21 20 31 77 75 53 68 48 36 4 69 86 35 23 79 93 11 15 77 46 47 44 44 90 8 100 74 66 99 25 76 54 84 89 47 43 1 6 66 40 53 55 8 30 47 87 28 97 98 75 84 64 43 17 30 69 36 67 29 53 62 90 81 97 16 19 3 5 50 84 9 62 92 60 67 23 8 26 73 23 46 58 3 37 55 40 76 81 14 77 31 14 82 80 33 78 11 30 63 91 53 11 4 5 98 16 6 100 89 29 66 49 53 85 97 80 9 23 82 24 15 22 66 54 60 87 71 80 43 81 46 55 69 52 90 56 2 66 73 3 65 7 31 26 17 34 26 19 30 90 2 91 99 68 57 76 90 100 52 9 37 7 86 49 59 18 56 68 19 90 7 87 46 42 27 40 11 34 25 39 83 38 7 11 1 78 2 85 72 4 63 94 76 71 39 8 17 56 30 88 17 15 81 10 11 49 3 64 25 41 56 89 32 4 23 81 11 58 15 78 89 75 68 61 98 6 51 26 77 94 21 5 76 32 64 73
50 78 99 83 18 68 47 17 11 76 14 73 8 21 31 46 71 74 27 20 89 51 42 12 60 78 30 38 30 52 15 79 26 22 74 55 37 58 88 46 58 93 6 82 99 26 72 72 35 74 50 1 89 49 27 57 42 45 46 9 78 37 85 34 56 12 80 48 48 4 53 97 91 38 87 26 4 73 82 29 40 74 2 97 30 82 51 73 22 7 87 63 90 68 81 21 21 7 89 69 45 99 53 88 99 59 20 73 41 73 39 18 89 9 67 96 75 4 7 33 5 41 21 74 92 94 91 82 41 99 32 67 76 55 26 13 32 66 33 38 78 22 34 52 13 21 100 5 39 37 35 46 37 53 55 93 15 99 38 96 41 43 97 88 40 45 61 68 38 89 88 25 34 18 63 59 9 20 89 79 7 79 22 70 47 4 73 80 22 18 91 54 71 77 3 9 95 81 28 49 91 85 8 3 70 4 19 79 100 14 40 64 41 58 78 95 81 72 3 80 28 13 66 42 43 51 43 45 73 92 52 71 25 9 59 84 68 9 95 10 68
51 75 61 42 79 41 93 3 4 19 82 38 7 2 44 27 16 51 28 56 83 10 43 89 74 99 37 71 91 81 86 20 20 8 42 85 56 43 36 38 36 73 42 96 37 17 89 52 24 73 64 64 55 100 11 59 77 43 88 8 32 12 50 34 31 23 96 54 50 67 33 43 40 24 29 78 82 15 92 22 83 85 98 71 60 67 81 35 32 15 87 51 76 71 94 7 48 83 37 99 88 64 72 9 73 29 53 18 92 9 6 26 72 3 92 10 78 100 54 100 43 84 55 52 49 26 1 9 72 92 12 77 22 95 72 17 36 52 20 61 55 98 91 29 71 69 44 34 98 61 17 86 53 82 51 1 65 66 91 20 76 18 36 56 41 54 56 46 50 9 61 94 19 90 18 30 24 30 2 12 2 49 47 46 8 11 13 89 50 8 20 77 40 2 81 6 67 76 53 44 11 90 93 20 32 72 42 14 73 14 50 58 57 36 78 36 55 34 80 36 7 64 71 58 51 23 1 95 54 35 58 43 42 79 17 53 31 31 88 63 14
52 76 19 4 84 21 88 18 47 86 80 95 86 20 62 23 81 33 56 53 64 76 58 22 87 16 2 21 26 71 9 36 17 48 29 48 87 16 95 47 77 51 55 98 8 26 8 83 5 50 76 62 47 21 74 81 18 58 46 7 19 19 14 6 90 26 89 49 95 69 20 22 3 85 83 43 21 87 33 81 13 50 66 4 53 48 56 8 84 8 84 77 40 59 11 92 32 57 42 12 71 11 85 24 60 44 44 80 55 13 65 40 11 92 72 37 47 74 88 86 43 22 36 39 5 98 54 42 48 19 97 25 76 61 63 96 49 26 45 49 55 92 16 87 26 77 89 43 63 55 29 73 20 77 75 38 99 59 67 52 44 38 63 94 55 65 38 30 56 28 24 80 96 53 98 54 29 1 50 6 49 70 81 80 4 61 100 1 60 64 84 45 46 68 29 40 31 26 72 60 28 7 18 16 18 82 74 95 88 43 48 65 88 60 58 35 30 44 6 98 79 85 3 8 9 36 94 6 92 72 8 42 47 53 46 26 61 52 60 58 71
53 29 38 17 54 71 73 42 35 47 97 89 28 56 35 33 2 19 40 52 49 52 4 47 12 37 39 89 84 47 4 95 73 48 72 13 34 88 48 55 16 49 13 11 78 40 29 71 91 92 41 100 7 15 88 70 17 37 73 86 16 2 76 99 95 50 25 19 32 72 41 6 96 82 31 60 31 22 65 76 2 63 83 65 94 99 31 20 19 79 37 86 20 12 77 59 4 72 11 38 67 66 72 8 14 79 57 68 61 6 85 41 86 100 25 28 79 21 21 36 95 13 77 48 65 80 33 92 37 78 50 41 47 41 68 43 25 80 90 31 35 94 99 69 52 52 69 79 94 3 60 38 23 44 45 10 89 73 17 38 12 96 41 28 96 48 69 76 96 96 86 3 72 78 84 55 65 37 53 98 55 14 83 46 52 20 17 68 36 46 40 9 75 16 60 29 70 100 84 77 70 8 57 42 69 45 36 24 90 11 97 11 44 40 55 71 38 76 91 37 29 21 94 14 21 37 69 25 6 11 94 95 59 11 83 18 81 6 63 49 16
54 56 9 23 6 85 94 92 37 27 99 66 44 75 25 90 96 80 65 48 45 70 36 91 60 25 95 72 51 72 67 19 4 79 17 76 35 66 64 90 83 20 90 89 61 40 100 54 68 31 93 30 93 43 84 51 48 81 29 38 53 18 96 65 24 49 47 29 56 37 26 27 23 73 94 95 15 92 6 90 88 35 24 40 63 29 39 20 30 74 85 97 58 5 90 73 49 4 24 18 91 11 29 12 75 68 8 73 60 75 38 2 60 2 53 59 74 97 48 17 95 41 89 85 100 99 27 94 7 38 36 53 12 54 97 31 77 12 45 10 73 41 13 98 4 78 45 89 55 92 69 61 69 91 55 76 20 9 5 81 45 51 46 43 23 98 22 43 84 61 77 86 59 45 5 91 45 57 41 43 31 43 67 3 75 15 18 19 98 53 58 88 89 69 73 1 84 85 32 53 74 38 98 16 98 29 41 14 36 65 64 70 80 50 10 28 76 97 47 51 42 81 21 63 32 74 67 30 25 79 33 75 8 33 23 1 16 21 96 67 5
55 51 22 96 96 81 80 68 86 90 76 6 96 38 92 48 33 34 86 21 79 21 75 46 61 68 80 89 39 52 20 48 7 25 60 80 94 62 75 61 93 3 22 66 41 85 51 87 75 7 27 17 57 98 91 88 48 91 40 4 11 91 57 59 45 46 24 49 65 48 70 64 68 76 43 40 96 69 60 43 42 32 73 28 8 37 19 61 45 17 74 69 85 93 38 65 11 81 31 2 66 67 59 40 67 100 32 59 97 66 92 74 21 84 82 24 78 54 50 87 38 9 81 29 79 80 67 17 99 17 100 81 41 77 60 24 82 13 27 61 1 33 2 27 24 52 29 33 59 41 10 89 31 63 92 49 92 73 16 92 81 68 61 55 86 19 62 63 27 21 26 92 13 5 12 58 81 95 87 75 11 6 14 8 85 29 95 89 70 96 79 84 82 80 30 84 98 97 93 19 54 96 78 66 84 53 77 42 88 34 49 81 63 71 79 98 18 10 67 72 52 76 7 63 64 98 54 51 100 96 65 12 76 57 14 52 50 88 63 7 89
56 8 16 55 36 63 11 79 64 5 86 35 66 23 74 54 80 97 81 88 85 44 95 78 16 93 85 42 20 53 25 48 47 51 46 22 43 61 54 16 65 24 34 6 63 97 63 80 33 3 46 14 14 41 19 38 82 31 93 64 10 44 12 66 38 35 58 93 59 8 88 70 88 2 81 43 29 42 80 74 96 55 22 14 55 57 34 57 55 79 91 65 92 1 95 24 82 7 83 5 29 50 31 9 93 3 54 99 78 75 45 50 26 1 61 24 23 23 30 8 22 82 37 81 38 49 69 70 69 79 22 79 3 12 20 79 89 56 46 17 61 51 66 60 35 27 5 85 58 75 83 77 33 56 81 86 39 10 34 22 35 72 49 57 21 21 46 40 33 4 20 6 37 17 3 96 81 57 3 93 50 67 89 49 88 1 75 25 75 69 31 36 93 78 70 87 74 19 69 16 64 58 47 100 82 35 80 28 81 57 4 30 2 31 36 94 71 73 30 37 76 1 4 32 60 87 35 79 17 11 59 86 59 68 4 1 96 1 43 35 8
57 71 3 6 50 33 21 82 51 39 13 45 5 97 66 42 59 94 26 78 3 31 99 69 95 7 69 96 72 93 98 9 1 90 86 49 17 12 63 57 46 24 3 6 1 33 40 31 4 4 73 6 48 92 19 52 49 40 47 90 1 65 83 75 87 90 37 83 52 26 1 95 34 16 45 25 88 56 33 23 42 8 96 41 27 49 71 46 100 73 19 81 53 99 53 5 5 56 57 60 57 46 91 55 71 35 85 28 97 55 1 61 20 86 97 80 37 60 10 92 82 66 31 83 77 66 78 60 41 10 3 57 79 63 44 3 13 28 70 88 72 49 18 59 11 69 24 78 16 43 26 14 22 71 32 93 100 57 61 13 85 71 68 62 71 69 88 84 53 65 81 75 55 78 27 4 59 74 85 37 98 94 10 81 45 45 98 70 91 71 28 60 98 14 46 99 61 23 75 80 93 85 55 27 72 40 64 65 67 25 90 80 60 58 61 81 72 36 66 88 29 22 6 6 7 68 49 29 40 28 44 73 63 44 36 63 73 5 60 61 60
58 19 70 5 90 92 15 90 62 50 49 14 32 51 80 37 47 83 25 15 70 44 28 66 24 41 31 61 4 32 39 39 100 11 80 42 78 40 42 26 96 57 41 53 81 22 40 91 6 50 57 94 31 93 13 92 10 5 2 72 68 42 54 64 72 65 35 92 23 77 13 60 3 66 15 31 34 5 96 92 16 34 29 44 5 6 79 78 14 100 41 33 97 87 80 76 70 55 41 66 98 11 70 100 67 96 18 50 96 33 39 84 97 48 94 51 61 1 13 27 20 15 94 43 98 86 25 76 9 64 25 26 64 40 1 23 33 19 8 83 45 30 6 64 31 25 83 61 89 52 50 16 56 57 79 96 67 37 53 78 12 27 10 31 29 78 22 3 54 82 83 97 29 68 49 15 16 50 30 69 99 13 57 62 62 43 59 30 34 85 31 57 17 10 63 61 72 30 21 15 84 78 46 68 40 85 32 19 53 81 83 4 68 75 25 17 39 73 48 46 7 99 7 77 11 26 74 93 62 44 25 39 70 60 51 71 62 85 50 75 100
59 16 30 53 71 81 82 20 81 5 56 80 5 99 36 96 11 47 83 1 82 19 68 55 73 55 47 2 11 93 27 71 49 43 51 73 14 95 56 76 37 4 94 8 85 79 5 39 85 37 47 71 52 78 62 83 89 57 1 99 30 13 98 1 46 99 94 25 25 68 13 11 25 51 90 82 51 82 19 25 83 51 37 22 76 19 78 5 55 90 6 75 13 90 99 84 41 24 91 19 69 18 72 10 45 92 97 57 60 100 51 35 74 74 5 33 7 31 52 50 50 19 27 16 81 5 24 70 19 16 25 59 65 65 45 3 50 69 94 20 13 16 14 77 58 36 39 59 6 1 32 33 88 21 92 29 25 26 97 94 95 56 84 15 34 3 74 24 95 13 88 75 50 66 82 41 17 90 41 74 42 2 19 74 85 11 22 69 18 34 41 50 35 97 87 81 63 40 11 73 60 46 88 57 35 98 17 96 57 25 30 25 18 88 49 9 44 96 62 7 20 86 50 78 89 64 41 82 51 95 74 25 82 46 45 28 93 36 86 73 28
60 38 29 97 18 5 47 5 82 37 85 68 40 95 65 25 30 14 31 93 90 16 63 16 38 5 76 73 54 95 73 2 91 49 59 86 13 18 36 83 82 100 79 61 30 36 86 23 9 56 88 3 57 70 14 30 16 47 64 86 60 80 89 71 48 58 75 70 60 4 6 44 53 54 44 100 21 48 86 81 71 100 89 72 8 88 31 83 36 27 83 45 20 85 3 60 26 83 68 5 99 40 16 72 57 54 19 2 61 47 61 7 100 62 42 64 5 66 29 9 7 66 80 7 18 30 74 68 69 63 49 12 39 87 96 74 70 51 63 100 7 67 76 19 7 33 98 81 6 71 38 73 24 57 63 4 31 85 82 11 21 7 27 38 20 89 67 71 29 64 63 6 45 17 50 91 59 94 18 71 61 52 50 5 88 53 75 83 31 44 20 39 65 98 67 86 47 89 33 40 57 69 86 22 32 59 58 85 36 3 33 54 13 24 79 34 28 62 90 5 48 5 36 93 100 23 2 14 56 42 31 42 55 84 59 9 17 67 92 64 73
61 40 45 48 100 95 95 13 46 40 1 63 13 22 62 15 49 94 85 53 54 67 23 77 35 21 54 65 47 89 40 59 37 91 31 83 97 35 76 80 66 64 39 56 30 47 95 72 93 50 66 29 2 84 10 14 81 27 97 83 3 19 9 6 100 51 90 14 20 70 28 65 73 74 74 65 52 7 12 37 7 81 96 77 65 57 97 7 70 44 32 37 32 38 44 15 48 21 24 49 31 69 35 20 69 10 32 14 97 7 21 38 48 97 53 21 89 33 3 92 43 100 4 42 77 6 56 46 16 30 38 1 97 24 47 28 1 26 10 89 55 68 13 58 57 9 16 50 74 80 34 85 77 82 5 57 86 18 61 90 26 11 59 56 95 44 50 81 69 41 54 73 72 32 44 12 48 71 29 48 98 7 85 9 53 38 81 66 12 94 40 80 31 51 19 33 31 76 100 9 56 71 32 59 42 61 16 12 76 38 16 11 78 26 29 51 56 75 7 22 25 39 58 41 74 85 60 92 23 10 57 76 86 71 38 19 69 4 32 51 43
62 34 21 97 12 20 6 50 3 29 11 93 64 12 41 64 85 87 31 67 42 55 16 7 95 9 15 21 85 2 43 46 1 34 100 60 13 29 69 32 74 35 68 33 35 28 35 14 62 62 23 31 23 36 55 69 77 23 66 98 90 24 65 82 64 69 27 61 22 34 6 76 31 65 69 46 53 69 43 4 98 38 44 8 22 11 85 51 45 94 47 11 91 39 56 66 7 42 41 71 57 6 25 34 72 59 65 23 38 92 45 89 78 48 36 38 38 12 19 94 15 83 73 8 78 84 14 100 83 41 62 66 25 71 30 37 35 31 60 64 28 98 6 39 16 94 15 91 79 96 52 28 66 78 16 46 57 13 49 25 84 97 67 99 72 11 69 94 56 65 57 4 96 45 46 72 66 12 50 67 68 96 45 48 98 96 62 94 6 60 89 7 51 86 10 47 23 32 75 62 64 56 22 92 59 87 80 76 26 54 67 18 51 95 22 75 75 22 36 61 2 65 46 36 62 85 70 97 30 7 26 18 33 34 15 74 8 66 25 51 35
63 41 44 85 97 29 89 31 53 100 34 32 40 75 12 68 46 86 56 72 5 80 83 6 65 44 15 48 95 92 40 85 22 18 19 100 16 98 59 78 6 50 24 90 73 15 84 91 36 20 89 25 59 54 54 5 21 11 49 75 39 65 64 35 82 82 92 98 47 53 41 86 77 47 92 66 65 47 23 17 21 61 19 76 61 65 30 46 39 12 70 60 10 9 64 94 9 39 66 95 43 99 72 5 41 57 57 2 97 57 97 19 13 20 11 66 11 43 23 71 67 69 43 94 91 48 87 7 20 94 39 22 93 35 32 86 5 67 89 71 7 45 22 69 47 29 61 74 54 19 49 51 82 38 56 25 71 38 94 94 78 39 38 98 31 53 17 73 94 20 33 18 11 55 45 68 97 37 9 75 11 71 45 94 75 12 10 27 35 44 73 64 77 31 82 2 67 75 63 71 47 12 75 78 4 31 62 38 41 75 94 45 30 66 83 60 59 23 65 59 27 83 64 84 59 99 21 72 23 100 30 89 29 14 83 77 63 67 64 80 2
64 27 99 19 4 52 43 57 63 99 65 50 94 56 30 88 95 29 82 21 18 60 42 49 89 4 96 73 55 20 14 1 82 38 76 11 58 89 58 50 65 24 49 15 87 88 47 57 35 32 43 4 68 47 26 27 60 14 71 77 3 59 51 76 90 10 23 26 56 92 16 8 20 61 51 53 3 16 59 92 35 21 72 13 85 95 37 63 98 70 30 73 85 60 79 87 66 23 99 84 86 24 14 4 52 42 18 11 8 71 81 69 30 53 82 34 100 82 75 39 52 74 88 51 17 69 12 30 93 96 85 68 52 93 71 16 76 19 80 65 62 33 87 10 9 9 33 45 36 67 79 50 35 9 38 20 86 80 8 22 90 93 39 5 40 97 52 74 98 36 69 72 67 56 63 65 55 70 94 21 41 80 96 62 98 76 54 13 90 43 33 27 13 9 12 74 45 12 46 74 26 7 84 68 34 97 29 58 34 80 93 76 62 32 71 69 24 46 54 5 2 53 52 9 81 30 43 11 25 91 100 97 69 57 91 19 27 79 83 6 60
65 37 36 7 62 36 91 23 27 40 74 83 31 20 21 21 86 48 24 79 45 28 70 84 43 2 14 24 13 70 29 1 34 23 28 53 87 82 22 46 97 13 32 79 97 44 6 22 69 89 41 79 29 76 79 92 6 42 10 37 8 22 30 83 29 87 28 58 40 16 89 4 81 62 74 17 66 62 61 10 34 55 64 89 75 84 24 59 34 6 8 44 49 13 68 38 79 39 97 14 64 27 78 76 14 12 39 87 92 27 62 19 84 14 72 89 61 67 91 18 67 59 18 91 69 79 93 1 66 35 81 67 38 12 24 89 8 10 56 73 40 16 33 99 50 45 92 32 15 57 34 57 8 95 41 72 41 30 71 57 63 95 68 44 86 17 4 64 15 48 62 98 47 94 63 63 37 13 40 40 47 93 53 72 66 24 24 8 71 68 5 4 31 77 59 58 100 79 30 82 65 82 17 5 12 100 1 47 30 23 63 70 35 39 70 45 65 64 23 26 51 74 61 46 16 50 92 91 19 36 30 38 48 52 79 93 82 30 57 46 63
66 36 59 72 75 24 43 13 23 81 33 65 23 88 86 71 3 4 3 40 56 27 12 76 36 96 10 89 17 97 26 51 39 41 58 76 30 97 19 1 46 46 99 86 70 80 24 23 69 94 41 32 73 45 46 52 7 20 41 59 41 30 48 5 40 82 76 85 67 48 44 97 29 86 44 18 82 8 30 8 3 85 61 3 92 12 41 79 68 80 58 89 57 6 100 37 6 29 91 94 53 58 88 79 57 1 3 99 81 90 30 27 14 19 47 11 28 68 72 96 94 34 84 98 1 61 40 100 43 56 97 7 23 11 93 29 50 46 41 32 8 88 59 29 34 3 24 6 89 14 7 18 26 89 5 5 92 43 92 4 31 63 2 6 36 10 10 86 1 90 48 53 48 3 19 62 59 34 5 80 28 17 84 95 7 93 75 67 10 10 88 14 61 64 31 21 32 78 51 48 31 81 45 88 69 57 46 24 85 37 18 11 1 8 38 100 7 40 56 89 2 75 72 29 82 16 19 34 62 52 46 80 79 38 35 80 89 46 35 88 8
67 27 29 26 60 26 91 8 21 69 70 45 96 64 23 54 45 36 94 77 29 67 5 78 42 2 9 56 83 78 78 24 39 62 31 81 9 4 15 30 85 27 71 75 95 66 72 40 55 29 94 28 62 61 86 22 74 57 65 81 14 57 47 87 82 35 33 70 8 92 47 52 23 25 91 93 71 23 40 56 34 2 51 100 14 74 38 39 59 96 95 58 2 66 58 36 65 95 39 83 62 53 60 11 83 51 13 95 84 51 40 81 26 77 45 93 44 82 52 81 42 92 31 97 99 83 46 95 61 75 19 25 100 42 23 61 63 44 36 22 26 46 34 91 8 8 54 88 97 93 75 55 76 27 37 81 86 39 7 68 70 37 89 60 78 14 56 7 63 8 29 87 26 80 71 60 73 66 32 82 79 21 89 15 45 58 88 58 46 63 71 42 99 97 28 1 58 47 64 17 44 32 24 70 47 92 24 25 57 67 26 97 100 84 45 55 8 39 54 44 87 81 18 16 40 75 27 27 96 26 40 67 12 47 19 15 75 82 43 26 53
68 36 42 19 46 8 25 40 25 24 85 63 90 55 19 3 68 83 55 23 55 2 42 7 84 23 30 99 37 69 19 21 81 4 19 30 29 86 39 12 97 76 95 71 11 14 66 79 98 83 1 25 8 81 86 61 72 60 69 96 36 23 84 61 91 22 20 87 62 49 57 62 74 3 43 47 58 31 62 75 90 43 46 26 39 32 86 28 66 92 41 7 41 71 66 24 28 79 19 66 97 95 76 27 51 82 25 37 60 54 38 96 89 24 51 13 61 30 56 11 73 5 29 24 52 46 50 45 14 98 66 94 35 38 14 50 50 75 76 83 48 52 86 85 31 29 25 35 90 19 89 32 28 100 64 88 84 39 39 18 44 67 95 18 4 27 74 68 85 34 70 47 49 44 77 79 73 59 83 30 60 47 91 65 1 87 61 22 53 56 95 62 9 90 92 94 44 17 74 54 41 19 12 57 90 84 41 40 67 98 60 34 19 94 69 29 37 75 98 89 60 11 21 48 19 53 23 77 6 47 55 1 77 32 1 8 32 46 36 11 71
69 31 3 59 19 38 15 34 61 27 24 24 31 56 86 90 94 61 92 7 95 15 28 76 76 75 5 55 76 60 3 16 52 52 57 83 26 23 34 65 75 44 99 13 64 70 15 21 13 2 48 67 76 11 6 53 7 37 69 40 6 92 31 20 74 52 19 45 12 23 42 70 21 81 68 51 83 76 81 42 9 82 49 90 96 94 32 47 73 94 65 56 13 69 22 63 26 57 17 13 70 61 85 81 3 59 76 23 18 98 79 72 91 5 13 40 99 84 8 87 45 37 20 88 6 9 42 72 57 53 96 24 66 57 48 73 50 18 81 30 76 36 40 24 12 79 52 45 9 87 80 90 15 7 27 61 64 61 10 73 90 67 77 55 3 59 83 66 84 40 62 25 17 8 57 37 12 41 31 19 7 90 84 23 76 23 61 6 8 23 46 92 29 46 35 74 87 34 94 84 48 99 60 6 67 43 1 17 1 74 93 7 36 35 5 31 91 3 84 47 95 45 98 69 51 73 73 56 70 66 18 91 52 15 2 11 33 15 8 81 54
70 5 52 60 19 7 55 58 29 76 38 48 10 8 60 78 40 54 1 35 61 11 32 80 90 18 72 58 36 29 40 8 35 52 45 9 4 93 35 10 23 52 40 93 48 17 38 20 43 34 90 92 11 71 2 16 19 70 70 37 30 94 32 50 76 35 58 76 9 55 38 40 24 67 58 3 70 48 53 62 17 64 100 57 12 19 81 76 29 14 3 85 20 33 60 7 85 90 82 86 84 33 52 85 61 15 20 66 62 31 36 88 25 19 56 79 94 100 83 99 62 56 86 30 62 45 97 12 17 84 62 99 2 91 14 47 74 18 28 91 4 38 13 38 84 51 98 63 32 25 100 100 62 39 93 54 50 87 15 63 13 63 65 54 64 93 36 18 56 100 15 100 37 70 23 12 93 41 21 87 96 93 90 89 84 82 1 61 79 55 15 100 91 85 38 67 52 58 27 64 9 4 10 91 7 91 38 38 30 82 8 84 41 54 62 54 31 25 43 84 34 39 100 77 56 74 11 69 96 56 26 84 69 7 64 14 4 17 32 93 91
71 78 26 7 52 91 87 25 47 66 85 52 76 94 81 68 21 35 43 17 72 25 72 80 55 79 14 18 93 75 89 46 15 9 66 18 86 58 93 99 79 76 90 49 88 45 40 42 39 55 1 97 97 50 12 34 68 94 54 8 42 78 72 57 11 75 76 76 35 36 91 24 59 34 4 43 80 26 72 100 6 89 22 37 74 48 44 16 30 93 45 73 97 18 3 49 6 77 59 32 11 35 35 4 92 78 6 73 20 67 43 43 96 10 99 61 75 6 96 81 11 50 88 14 77 50 16 7 73 97 76 40 53 10 100 67 52 40 68 55 27 7 45 69 70 11 67 66 44 72 32 45 20 46 58 98 57 77 55 40 79 1 94 96 81 56 95 28 29 18 50 33 51 57 30 81 98 96 84 44 67 77 70 86 1 99 67 44 25 9 38 31 47 36 91 66 9 56 47 46 63 3 87 78 74 86 95 72 81 79 48 71 28 10 35 1 3 66 24 75 11 63 32 50 70 12 52 42 32 79 45 84 99 65 94 45 64 2 80 7 43
72 62 55 94 48 37 11 12 28 68 86 50 33 24 23 39 12 10 51 47 65 63 6 93 79 91 42 30 26 43 65 22 85 15 4 56 21 84 60 37 89 96 38 27 100 23 26 36 42 40 64 88 97 60 6 47 76 8 15 95 86 52 76 1 89 44 55 99 38 90 43 38 19 42 37 51 61 70 50 44 73 70 20 62 27 53 57 8 8 50 13 6 11 8 46 58 48 46 86 40 50 21 33 73 33 85 55 97 69 14 86 57 94 69 89 24 21 16 28 64 35 9 31 35 18 87 49 2 11 82 28 7 91 57 3 57 11 36 90 90 57 58 19 14 44 36 83 31 73 26 13 85 73 46 77 58 84 86 65 13 4 70 89 38 64 93 31 41 39 36 43 52 8 38 90 81 32 71 17 44 25 60 20 71 15 13 38 78 3 2 27 42 1 90 59 22 65 91 58 6 66 5 24 9 11 76 55 36 50 21 64 82 5 72 86 78 80 56 27 72 13 30 31 24 88 98 30 63 79 57 71 32 57 100 97 30 100 38 60 15 52
73 100 17 51 92 98 67 29 8 31 96 1 12 51 23 53 57 48 41 31 64 85 88 25 22 15 98 75 23 32 34 83 41 21 93 41 77 27 55 76 52 41 80 63 86 93 4 24 98 72 48 47 35 83 1 76 16 90 42 56 61 29 57 82 16 15 20 34 36 53 93 42 17 10 52 46 9 22 20 36 54 80 13 77 70 29 86 7 31 31 43 30 39 21 6 15 41 23 100 13 81 25 35 44 80 52 41 62 49 42 65 1 56 12 43 66 50 26 13 46 84 84 80 29 34 64 35 9 100 83 74 100 48 5 29 97 93 57 52 28 30 26 93 39 18 9 60 88 47 43 42 88 88 76 7 54 32 44 14 78 27 99 18 31 13 6 75 53 59 28 27 46 68 91 82 62 77 93 95 43 37 27 60 61 62 91 25 73 50 99 2 57 4 8 86 43 22 71 6 71 95 2 54 22 1 32 25 83 81 32 67 1 36 95 44 69 37 13 65 49 89 68 62 60 83 79 81 69 41 97 85 20 19 13 93 47 15 73 95 33 22
74 20 73 7 94 25 52 8 74 68 92 28 29 21 21 8 41 79 82 56 11 74 40 91 68 12 1 76 20 3 53 81 20 67 91 30 80 21 20 30 41 100 6 45 46 96 55 6 15 58 61 51 94 49 83 16 84 61 87 12 59 95 3 80 75 7 82 26 58 93 2 9 18 9 55 3 19 75 74 95 1 20 12 44 87 51 98 44 66 35 4 89 68 36 76 83 91 59 43 95 49 25 97 79 46 7 52 86 83 67 28 41 38 99 41 56 92 15 14 68 1 16 97 19 68 10 37 51 1 65 39 68 59 77 29 17 13 74 18 64 19 6 36 61 84 57 34 49 4 37 81 73 54 57 17 51 56 71 25 34 31 31 90 84 10 87 15 85 72 9 62 25 15 99 72 54 82 42 95 71 14 69 91 15 91 79 58 46 1 75 97 99 17 90 40 91 15 1 70 34 42 93 72 64 12 41 2 25 20 62 69 7 3 35 41 54 45 8 41 11 67 44 93 59 42 36 80 29 8 87 60 69 16 92 56 23 66 50 6 4 11
75 16 16 65 54 93 39 95 81 14 85 16 48 60 87 83 46 30 9 75 39 76 89 72 43 69 42 96 67 60 27 90 16 64 73 61 85 47 52 100 52 19 86 29 7 38 18 37 45 52 89 88 65 51 68 20 68 11 8 16 13 14 32 29 15 75 34 50 53 58 91 36 51 13 19 36 68 62 29 52 64 46 29 10 92 43 88 44 38 95 69 58 63 12 19 74 67 79 27 37 88 7 36 85 41 71 31 44 74 68 41 11 2 17 76 19 6 47 74 89 99 70 60 82 38 11 38 76 5 69 30 100 36 59 13 55 3 4 97 98 64 42 42 93 91 93 2 100 11 5 7 15 34 68 78 23 29 35 84 44 79 65 33 21 17 88 78 59 74 35 5 30 33 89 34 7 16 63 44 26 23 45 1 28 49 60 20 91 29 84 48 21 32 30 57 91 51 31 11 68 59 71 23 43 18 40 67 43 85 17 27 77 10 100 93 47 70 39 95 76 25 91 100 47 93 8 63 41 64 77 93 29 25 31 12 3 86 21 23 98 77
76 17 16 74 72 22 11 47 33 63 87 75 94 42 18 25 4 65 65 64 45 72 26 35 3 52 26 32 7 88 82 40 52 93 8 9 65 89 5 58 55 51 53 63 91 37 79 67 6 82 83 89 63 72 26 11 49 76 44 27 1 56 22 56 57 21 44 32 32 64 81 71 14 54 16 32 17 16 43 81 11 27 25 72 7 18 35 3 33 16 5 49 19 60 69 1 9 3 100 5 51 25 11 64 59 78 28 60 7 94 45 8 91 100 49 42 32 25 19 33 75 75 27 82 47 84 44 30 89 49 38 92 48 96 25 16 85 37 82 32 45 12 46 34 91 36 26 76 52 80 16 76 63 69 61 88 7 73 39 64 47 41 40 46 91 11 14 72 55 8 57 20 16 76 71 24 98 47 59 2 80 39 11 77 89 65 48 37 92 21 12 33 17 63 85 35 36 1 46 78 62 63 61 24 76 23 52 29 49 47 37 72 63 52 58 11 91 97 34 45 38 41 56 21 5 63 50 62 83 12 18 56 64 90 35 16 43 32 42 2 52
77 83 78 32 92 7 76 73 100 29 32 8 92 3 75 25 17 8 86 96 29 12 65 41 99 74 84 75 30 81 52 8 72 89 96 56 79 31 39 11 21 70 28 100 95 95 37 15 33 33 49 31 94 42 65 33 46 80 20 50 26 4 80 34 45 14 91 27 18 42 9 20 13 67 38 51 84 47 1 72 54 50 74 90 89 61 68 29 85 51 55 55 48 64 82 45 44 76 61 85 67 26 39 66 1 82 10 16 41 84 34 74 9 44 93 97 39 8 67 25 47 78 7 35 7 10 15 84 66 27 32 19 88 51 64 43 67 13 97 19 40 76 7 46 29 47 24 33 14 83 57 81 81 95 11 54 84 12 96 56 10 37 47 88 67 54 56 81 89 11 32 68 42 62 42 19 72 42 36 65 87 63 38 78 93 8 95 50 71 75 70 37 91 61 34 77 92 43 82 13 19 36 35 76 10 67 70 8 74 16 27 22 77 51 74 45 86 58 94 27 68 12 68 54 58 56 72 43 22 54 48 94 88 61 96 32 85 37 27 15 43
78 61 60 66 94 20 11 25 5 17 95 27 34 4 1 78 38 18 32 35 29 63 77 80 99 1 42 49 28 50 94 50 76 45 7 62 31 83 37 14 24 20 73 45 11 32 68 30 70 92 19 79 80 67 22 66 84 78 15 96 63 59 94 60 68 90 64 2 4 1 20 31 59 98 86 41 14 44 82 20 76 24 71 53 43 6 5 52 19 86 96 54 86 51 79 19 83 51 38 4 27 90 39 18 25 88 66 89 31 39 55 56 48 10 85 31 47 37 67 39 44 12 58 42 28 40 99 10 5 79 100 30 100 83 59 99 3 20 68 27 15 84 10 50 93 69 82 100 19 33 62 58 36 90 17 47 63 8 98 77 22 36 65 74 85 100 44 1 63 11 19 53 52 95 27 91 5 92 49 34 14 69 42 14 79 61 12 85 41 92 42 43 10 79 11 46 60 40 77 54 36 31 33 12 24 20 5 32 71 18 43 29 8 81 69 28 46 99 64 46 48 60 46 5 60 36 20 30 96 73 11 89 49 80 14 72 38 93 100 37 71
79 22 53 68 55 2 92 6 77 48 76 70 64 44 73 69 56 10 35 53 3 23 21 41 71 83 98 34 35 25 94 23 68 39 7 15 27 1 11 92 34 22 39 72 18 23 66 13 91 33 94 19 1 75 52 39 28 9 26 30 25 28 9 63 90 47 89 64 96 32 75 22 85 29 37 33 83 48 99 37 78 97 84 76 52 82 84 20 85 52 54 55 37 24 19 73 45 40 42 12 93 53 11 90 8 3 70 4 17 50 4 84 94 7 25 32 72 1 45 9 73 29 74 93 25 80 89 81 98 70 35 95 60 29 86 67 26 100 30 47 16 16 42 63 63 29 23 76 61 77 76 94 73 38 22 61 24 88 50 69 36 2 34 60 3 83 62 19 51 23 45 93 31 88 84 22 40 52 50 36 55 44 100 63 33 16 94 37 27 39 20 64 18 93 30 50 71 34 38 64 18 23 69 74 46 3 62 76 36 77 26 44 25 52 54 5 2 98 20 58 81 52 35 80 98 89 92 18 93 78 16 78 76 33 96 71 27 2 6 98 88
80 31 75 1 75 27 88 4 49 43 74 77 88 52 51 100 59 68 56 34 46 21 57 76 44 37 94 55 78 53 90 34 28 82 79 48 33 100 52 91 42 79 78 19 25 68 59 10 98 89 58 10 57 57 65 41 12 92 58 86 60 37 40 23 13 52 29 72 31 41 40 12 6 40 91 71 30 25 40 22 39 62 5 27 66 14 14 90 27 24 6 38 100 15 59 97 25 63 7 53 76 5 91 24 92 37 86 4 94 38 58 40 11 59 48 63 1 88 43 26 7 56 8 60 49 81 39 35 94 44 41 40 51 76 80 79 7 73 70 19 84 54 23 100 10 49 45 94 49 58 37 11 58 51 79 56 17 52 88 64 54 94 47 28 64 21 67 57 47 2 48 71 57 77 85 3 71 7 25 11 63 26 17 98 8 24 11 8 59 24 100 54 13 34 22 22 24 4 46 53 71 7 46 23 22 13 29 59 8 90 3 6 12 85 93 4 74 62 42 31 56 80 6 88 11 81 26 21 46 48 30 47 71 96 62 82 94 4 72 28 8
81 38 75 72 2 54 19 22 32 40 93 60 73 98 89 76 3 23 39 13 56 63 73 65 92 23 94 32 79 8 70 74 74 5 84 31 25 48 51 35 35 42 16 98 77 71 69 52 72 89 40 51 35 40 41 31 8 78 3 20 42 26 54 61 40 49 10 77 90 41 40 24 70 82 64 26 41 16 61 20 93 80 23 16 86 78 93 65 33 80 53 87 60 12 77 72 38 78 79 65 91 1 93 91 21 3 77 67 10 63 58 54 92 33 56 11 42 55 61 11 72 11 8 7 76 34 6 40 68 94 54 36 82 11 20 2 16 78 51 15 11 54 71 59 36 83 4 27 88 59 83 11 100 56 85 55 48 25 12 57 43 47 28 20 92 10 24 87 60 64 96 31 45 74 24 13 64 52 45 43 57 6 46 76 13 19 27 6 27 89 95 82 17 77 80 78 82 6 27 86 83 52 74 9 66 65 33 55 46 88 65 7 72 98 52 7 85 72 51 68 22 1 4 73 42 63 16 71 27 55 28 45 81 39 18 20 54 16 31 4 76
82 87 30 34 68 96 38 28 76 34 8 23 52 19 49 56 15 48 55 97 84 7 40 59 7 46 75 48 18 42 72 91 45 43 53 92 11 57 83 52 46 37 52 78 23 8 23 26 55 43 6 39 77 53 18 44 99 21 100 40 100 42 28 9 97 10 64 23 67 12 66 37 54 17 18 85 78 2 25 62 74 24 46 95 13 37 98 55 90 78 50 89 45 26 56 25 13 6 89 90 96 47 52 4 64 69 31 61 31 11 8 20 44 40 24 89 56 57 92 63 95 28 7 93 91 30 66 51 49 58 49 9 22 70 82 65 97 52 27 83 85 36 76 71 61 67 35 84 4 3 37 8 29 58 3 85 38 100 65 96 87 46 97 47 84 34 40 43 37 27 57 73 26 89 7 28 80 21 86 18 17 96 17 20 12 39 32 23 91 56 73 80 31 83 57 10 48 25 81 65 15 58 67 49 62 78 50 21 66 43 56 10 86 60 53 27 86 8 35 75 18 69 11 10 63 14 31 5 33 47 14 42 58 39 27 22 25 54 39 23 19
83 36 86 87 45 80 14 69 37 34 79 26 26 6 55 8 77 56 72 13 98 53 65 15 33 41 38 56 74 95 12 68 10 94 77 91 63 22 90 35 68 91 21 2 19 20 69 69 45 49 92 79 84 17 1 6 83 7 96 28 70 75 66 54 30 6 88 68 8 10 7 48 45 30 39 52 57 85 82 2 97 35 40 10 39 32 70 21 6 90 88 51 22 11 1 77 21 14 1 53 22 72 54 18 85 85 46 76 13 49 80 33 74 33 12 89 2 11 66 60 12 85 25 97 54 82 82 1 50 61 54 73 8 48 62 78 96 52 36 52 53 41 20 17 42 32 14 66 21 93 72 87 3 10 94 74 87 6 68 29 36 63 5 32 57 46 51 98 89 8 23 88 63 3 47 63 81 33 4 8 77 71 58 85 20 63 52 49 95 33 46 44 96 61 22 85 83 24 4 82 79 43 92 30 1 87 30 59 83 21 16 4 77 24 62 44 87 5 38 57 91 39 13 20 9 99 20 96 72 77 42 57 28 28 24 71 11 10 13 50 78
84 69 4 26 100 25 27 61 38 75 24 83 35 94 23 45 23 52 25 56 10 100 51 13 47 45 12 4 96 44 12 2 13 53 13 15 32 90 30 1 30 10 51 6 28 63 73 54 93 70 91 28 1 18 44 78 97 37 62 35 59 15 72 50 80 9 38 41 39 97 39 32 84 34 92 14 69 5 4 20 21 58 45 48 29 58 44 4 31 89 96 85 85 72 30 27 47 44 90 19 72 84 67 24 28 67 67 26 90 73 35 41 30 44 72 16 62 52 88 25 54 27 39 42 2 44 72 13 19 13 55 18 30 85 18 25 95 45 79 98 65 49 84 28 49 4 8 16 96 58 56 69 52 97 65 60 58 52 58 66 88 68 39 24 72 41 9 5 89 48 50 71 13 93 54 79 36 58 10 20 76 58 73 78 64 97 87 21 36 76 45 56 78 96 41 15 42 26 93 97 21 83 53 22 39 36 86 56 20 90 10 71 48 10 85 5 29 70 59 99 53 10 3 7 36 30 81 43 87 54 67 11 85 6 5 52 92 6 4 51 56
85 30 10 70 24 97 18 29 34 68 58 2 47 86 87 18 26 13 81 96 86 21 78 60 53 15 50 18 69 99 68 92 27 34 85 63 38 21 30 65 86 24 79 15 32 45 83 13 76 18 56 26 6 96 88 52 84 4 75 10 50 32 45 92 65 86 37 61 29 4 60 68 65 69 19 11 19 81 7 84 30 24 82 4 71 29 57 22 86 88 95 36 71 6 12 32 99 24 3 31 3 72 7 6 62 34 3 40 57 4 36 39 44 24 19 87 51 80 8 72 14 52 52 97 81 18 14 52 10 63 64 33 74 8 46 44 50 41 44 7 98 39 19 69 80 18 9 82 9 35 44 100 18 14 14 30 7 40 82 51 6 74 86 75 93 40 44 67 8 81 26 11 79 28 48 83 74 77 83 53 40 8 24 90 1 57 81 19 81 30 72 99 53 21 15 43 76 52 33 14 51 45 42 77 98 81 6 44 7 94 35 57 21 71 36 72 16 83 14 66 27 36 10 96 78 90 39 84 74 82 57 83 8 35 57 71 77 43 86 43 44
86 96 12 68 32 5 68 79 64 52 90 18 96 24 47 91 8 75 88 18 57 49 48 77 62 89 42 71 97 30 47 4 26 86 26 9 51 10 22 91 86 2 95 49 35 95 71 76 42 87 98 75 78 22 32 23 46 83 46 26 63 17 69 23 43 91 88 58 1 42 28 7 17 40 45 36 47 37 4 99 62 63 27 11 20 29 9 32 95 93 66 62 63 10 22 1 26 68 88 97 95 20 72 24 83 95 25 56 63 3 83 52 65 89 3 92 19 58 59 55 56 90 50 82 71 86 79 96 6 71 5 96 75 38 62 20 76 55 23 47 75 90 69 75 86 29 92 53 9 73 96 29 23 31 94 20 84 49 94 25 46 2 18 28 68 36 13 80 86 46 22 61 11 89 39 91 85 51 91 27 16 47 78 45 8 67 25 95 31 68 85 8 97 74 98 7 29 19 46 86 68 93 55 72 13 100 72 40 17 34 46 18 52 13 15 15 24 9 15 47 76 88 69 61 44 67 70 6 28 76 71 65 91 67 26 19 73 50 2 41 56
87 37 42 18 71 4 54 3 60 98 87 78 67 94 81 61 82 4 86 23 79 43 5 26 27 10 78 27 89 71 39 93 96 27 77 5 48 44 8 53 29 87 1 76 93 65 31 11 7 84 63 94 45 68 1 93 33 51 49 100 64 82 83 88 77 35 95 31 18 92 10 96 1 44 53 45 46 24 68 99 39 48 40 15 6 7 74 88 48 19 100 86 60 88 57 74 19 90 77 96 51 80 35 61 67 35 15 3 82 57 63 56 8 36 14 28 100 38 46 14 49 65 71 63 85 60 12 23 53 72 66 23 44 2 94 54 18 64 94 80 47 68 83 28 44 52 62 91 23 34 38 26 34 84 58 85 39 67 82 64 95 38 74 37 53 35 28 30 80 2 41 1 7 31 82 67 1 12 50 15 78 41 64 68 9 67 74 72 68 61 31 57 90 71 60 32 61 66 37 77 90 31 49 74 25 2 86 22 94 3 68 83 16 32 68 67 57 97 77 78 52 10 20 48 7 27 96 62 11 33 58 46 56 12 31 25 41 53 73 82 92
88 91 44 26 85 95 84 62 98 48 80 87 8 85 74 73 14 43 38 11 17 12 43 76 57 9 3 45 56 33 70 97 67 97 24 52 25 31 39 90 31 96 87 34 77 81 35 49 31 79 42 68 56 85 72 17 31 49 51 97 54 72 29 63 6 78 29 93 95 51 12 68 28 97 26 40 73 96 35 100 38 96 72 18 68 43 68 71 51 23 98 30 1 35 28 40 25 9 75 53 37 1 1 96 3 30 6 20 94 90 49 30 57 42 58 40 75 40 18 60 28 29 78 66 60 99 25 17 65 82 18 43 69 90 45 33 85 53 81 55 87 6 32 39 57 35 99 47 10 13 67 9 99 61 40 28 3 17 43 11 77 4 84 84 23 36 100 57 26 100 77 51 31 62 72 29 27 78 61 31 63 84 30 87 25 25 32 14 80 68 11 14 42 86 81 67 29 42 52 88 62 41 22 86 79 47 33 23 7 83 92 99 8 5 48 8 49 70 54 37 61 23 16 73 33 86 90 33 97 40 61 58 59 65 71 79 39 31 1 31 13
89 50 73 87 2 69 6 87 36 19 99 36 40 44 56 70 67 65 44 55 95 98 96 58 89 71 24 25 37 11 43 77 5 38 89 72 38 89 15 67 15 7 58 38 93 33 100 68 74 23 47 41 49 20 26 70 87 19 99 51 95 17 19 49 82 77 15 9 34 72 30 6 81 31 75 7 95 89 52 62 75 68 42 20 68 92 28 55 73 10 38 48 67 78 35 49 8 35 2 42 42 49 49 85 51 14 77 51 37 72 41 36 54 21 91 55 57 94 48 46 48 10 81 83 31 7 10 61 6 91 44 33 56 91 63 87 3 68 1 51 21 32 18 35 25 63 97 95 43 1 56 24 32 27 39 94 32 37 28 77 57 85 50 46 51 76 24 70 50 25 95 56 11 99 11 36 21 67 99 47 83 75 57 54 1 64 79 63 20 60 91 53 1 16 99 80 66 51 98 38 39 34 46 12 73 85 61 21 44 19 4 75 86 90 61 46 93 62 5 17 62 78 78 98 65 88 54 86 43 67 26 69 38 44 45 94 99 47 87 36 64
90 21 56 84 63 90 71 52 22 71 75 48 56 54 71 64 17 78 19 23 41 17 82 83 15 7 33 61 68 42 56 58 37 13 72 23 21 52 25 60 4 22 91 25 72 50 85 53 59 11 5 44 8 82 47 88 60 14 57 62 25 97 3 78 48 1 13 61 22 53 58 29 80 11 62 65 25 64 44 8 30 71 71 15 13 19 25 59 92 81 98 94 17 32 86 93 96 65 84 60 89 22 93 40 74 42 52 65 80 49 85 29 37 97 78 59 32 6 52 54 50 97 18 34 33 99 77 23 44 56 31 10 40 60 36 86 93 91 69 86 68 12 72 36 30 92 62 43 49 63 48 100 5 29 65 5 81 59 58 71 47 54 98 73 97 47 11 59 81 24 69 44 46 85 10 91 21 49 7 80 7 86 36 72 57 35 80 93 8 78 12 51 65 59 68 96 89 84 86 11 54 42 57 32 2 30 16 74 6 18 18 63 65 75 91 29 84 19 73 56 8 82 85 11 49 21 63 58 42 45 54 4 69 19 68 2 88 73 54 31 19
91 45 87 95 43 11 9 20 30 44 40 54 56 22 82 50 51 67 61 89 27 7 56 68 32 54 8 99 1 45 68 91 99 89 1 91 42 47 22 52 46 27 68 81 97 71 44 71 23 93 2 24 31 99 47 65 9 4 19 42 91 71 44 86 45 86 61 7 82 71 96 63 10 37 85 53 21 82 85 2 14 22 33 49 76 40 38 93 36 70 20 87 57 50 49 58 17 29 85 7 30 63 48 23 45 27 99 42 30 27 82 50 32 60 25 87 17 11 29 13 35 52 25 58 49 19 38 47 73 18 68 18 86 54 8 12 58 61 93 34 92 66 22 15 14 77 50 77 71 13 8 63 20 34 87 34 43 8 16 67 14 4 4 32 19 35 75 6 44 80 66 92 60 91 77 91 92 48 4 74 72 57 26 39 79 80 90 36 79 90 31 17 60 36 20 22 95 10 13 65 36 85 28 23 96 50 42 31 1 33 98 17 58 97 23 62 64 42 14 94 26 50 50 42 75 96 3 53 43 58 41 77 17 26 70 18 27 39 39 86 43
92 100 44 95 79 66 77 44 55 44 48 82 21 35 33 54 5 19 11 100 92 47 35 97 12 53 12 3 46 84 54 35 8 95 42 36 45 60 93 63 49 79 87 52 29 56 48 54 21 6 65 25 25 87 52 41 5 84 71 87 77 58 39 81 78 93 72 43 74 80 20 64 87 88 34 40 24 66 64 60 63 87 5 4 93 75 11 43 8 14 88 44 38 60 76 71 36 30 65 38 37 82 42 8 88 84 7 14 45 83 77 5 78 55 36 72 73 33 89 42 83 100 43 24 34 34 67 88 85 17 13 15 16 17 47 63 76 17 82 11 2 49 71 39 90 91 49 58 18 54 47 41 90 96 27 43 20 91 85 9 49 30 79 48 24 57 25 77 58 14 36 47 54 87 64 41 58 48 95 13 28 50 86 19 41 84 97 2 28 26 87 72 13 7 35 26 76 28 25 24 66 14 6 28 17 60 26 95 51 95 57 86 69 10 2 38 7 74 100 53 34 39 31 8 35 77 64 85 97 8 62 58 77 20 82 41 30 37 95 90 68
93 67 33 81 74 34 26 22 30 66 71 1 18 65 30 2 12 20 75 3 97 28 1 7 52 100 17 7 43 96 3 52 60 4 40 95 58 61 40 41 23 8 43 57 37 84 37 3 28 66 7 21 23 36 11 55 8 84 4 88 11 70 9 59 51 78 95 35 11 29 78 14 96 92 31 67 84 90 37 19 76 86 93 31 15 62 14 44 77 76 92 78 23 78 84 55 64 37 34 62 74 9 2 77 83 38 48 81 81 90 81 42 24 100 56 63 68 94 62 84 78 50 1 82 57 46 5 63 3 72 74 89 7 72 90 6 40 16 92 2 14 57 78 99 7 30 97 35 23 20 100 24 25 9 52 22 41 93 79 36 56 57 52 46 100 99 25 54 21 93 21 99 29 64 27 3 2 2 66 7 50 71 47 44 12 39 73 81 85 88 16 47 36 7 6 25 63 73 25 2 26 47 11 91 46 21 65 15 74 100 63 49 17 68 47 19 85 85 64 50 23 71 50 5 59 99 92 27 18 50 21 50 28 40 94 14 97 54 28 79 61
94 17 23 98 44 85 12 6 21 20 19 47 69 49 45 5 8 38 9 36 86 83 68 67 21 64 94 49 60 75 83 66 9 5 13 8 17 27 34 94 68 74 56 57 28 8 37 44 35 64 97 27 5 57 13 24 20 57 55 92 67 7 91 91 11 76 22 60 15 16 45 89 98 74 4 94 1 8 58 50 62 37 13 43 93 100 46 93 64 33 46 59 98 94 70 86 55 20 19 7 91 72 67 82 29 59 49 63 96 100 48 71 3 15 59 64 90 83 36 46 97 53 31 58 35 55 31 78 49 32 15 68 51 51 48 50 48 35 4 30 32 65 35 69 36 45 49 87 90 36 78 52 66 79 98 23 68 53 67 99 38 24 26 48 93 71 30 46 96 74 10 13 95 64 40 41 65 37 60 94 1 8 77 59 64 37 27 57 100 46 12 60 35 60 29 59 84 21 54 47 37 90 59 41 65 37 51 26 73 88 71 57 46 36 25 33 15 42 83 89 53 29 43 80 55 31 35 92 72 26 90 34 42 40 44 19 54 60 56 40 73
95 25 78 22 10 71 1 16 100 61 32 55 7 85 39 25 2 82 45 33 16 5 31 89 44 23 37 47 2 14 34 65 90 55 64 32 22 85 22 30 11 13 49 88 36 44 86 67 64 50 5 60 87 30 65 98 83 62 57 36 27 45 21 15 26 68 16 41 26 98 53 98 35 70 42 68 36 46 15 49 29 56 44 93 89 78 92 76 31 47 42 45 77 82 24 37 9 15 48 98 18 97 97 12 84 94 28 93 52 81 79 56 23 68 93 59 7 91 71 79 81 7 40 97 3 51 17 66 27 100 63 83 18 81 30 16 70 58 89 1 75 97 6 41 83 81 80 61 50 95 74 82 20 89 34 8 58 73 39 16 17 91 69 78 92 40 8 37 87 79 16 94 97 32 6 78 66 74 13 56 56 9 39 69 69 63 49 11 88 7 53 98 82 31 17 59 94 34 31 11 67 26 99 28 100 79 35 11 17 25 56 39 63 4 59 50 65 96 56 92 89 97 14 19 46 89 86 14 36 47 29 50 19 40 40 91 85 7 72 23 30
96 12 43 65 50 65 40 59 56 33 36 51 48 2 61 20 87 51 86 70 41 28 78 75 98 65 53 87 100 47 30 39 51 8 44 54 38 73 28 60 79 86 22 54 43 22 14 35 98 62 89 93 26 20 54 94 27 46 15 19 37 46 20 87 30 27 83 56 4 65 65 60 91 6 38 1 48 76 25 66 97 69 16 17 47 61 47 44 45 28 85 97 66 3 93 28 94 54 40 38 71 75 61 42 1 6 81 5 22 48 31 78 79 22 83 13 92 70 73 98 69 33 63 90 2 98 82 100 35 21 19 57 73 23 21 80 94 27 12 25 57 80 51 36 84 32 42 59 11 3 1 59 56 11 24 92 99 62 76 64 16 89 5 70 74 94 45 33 75 94 76 95 75 28 62 16 1 36 84 4 51 47 26 90 95 10 4 5 59 9 37 31 1 79 2 9 7 86 11 86 11 47 8 82 48 4 91 92 3 40 84 86 39 48 31 80 24 45 86 64 91 51 83 40 77 18 20 72 8 26 59 11 74 10 85 45 99 13 5 69 4
97 78 50 90 83 13 18 39 24 34 96 30 31 67 62 32 9 81 48 95 10 38 21 52 52 77 24 35 99 88 13 12 73 87 67 77 54 36 79 83 52 76 14 13 13 2 30 71 75 88 49 35 79 96 9 72 94 90 81 98 29 10 20 27 93 43 79 28 58 49 96 87 64 26 85 19 59 92 9 41 43 88 86 42 40 64 77 52 86 91 60 94 81 46 14 81 91 54 41 69 47 18 85 6 4 38 24 14 83 82 13 45 32 52 58 95 1 35 13 23 83 40 75 88 9 30 32 58 48 92 65 46 93 40 22 41 32 15 61 59 77 54 35 100 42 81 43 36 1 88 85 72 41 66 50 45 4 88 60 6 24 39 7 23 78 87 97 70 56 34 55 11 89 69 85 10 76 3 61 5 85 60 31 70 82 70 63 84 78 3 1 93 74 89 72 83 82 22 74 48 83 6 13 79 12 47 78 59 48 52 88 29 83 9 25 8 19 16 67 58 13 89 71 40 43 69 93 30 59 53 26 1 29 38 59 55 95 33 78 26 9
98 2 87 85 10 45 68 64 38 51 68 52 86 39 80 88 42 13 64 72 99 72 36 52 75 81 1 34 22 99 69 29 98 98 34 5 31 23 78 87 21 90 64 19 42 38 50 92 57 75 88 61 21 61 40 51 94 81 23 75 34 98 29 8 95 86 2 6 37 13 47 2 90 94 77 30 26 66 67 37 83 24 6 9 62 60 95 4 79 58 43 48 27 90 86 75 34 93 90 70 82 34 23 23 69 14 69 64 30 63 50 100 19 22 73 61 29 39 8 29 26 83 88 22 27 40 7 10 51 26 47 47 15 70 40 73 62 38 89 9 54 1 23 24 87 65 24 55 56 31 52 81 69 63 18 90 45 92 3 32 37 25 71 40 14 38 69 46 61 98 97 17 39 24 100 63 4 85 6 72 89 23 26 84 26 4 56 39 63 53 55 32 43 27 50 27 29 75 81 81 61 8 65 89 34 81 90 82 84 18 32 59 56 90 50 32 42 31 67 92 50 13 17 56 95 17 95 30 92 66 87 21 50 50 47 1 27 81 20 34 96
99 41 84 46 67 81 77 11 89 12 84 84 77 59 41 75 14 12 40 5 66 86 94 75 45 86 59 94 14 99 16 24 93 94 87 28 50 45 8 69 57 98 45 10 97 61 64 49 3 79 43 4 87 6 8 76 83 21 54 61 65 88 95 41 96 54 29 12 45 75 39 27 100 40 54 44 42 97 57 97 13 35 26 21 23 91 27 51 4 36 72 8 96 22 44 90 12 63 53 61 26 7 46 39 48 64 47 6 38 82 64 40 62 69 17 12 89 32 98 68 52 74 46 8 17 59 86 17 93 1 61 19 56 34 95 68 31 5 38 94 19 34 63 27 51 62 68 21 35 60 28 90 33 62 39 78 66 3 96 53 68 89 20 12 22 9 87 65 36 15 2 90 19 80 70 17 66 39 1 58 86 76 83 32 27 47 4 91 47 100 77 3 38 47 1 83 30 52 17 42 16 8 98 27 49 96 73 97 11 59 59 98 98 70 23 24 79 21 11 16 28 73 31 50 81 74 12 59 68 16 93 33 3 69 92 45 91 60 90 100 58
