15 100
3868 4193 3549 3885 3880 3864 4032 3944 3914 3480 4322 3712 4089 4073 4092
0 66 8 34 11 22 56 90 38 32 48 28 57 39 78 29 68 49 49 77 68 11 60 32 17 41 5 90 70 19 86 9 86 85 41 78 77 57 41 18 65 32 4 14 15 90 72 25 12 43 39 54 22 100 16 57 8 66 90 77 11 73 17 75 28 92 31 95 16 61 58 68 82 84 74 27 29 24 3 82 99 46 31 36 32 7 13 8 8 82 79 58 39 100 39 31 40 68 4 8 58 65 30 94 51 8 1 99 99 25 48 54 65 91 62 57 49 61 69 42 60 38 88 73 24 97 80 26 2 29 94 55 29 14 50 16 50 21 57 93 17 88 73 39 82 40 91 81 54 86 79 71 43 56 100 71 39 60 41 83 37 21 69 25 74 13 34 20 48 88 29 17 75 64 81 30 6 89 81 42 59 39 32 92 60 57 35 11 92 14 6 72 25 28 78 77 63 62 5 27 77 9 3 56 51 33 56 24 7 32 3 88 87 13 31 84 21 31 87 53 39 18 16 15 12 59 19 81 68 42 61 28 45 81 21 67 33 24 22 48 27
1 61 10 46 66 20 65 41 25 96 33 61 87 20 4 49 94 79 89 89 41 11 77 6 66 84 89 94 60 84 20 12 86 92 84 49 37 100 28 26 87 39 29 84 100 1 81 1 46 10 77 26 68 61 86 26 64 63 90 85 40 21 32 63 82 77 89 27 88 85 40 46 70 16 53 31 29 42 73 3 75 61 100 1 29 45 81 22 13 85 30 35 9 84 78 8 52 51 64 37 70 5 42 28 65 30 50 13 89 80 78 70 84 61 60 34 51 12 30 27 93 12 12 14 94 67 86 92 90 1 7 12 23 17 83 81 31 67 21 97 53 18 72 11 29 83 63 39 82 81 32 59 27 35 65 4 54 93 34 36 67 38 96 10 28 52 72 49 71 21 44 69 93 3 87 61 76 20 37 16 48 47 5 50 2 44 39 81 31 75 64 80 28 38 33 96 13 92 36 7 64 67 92 14 58 15 92 65 1 48 47 46 60 59 30 29 61 73 28 55 88 7 82 87 9 78 62 82 22 13 39 39 9 31 23 99 53 8 84 69 44
2 90 62 91 2 36 8 35 36 19 47 93 43 18 85 75 35 92 62 85 50 13 58 49 79 22 61 69 34 74 2 27 70 44 5 77 40 100 90 30 1 55 48 37 33 76 55 15 6 42 20 71 41 50 82 73 30 54 60 88 26 3 65 58 48 77 18 4 36 13 30 82 22 51 14 89 70 79 48 44 98 47 62 22 36 16 15 75 6 78 63 58 64 62 40 86 83 24 23 68 24 86 94 95 3 79 14 16 90 68 28 18 49 23 50 100 40 44 39 30 57 79 100 6 13 82 86 74 24 97 47 16 35 43 73 85 2 24 93 79 15 46 55 98 4 70 100 18 36 67 22 27 9 50 5 56 12 11 61 8 27 15 79 37 25 2 95 13 12 23 70 3 44 66 84 57 42 6 40 20 25 71 19 94 30 61 62 76 70 24 58 12 12 100 40 21 51 68 87 16 22 68 93 67 34 22 93 36 31 15 95 17 92 25 68 48 10 99 15 53 35 58 53 44 21 25 27 34 74 46 47 11 63 78 5 49 46 81 88 69 66
3 80 79 96 37 99 56 5 56 39 10 7 2 92 97 70 63 5 15 96 14 88 14 95 5 19 51 85 20 7 57 6 100 76 26 72 29 11 76 85 67 80 76 59 34 17 1 67 53 98 14 2 17 17 68 93 26 76 59 90 5 94 98 66 87 12 50 15 40 35 4 11 61 60 2 25 34 96 34 35 72 73 10 37 16 32 56 56 17 28 29 87 8 85 17 74 5 77 50 88 43 74 97 2 59 9 7 60 72 90 51 48 72 53 68 56 40 16 18 82 99 6 87 72 88 99 92 40 97 10 69 81 89 64 15 28 43 84 73 25 22 18 90 60 27 68 50 67 34 85 16 16 65 77 40 3 16 35 3 13 42 12 90 55 44 10 14 51 27 28 41 96 5 49 62 89 38 88 69 73 97 25 94 71 71 9 87 34 36 84 86 67 47 73 46 53 54 51 6 10 35 38 84 79 96 39 46 52 65 43 2 71 46 88 1 32 26 23 3 36 65 64 17 4 71 92 44 31 43 21 8 17 73 99 57 41 87 27 13 57 49
4 74 93 13 26 67 4 84 75 93 98 10 20 97 39 24 15 72 79 54 94 11 69 8 24 47 20 94 86 70 3 79 77 56 67 44 87 90 40 32 6 7 74 96 21 34 92 47 74 27 80 18 52 35 59 26 5 90 95 57 12 4 10 64 53 82 75 78 63 12 86 58 43 41 72 48 80 22 54 8 56 53 43 11 41 56 89 67 45 47 46 40 47 9 64 75 38 19 21 28 11 46 9 2 92 69 76 30 23 12 97 71 39 97 7 58 69 43 90 33 93 43 100 92 18 50 89 85 23 87 32 77 7 6 7 47 48 62 48 8 26 44 83 42 88 50 63 97 55 48 17 18 59 55 90 71 81 17 98 70 48 58 49 37 30 65 25 56 28 53 67 96 35 48 97 19 19 83 29 41 58 94 33 83 31 76 41 26 10 1 92 48 40 45 47 99 51 70 1 35 17 74 55 76 80 16 13 5 53 3 31 59 73 63 75 85 69 12 86 98 68 87 91 96 19 90 29 25 15 15 75 25 100 22 73 96 75 42 48 91 97
5 25 66 71 74 18 33 30 80 96 90 27 35 26 19 41 76 43 6 97 15 5 11 8 64 43 37 92 17 99 2 70 53 23 17 10 22 69 45 11 17 96 69 67 19 7 81 56 1 26 91 63 88 78 70 27 100 70 60 68 43 67 15 27 55 69 42 49 28 43 62 84 33 52 64 93 44 28 65 33 68 68 12 38 11 62 34 70 79 98 23 95 14 99 73 45 34 66 51 55 54 82 49 92 11 86 27 25 61 75 44 31 100 70 68 8 21 4 58 81 53 92 78 35 65 91 71 81 83 93 84 66 40 60 28 56 85 64 54 1 19 56 54 98 83 11 96 21 74 44 84 25 19 3 61 10 18 91 98 68 78 97 67 6 55 94 79 96 70 100 57 24 72 92 34 17 60 36 4 50 53 13 29 31 25 92 26 85 53 12 9 40 20 26 16 90 6 42 77 15 28 7 25 90 72 25 33 70 74 51 11 45 74 1 14 57 44 64 54 79 2 88 83 92 30 33 66 2 5 8 89 31 14 32 21 21 15 3 48 44 75
6 9 59 15 57 53 73 77 82 54 22 79 93 12 31 6 48 51 93 69 35 34 85 46 83 84 42 100 61 6 86 50 84 25 27 80 50 78 90 81 49 37 7 56 14 49 45 92 88 85 72 37 66 70 3 75 37 75 75 46 14 52 61 89 98 22 84 98 38 39 58 22 33 25 44 68 43 81 17 54 31 82 90 70 28 14 27 49 8 44 15 58 91 46 80 13 43 20 98 72 36 91 59 82 91 91 13 64 4 53 11 49 88 99 79 82 35 52 97 8 24 29 2 31 23 85 27 66 82 78 36 75 85 86 2 12 41 41 12 93 50 10 81 98 64 74 83 10 92 14 39 89 97 12 67 16 19 98 49 4 2 31 8 45 51 1 88 32 41 80 20 52 24 89 88 42 21 52 93 98 39 1 65 24 9 51 82 64 94 75 45 96 23 76 23 45 46 88 86 29 22 50 15 67 77 18 27 69 97 96 92 89 35 25 38 19 42 75 35 9 49 83 51 96 16 69 63 29 15 10 51 21 52 35 59 17 81 5 63 85 15
7 49 97 98 71 62 31 26 99 11 12 7 20 51 34 34 38 51 69 23 93 79 66 84 69 92 33 42 60 100 92 64 89 33 11 9 38 30 74 89 53 55 64 93 53 81 28 84 53 44 43 28 12 60 85 31 32 42 11 94 70 84 63 60 9 31 98 78 20 93 58 17 31 52 69 92 14 7 75 39 13 6 14 4 52 34 91 51 77 11 91 89 58 61 48 38 29 97 45 39 38 23 33 27 1 2 66 43 50 48 23 98 42 30 84 76 65 92 42 40 62 26 61 11 48 40 70 36 72 94 3 15 20 68 66 26 1 96 46 54 5 50 48 85 22 20 82 85 35 1 38 67 90 17 20 97 28 53 61 75 33 86 60 71 54 46 75 71 22 74 76 84 68 17 81 57 9 1 58 19 25 31 34 95 91 90 65 60 20 24 63 4 93 25 67 29 70 68 61 31 42 41 41 37 91 2 58 17 26 52 51 37 86 19 59 33 78 9 20 5 2 22 79 9 30 43 74 80 62 98 87 16 43 52 26 20 37 46 49 29 75
8 7 43 47 95 50 92 1 78 99 89 5 89 77 36 44 9 35 38 72 7 53 44 4 1 27 22 8 30 67 73 75 81 10 42 72 49 27 64 75 81 42 12 23 17 70 57 39 31 54 79 22 83 96 26 53 41 67 16 67 62 26 77 41 66 98 24 11 66 75 51 96 63 2 58 63 31 93 42 97 44 67 5 68 46 15 31 60 66 40 87 8 74 46 81 86 80 9 58 73 83 77 29 96 69 32 62 48 66 55 72 83 37 63 95 28 29 42 35 28 17 79 5 18 58 58 94 63 54 24 28 22 87 80 80 18 59 84 84 35 62 31 24 89 2 100 28 59 1 68 78 18 19 68 51 66 2 72 30 85 57 82 98 89 34 55 2 33 7 54 66 100 30 75 24 51 36 5 35 2 82 27 58 61 48 5 25 3 79 37 8 31 39 23 71 57 55 16 21 33 9 28 82 24 24 22 86 19 14 27 100 92 72 33 76 39 48 54 49 49 19 23 79 26 88 2 59 80 7 76 34 79 59 19 85 74 51 86 30 72 88
9 77 29 67 81 24 97 86 63 27 31 11 23 51 17 61 63 60 83 85 4 84 75 8 57 71 34 19 17 81 39 15 91 14 69 21 64 25 35 56 37 7 39 32 72 58 56 8 57 75 83 70 12 93 75 17 84 46 39 23 19 35 68 20 53 86 52 82 69 33 44 37 8 87 42 40 91 65 80 90 84 43 13 86 82 22 76 66 93 59 28 85 95 20 74 42 8 22 38 16 89 99 85 69 91 80 9 5 52 80 62 6 11 32 63 74 2 92 41 46 28 72 12 82 33 46 42 45 39 42 92 35 32 55 82 73 76 60 84 48 36 74 63 64 94 70 58 90 30 80 73 30 86 20 35 72 78 29 66 48 100 60 74 4 65 73 26 32 2 57 4 64 28 45 87 46 47 64 27 63 62 75 61 91 79 24 90 20 61 17 96 79 68 23 89 54 45 37 34 67 11 9 66 7 54 81 96 47 56 73 76 7 92 32 16 84 26 55 44 28 33 70 25 31 8 65 22 58 22 7 89 26 63 22 11 78 39 17 99 40 58
10 7 70 97 37 59 73 78 48 12 6 49 83 12 22 90 42 10 34 21 71 78 98 35 19 45 33 20 58 70 30 59 95 17 52 23 88 45 91 48 24 77 80 65 49 5 7 28 68 23 22 21 53 40 2 59 85 46 40 27 93 81 64 77 7 91 26 6 4 100 41 79 67 12 22 49 47 47 73 54 2 73 17 100 95 78 2 73 19 21 43 55 19 76 10 57 50 54 44 88 20 62 50 42 43 63 71 63 39 24 4 86 97 62 84 65 45 74 83 35 39 33 45 38 71 68 3 31 78 17 93 38 95 76 94 87 27 96 20 75 96 58 15 54 33 93 96 26 75 48 71 46 12 96 76 6 42 55 33 77 76 43 20 96 25 79 87 43 88 22 63 86 71 47 36 32 5 88 10 38 41 61 82 69 3 51 54 24 62 49 39 51 28 82 39 6 19 21 95 82 10 12 33 27 77 74 75 42 68 78 44 95 39 20 19 75 69 41 57 34 89 81 66 6 10 96 94 84 98 74 84 88 55 34 29 35 87 32 5 42 43
11 50 59 91 92 78 41 80 32 96 87 24 95 2 87 5 50 68 10 79 13 93 100 86 94 51 79 43 96 81 82 61 11 41 1 44 38 49 99 37 32 55 76 86 31 79 62 40 74 56 18 37 21 71 60 13 74 77 23 77 76 84 55 5 71 18 1 3 81 70 72 34 34 92 29 41 52 50 12 82 6 62 14 41 64 82 89 70 24 7 71 58 69 88 71 85 41 42 94 10 61 12 49 79 29 75 54 56 43 38 25 36 26 70 32 18 76 28 63 11 72 89 94 17 48 91 8 11 74 22 19 55 91 96 48 94 44 74 92 93 89 85 90 58 7 68 16 87 77 67 45 11 28 61 28 42 38 28 9 56 5 77 35 11 87 26 28 67 50 62 98 28 28 8 74 40 92 39 84 93 18 13 72 30 32 28 23 8 6 57 78 38 34 100 65 14 53 92 88 29 76 59 72 72 35 76 67 14 64 39 54 6 98 3 23 47 43 61 94 92 80 78 25 86 13 79 79 7 87 49 4 74 46 21 19 4 16 9 5 62 75
12 78 31 39 10 28 1 33 36 13 16 51 16 100 96 14 15 69 28 85 32 69 100 35 18 18 36 3 10 26 46 19 26 76 38 56 16 95 78 43 26 70 94 76 43 64 90 97 48 38 36 23 97 84 59 79 52 62 38 98 57 29 51 54 30 70 34 98 46 39 91 23 75 75 18 74 4 15 81 91 48 12 99 88 66 25 83 93 53 15 94 82 29 91 77 52 46 62 88 97 69 3 26 68 34 39 45 63 59 75 78 95 75 60 5 56 73 83 88 20 87 16 46 51 64 81 57 26 14 85 66 66 39 87 68 36 20 18 56 68 40 86 61 52 56 47 35 35 24 37 76 38 84 65 91 89 44 65 19 47 2 54 33 6 15 66 24 55 88 11 19 20 8 16 36 89 8 5 29 63 49 23 44 49 33 24 80 13 83 48 57 87 92 97 73 35 2 95 38 87 25 51 86 67 59 33 22 86 100 42 19 72 45 48 14 27 60 5 38 49 83 25 93 75 40 86 98 98 43 17 69 90 17 92 17 55 66 86 14 80 6
13 39 60 14 16 86 20 79 64 77 80 55 24 48 75 45 20 42 21 88 68 75 67 78 42 90 95 53 31 54 96 53 23 70 51 30 68 52 36 8 38 14 24 37 33 30 41 1 61 67 71 4 36 14 46 81 76 98 49 12 83 1 54 55 64 6 49 21 75 1 30 77 83 38 86 54 2 6 12 45 24 27 94 46 20 81 10 14 84 65 77 20 82 2 13 31 61 11 17 11 17 19 49 90 73 44 39 39 85 32 48 38 4 28 22 90 32 38 35 48 46 49 26 62 81 19 82 99 51 83 60 2 62 95 50 5 36 87 67 6 5 17 79 83 49 15 91 12 29 39 10 57 42 100 70 41 93 80 70 24 93 77 79 87 22 23 73 72 96 16 75 72 8 22 48 11 94 65 42 100 8 18 25 21 88 45 57 94 73 12 98 12 73 70 9 62 51 39 98 3 98 25 20 47 85 89 44 1 30 33 65 57 35 66 44 30 18 61 12 49 5 61 84 57 19 2 52 93 28 47 68 48 1 22 19 34 10 8 33 19 93
14 38 56 58 62 80 52 14 30 80 61 93 87 44 17 89 78 6 99 74 53 64 98 17 83 76 69 87 43 7 75 14 31 48 100 46 10 31 64 80 93 9 25 31 46 83 8 33 11 12 56 98 41 32 5 17 60 28 27 66 71 86 27 93 73 2 70 87 81 57 7 73 86 12 92 1 37 1 27 8 52 63 59 9 49 89 15 62 52 51 94 41 13 5 96 17 71 82 72 61 97 69 20 13 86 77 43 69 95 28 61 66 40 6 49 49 66 52 58 63 71 36 16 43 62 31 86 81 75 21 48 88 79 70 95 5 24 93 65 22 50 45 78 1 27 41 51 76 96 81 18 74 52 14 71 17 91 93 44 39 30 77 60 2 94 61 99 27 79 17 53 85 20 75 65 24 95 16 58 16 23 43 28 12 75 87 12 48 20 28 73 95 44 29 37 6 54 82 39 44 11 47 43 86 84 7 60 15 40 66 93 96 35 71 39 87 85 50 54 82 45 1 87 80 28 48 58 92 97 41 50 59 5 58 69 91 66 38 33 64 11
15 83 29 71 90 86 54 20 7 95 2 78 44 98 65 8 99 93 84 97 37 5 5 92 10 70 65 60 63 45 70 74 85 49 78 93 21 28 64 68 74 84 40 92 22 96 15 20 89 10 29 83 29 74 74 25 56 94 63 11 89 5 80 77 9 90 57 7 71 62 47 40 21 34 74 78 66 88 55 26 2 55 5 54 42 51 52 33 41 13 79 74 8 19 62 99 99 62 47 86 42 12 38 45 80 23 39 87 2 12 73 92 47 62 16 17 63 55 78 9 43 87 46 54 31 32 75 35 92 92 28 56 99 74 16 51 44 79 25 100 7 22 73 85 22 67 67 19 88 4 7 91 41 100 51 3 75 72 32 50 55 66 42 12 57 41 74 67 83 64 87 43 92 46 37 5 6 18 56 68 98 88 58 88 19 32 64 25 30 3 93 38 61 59 67 75 56 72 94 71 46 68 62 87 55 68 59 32 85 13 29 42 60 96 1 88 85 75 1 1 67 6 16 15 39 3 7 93 73 53 50 82 30 36 54 74 50 15 37 69 12
16 50 41 46 54 61 9 28 27 26 84 65 15 88 24 22 62 36 80 88 35 39 48 1 24 38 74 26 68 19 39 81 13 99 99 15 75 63 89 38 81 54 25 59 74 14 42 70 49 13 89 47 88 69 14 97 97 51 22 51 6 96 17 55 10 79 95 15 38 16 8 69 80 20 80 26 90 14 27 26 58 13 77 66 28 22 31 36 10 83 2 8 11 14 44 18 6 55 27 97 1 6 33 68 84 87 14 85 31 84 1 86 27 40 51 37 85 78 35 40 88 75 30 48 97 61 7 24 26 99 53 76 38 38 90 3 56 72 95 89 3 69 63 96 35 54 1 49 25 76 25 33 31 29 94 44 7 95 24 24 70 28 71 50 30 44 6 39 7 81 60 1 52 55 54 87 34 11 68 62 60 34 56 70 45 38 7 22 3 40 100 84 31 73 16 44 16 84 100 47 20 56 7 69 89 43 89 13 18 56 37 84 65 78 87 65 33 73 15 46 45 60 17 97 24 91 65 85 80 3 94 59 11 71 17 31 52 35 96 60 92
17 63 2 15 61 46 7 78 19 43 63 50 12 77 36 24 14 31 89 75 98 96 45 27 43 96 15 24 99 3 55 91 1 35 7 85 17 75 55 44 70 94 82 36 97 18 39 37 3 90 4 14 9 64 58 38 88 20 65 21 3 56 24 46 87 60 94 14 3 38 14 67 39 68 72 11 31 80 23 3 94 28 26 47 25 68 70 45 81 7 85 3 9 22 53 40 8 96 81 82 32 94 1 44 98 47 53 70 92 11 37 56 51 97 82 87 6 47 31 27 68 95 46 55 52 72 91 85 5 38 44 43 77 41 26 70 87 27 35 7 93 87 32 11 82 78 24 79 90 65 35 1 10 98 65 64 83 17 53 94 11 27 38 79 35 69 14 68 100 24 20 28 23 5 64 18 96 41 39 60 41 65 61 31 7 92 25 56 51 58 49 91 38 9 62 22 85 92 82 53 28 6 28 61 93 62 100 23 73 32 79 23 22 46 97 5 83 29 41 88 40 61 56 4 39 4 50 87 54 98 81 76 64 91 6 59 99 96 58 26 22
18 28 27 92 46 25 6 15 65 93 4 62 29 49 30 41 27 11 2 93 48 33 3 58 72 51 2 90 18 9 9 65 80 7 62 20 11 3 92 95 32 6 26 22 47 76 4 98 24 88 20 86 72 6 35 3 80 80 90 94 70 18 69 48 84 16 11 15 21 7 21 55 54 67 68 23 87 46 44 93 90 11 63 97 51 72 67 21 88 82 74 35 61 30 16 1 65 20 59 61 84 31 73 41 68 54 49 45 59 3 87 35 49 76 39 65 46 42 55 96 87 64 90 61 8 49 38 70 98 50 2 50 86 4 91 25 63 59 59 87 45 22 22 85 9 22 52 66 78 45 91 3 56 74 100 42 60 26 74 53 37 65 58 34 40 71 7 38 62 58 75 9 49 54 91 62 66 62 71 89 100 54 64 32 90 52 52 58 46 89 98 100 100 84 32 94 50 28 14 76 56 20 51 43 82 89 28 96 32 90 34 46 7 96 47 13 37 56 45 79 87 93 29 92 66 82 27 89 85 67 6 96 44 19 89 8 47 27 37 95 93
19 15 5 66 54 4 1 73 59 11 23 62 84 40 83 12 12 80 27 33 89 43 67 23 20 58 43 81 72 61 73 25 5 75 72 79 32 87 94 29 25 14 65 15 51 16 81 59 73 7 34 70 98 59 26 44 33 62 29 80 90 5 63 8 33 81 40 58 59 3 81 90 16 92 79 29 6 14 33 71 44 88 72 34 43 3 69 66 82 47 79 52 99 85 25 9 81 3 3 86 69 71 46 54 51 98 4 34 77 85 86 50 72 80 22 41 76 24 32 75 98 79 38 26 39 66 95 88 83 60 83 81 38 61 91 32 68 87 33 53 70 11 55 83 68 52 74 93 93 9 22 30 52 39 81 77 51 18 31 28 13 89 5 48 95 38 62 96 40 93 22 57 11 10 29 5 77 25 94 76 93 25 97 18 28 43 36 14 95 10 69 2 36 87 15 71 79 95 82 58 69 26 17 37 80 97 9 38 36 78 57 76 29 79 23 9 23 61 30 67 4 58 94 10 85 6 4 60 25 95 46 49 67 32 63 34 81 9 86 78 46
20 36 50 89 4 98 43 89 36 61 35 28 14 36 84 35 69 82 16 80 67 84 52 46 41 48 5 95 86 82 26 92 97 52 36 85 56 94 94 5 90 36 79 19 95 26 83 37 18 7 100 74 93 15 66 37 76 47 16 28 8 94 46 94 50 26 23 18 38 60 96 88 78 28 80 6 66 73 28 30 27 60 63 50 1 22 52 21 29 16 47 96 77 42 95 53 17 95 46 74 97 33 22 88 78 85 61 11 2 42 86 82 38 57 43 51 28 29 63 24 97 63 59 24 81 5 60 99 80 29 46 48 46 73 79 67 93 44 67 68 20 49 23 69 85 32 88 48 16 71 96 26 100 2 45 26 21 80 85 20 58 79 9 97 21 48 53 56 35 59 89 98 32 63 83 68 78 6 79 83 59 85 47 93 87 77 57 77 68 58 69 11 26 95 22 21 1 53 62 64 62 84 88 74 81 28 34 26 43 96 29 60 66 44 35 72 59 61 78 41 37 25 40 15 42 87 48 44 23 10 21 74 45 16 75 38 52 100 69 25 17
21 6 40 86 92 68 52 79 40 59 46 4 47 69 4 14 39 97 54 29 6 72 96 94 66 14 83 78 60 24 32 37 67 58 83 80 69 47 39 68 65 10 33 71 76 97 27 48 90 7 6 77 80 82 53 72 60 73 39 80 83 53 73 21 72 2 66 44 87 26 48 2 11 79 67 49 78 65 5 56 75 23 66 8 95 4 58 37 15 56 18 55 50 7 83 85 67 37 33 74 22 32 50 93 38 17 33 2 3 63 42 69 50 84 45 33 79 78 31 53 67 88 17 4 52 94 41 30 14 29 48 83 18 7 12 91 6 67 13 87 79 29 21 93 88 38 19 27 12 62 19 41 50 9 82 80 66 15 55 12 71 88 57 68 30 67 8 89 20 33 16 78 73 35 12 71 48 27 67 55 89 88 29 55 67 27 59 43 94 71 95 77 95 57 79 59 71 60 77 76 25 18 47 33 21 92 58 13 99 65 46 19 53 43 61 77 89 6 77 96 78 71 44 77 79 33 16 51 56 32 83 18 4 99 50 34 57 100 25 86 76
22 52 13 85 62 15 70 91 2 5 97 93 2 43 79 72 64 31 44 89 96 93 62 4 25 26 53 60 37 12 14 30 98 13 72 23 71 20 86 19 65 37 26 78 79 34 76 32 37 43 89 50 85 1 85 63 8 1 21 80 18 6 25 60 100 57 20 57 58 71 8 45 58 62 46 9 42 18 9 15 63 56 77 38 12 21 57 28 80 60 87 94 77 25 8 41 4 80 88 10 80 15 46 85 23 83 55 38 72 44 48 22 50 92 49 68 1 4 65 36 88 64 93 96 9 88 58 26 65 49 3 7 100 60 43 88 89 25 5 92 54 64 80 57 9 76 78 5 78 83 95 92 34 75 29 38 42 77 23 85 95 85 28 3 7 94 72 10 83 12 78 53 46 93 25 75 55 42 75 42 66 52 19 77 58 53 51 57 8 26 70 7 39 18 79 30 84 58 40 99 7 12 9 74 19 34 55 72 8 63 39 87 38 1 58 47 51 87 80 50 36 5 100 77 57 84 70 36 77 17 98 70 25 33 64 85 64 76 89 69 67
23 40 76 32 70 20 7 79 40 77 82 94 19 99 83 63 94 28 90 80 10 44 25 9 84 18 59 59 81 96 82 83 41 85 55 22 44 6 36 67 42 93 61 19 17 99 72 23 93 13 39 70 88 63 78 56 19 97 17 99 21 59 80 22 15 41 48 61 4 63 12 77 91 36 11 60 28 39 77 55 93 99 18 51 58 21 92 37 17 5 76 51 10 80 44 63 82 89 70 28 69 90 93 96 41 39 69 63 89 5 5 29 75 41 23 34 100 86 52 42 37 94 50 71 98 76 13 22 83 20 88 71 37 82 3 12 47 26 60 64 47 80 48 54 87 61 3 91 62 35 75 20 67 56 88 71 32 67 94 31 68 29 31 84 98 92 78 89 18 8 87 32 85 77 98 44 92 7 92 49 57 98 32 45 65 42 75 6 5 26 89 4 58 22 68 72 24 39 28 48 51 68 71 73 86 100 9 1 28 99 51 8 58 32 94 6 60 17 22 89 61 40 87 58 61 61 76 88 27 69 58 49 51 88 37 26 69 21 64 69 97
24 81 15 66 69 33 8 5 54 73 97 78 30 87 46 95 49 15 24 49 37 78 27 7 46 17 39 94 42 67 33 60 86 9 76 35 63 43 61 26 99 84 94 30 33 20 16 17 16 60 79 86 99 29 58 27 71 60 63 54 33 93 38 44 21 19 4 92 89 61 95 31 35 56 46 46 82 71 86 24 53 11 66 13 43 88 28 52 90 43 64 33 86 56 1 96 96 79 80 39 35 46 73 11 15 39 14 67 98 14 53 86 72 18 50 6 1 96 34 21 30 68 60 1 7 24 89 54 15 62 32 48 5 78 90 35 96 1 88 25 13 83 7 95 64 75 79 13 93 61 93 62 69 4 29 13 29 47 52 92 91 13 40 74 17 53 38 4 31 92 90 92 80 77 95 78 36 21 22 18 10 64 9 61 42 35 60 25 58 47 40 99 24 45 7 93 68 41 71 56 78 5 39 24 6 13 77 63 84 19 4 36 43 24 92 17 31 49 11 1 79 11 74 80 17 2 10 82 91 21 16 96 24 31 43 75 94 3 23 93 48
25 74 61 78 32 54 15 31 59 27 10 16 4 67 65 58 22 68 23 49 33 34 67 97 69 53 59 23 84 86 47 90 2 12 93 15 49 72 60 77 54 9 1 56 23 78 98 89 78 90 3 37 82 56 3 57 86 65 44 41 64 34 14 5 59 92 37 27 16 39 71 62 26 93 32 46 55 62 74 13 73 14 93 75 3 72 30 89 96 81 52 14 84 49 88 32 49 3 42 51 73 56 76 29 4 32 33 32 21 7 73 9 78 28 45 3 73 88 12 22 95 33 43 92 30 97 79 61 96 37 52 8 88 83 95 27 80 41 94 6 36 100 55 18 86 96 64 84 21 36 72 77 43 97 4 73 85 19 33 30 16 61 96 98 45 37 23 49 19 36 25 17 40 32 33 88 86 27 61 84 15 95 18 4 77 82 30 75 33 15 68 17 61 65 26 27 14 19 37 83 70 86 88 51 83 12 96 2 32 76 82 39 31 50 65 33 30 68 46 18 29 87 40 34 14 11 27 95 81 60 98 31 33 15 65 95 93 71 50 2 7
26 18 66 54 13 11 40 37 18 54 45 54 27 76 17 73 21 3 81 36 20 80 28 26 67 11 30 89 22 72 90 88 77 1 83 57 86 92 5 36 60 29 48 21 2 41 66 38 89 88 95 39 8 88 82 76 19 74 66 38 91 57 13 33 76 100 13 89 58 89 62 79 84 60 23 9 43 71 87 11 64 52 68 96 74 92 58 64 70 3 20 52 13 33 69 86 100 3 38 87 95 62 5 45 75 85 65 29 87 33 56 84 2 18 44 52 45 1 43 7 7 74 55 59 67 88 6 39 35 66 75 75 32 59 4 11 83 63 79 55 82 16 35 72 42 87 85 17 70 69 7 74 89 85 51 38 11 37 63 2 24 2 24 89 53 10 12 59 79 5 80 78 70 80 51 26 40 72 18 62 72 57 20 89 22 37 86 80 22 48 37 54 15 38 14 20 65 56 37 11 45 92 1 67 76 80 28 46 67 20 7 62 98 34 6 85 59 63 51 14 19 29 65 61 60 12 3 52 58 9 88 79 17 69 99 77 67 49 21 99 64
27 31 40 16 30 42 91 20 36 24 44 49 5 42 84 87 24 84 100 19 58 100 89 96 12 85 39 5 45 58 92 28 42 10 58 99 60 60 7 77 71 89 8 55 47 95 8 19 55 21 78 33 64 58 16 13 37 31 66 74 24 20 29 85 78 72 94 48 68 93 87 15 54 27 25 13 97 10 80 66 88 9 5 93 14 16 83 91 37 41 47 99 48 73 97 34 6 26 53 75 12 88 21 65 55 59 57 71 22 86 52 18 17 18 79 32 91 33 93 58 100 30 90 52 44 45 48 51 85 64 89 31 66 74 45 22 84 24 51 100 31 97 75 22 29 29 37 14 98 58 12 89 32 51 32 92 49 47 18 7 49 13 10 71 99 71 72 71 36 87 21 37 75 86 8 67 52 90 49 85 90 79 28 1 90 75 32 42 70 82 46 11 79 51 74 17 96 16 13 89 43 76 76 90 67 68 33 49 56 42 54 55 81 51 37 53 16 68 65 34 41 37 53 91 4 41 6 93 92 69 25 63 80 93 68 74 19 70 12 19 67
28 29 84 45 24 92 100 32 56 54 8 34 36 43 50 52 82 14 7 30 43 63 14 87 85 67 25 96 91 12 59 55 67 78 42 10 32 89 24 29 45 100 85 87 64 8 88 81 22 58 41 81 26 86 40 67 1 50 75 52 84 75 34 42 18 87 49 38 68 46 36 2 47 87 66 6 12 36 3 69 95 61 71 12 82 18 11 20 14 57 4 41 62 58 21 64 93 87 9 29 21 9 93 55 46 17 70 30 38 78 100 64 89 2 7 86 34 97 85 82 83 92 68 79 54 21 38 25 12 44 93 66 18 97 21 34 43 96 96 46 87 59 46 48 74 78 47 47 19 25 69 94 86 99 8 6 53 60 22 67 35 60 40 78 22 44 30 68 33 28 26 80 60 21 42 43 17 31 22 16 74 72 48 54 34 29 56 87 75 68 90 92 40 44 37 36 51 26 18 61 79 66 70 52 59 9 2 79 27 36 44 30 33 78 40 18 58 18 30 59 48 14 77 61 66 63 53 85 30 39 93 76 61 56 49 80 14 25 42 34 34
29 78 17 32 17 17 1 64 81 29 30 24 76 88 71 94 25 85 54 92 16 32 58 100 52 63 60 18 38 32 69 57 18 15 23 39 61 36 98 64 35 84 37 48 26 17 36 41 38 61 6 2 77 8 1 13 16 71 91 80 71 61 60 22 9 24 67 9 31 69 3 53 66 88 98 93 14 49 97 85 30 83 27 49 82 12 10 62 75 34 54 4 16 19 67 73 3 84 43 32 93 92 77 8 91 57 14 68 92 16 17 1 78 41 80 13 83 10 38 83 23 96 91 80 79 15 87 25 97 86 42 55 34 38 84 63 32 56 86 41 25 69 24 99 15 37 95 15 6 100 7 95 82 90 94 100 41 14 13 28 89 85 58 28 39 62 65 42 60 61 24 28 5 81 1 49 41 56 53 33 84 79 84 82 7 41 49 2 67 24 72 9 5 87 19 29 31 69 21 66 7 2 32 54 47 67 72 2 80 12 65 73 23 97 1 40 18 49 83 21 58 49 53 66 19 38 90 23 70 39 31 89 1 1 27 31 30 45 69 69 91
30 74 38 54 75 16 70 23 48 54 18 17 91 22 17 92 66 9 77 25 19 83 48 38 8 28 11 60 14 66 57 6 68 2 96 90 46 75 26 80 53 53 46 63 14 16 83 62 42 81 99 29 5 22 49 81 67 50 38 67 7 79 79 61 31 89 99 13 94 97 36 25 65 95 76 70 100 13 8 51 10 25 50 99 93 45 42 23 73 16 78 41 65 12 66 9 71 36 82 52 1 12 26 76 60 85 81 55 15 72 15 54 75 67 58 74 3 67 45 41 6 41 10 2 9 17 81 76 78 35 59 8 34 30 80 21 23 38 68 66 52 31 41 51 60 33 32 12 88 74 70 59 84 33 30 74 89 92 22 3 36 66 42 42 23 18 28 1 44 38 33 31 79 79 38 31 36 38 21 43 95 57 32 29 51 17 7 98 72 96 64 70 83 48 10 36 2 49 38 61 87 33 63 95 27 88 66 78 39 96 25 47 74 81 41 6 72 27 72 26 79 32 18 63 9 86 51 4 44 46 98 97 99 73 65 94 18 97 43 95 44
31 87 33 49 19 66 23 44 63 52 48 1 37 42 45 76 39 54 59 58 39 77 7 50 47 18 91 58 87 26 41 36 30 49 65 75 43 25 17 47 46 71 66 61 52 83 13 5 3 5 79 68 55 13 65 79 84 89 80 83 93 20 75 100 19 97 78 77 55 52 1 18 66 37 41 27 8 18 54 63 39 48 82 12 84 76 26 3 34 75 84 8 68 67 14 79 99 23 1 76 99 60 3 80 95 3 6 11 83 92 76 47 6 36 96 62 94 38 38 75 96 55 64 18 97 98 71 79 86 84 33 32 21 52 81 54 2 26 67 74 13 63 53 91 5 55 38 9 88 12 70 10 24 14 7 51 97 54 89 80 93 61 66 17 82 71 12 9 76 12 35 14 74 72 6 100 23 67 6 54 68 78 3 43 35 92 68 51 19 69 57 15 72 67 87 19 16 57 88 16 8 82 15 95 6 84 36 54 29 100 42 94 31 47 85 38 32 98 85 30 99 88 13 8 97 89 51 70 92 27 71 75 100 39 66 6 33 77 67 68 15
32 75 48 35 11 38 49 87 10 33 90 49 8 76 18 48 32 100 61 96 8 75 6 69 38 55 5 18 3 36 24 96 87 58 43 78 52 93 63 21 40 10 44 39 97 89 38 73 25 20 20 97 43 65 52 58 2 22 23 53 78 1 70 35 38 30 90 95 40 50 6 31 44 85 50 61 72 50 13 78 22 91 97 72 16 3 10 30 93 73 75 76 84 79 92 100 76 48 64 43 74 98 44 22 90 94 39 35 84 33 27 93 93 2 32 39 33 69 64 62 84 7 68 6 94 43 23 98 98 34 48 47 29 8 87 78 46 23 47 43 82 61 46 74 80 9 10 73 100 92 4 15 90 64 25 71 51 39 3 2 98 32 42 73 53 81 76 67 41 5 5 68 37 58 68 27 7 32 82 99 27 89 76 5 84 62 15 81 33 94 43 5 67 86 76 19 75 10 28 30 10 40 36 18 13 54 2 3 59 5 20 54 85 4 70 84 69 61 34 48 48 75 3 81 95 5 81 2 43 14 39 32 87 4 28 89 95 16 65 99 46
33 72 78 4 36 55 77 45 97 68 9 97 81 77 22 99 17 100 60 47 47 33 43 9 61 100 73 62 12 12 51 60 21 82 27 55 81 61 25 85 94 24 19 50 99 63 19 93 88 4 14 34 54 97 11 36 14 45 4 57 8 23 56 92 15 4 37 72 10 47 21 2 7 24 13 18 35 49 42 10 21 74 33 46 65 81 25 88 23 3 47 99 88 88 18 72 80 23 36 78 33 1 4 59 15 53 88 43 31 67 100 4 62 83 12 17 46 75 95 97 59 47 51 73 12 7 35 60 54 22 95 91 8 55 40 64 83 72 1 81 3 38 19 86 56 29 6 29 28 50 74 94 64 27 4 84 73 83 69 6 83 1 2 88 91 52 100 56 87 63 24 61 10 2 99 3 6 24 30 77 16 100 99 21 65 23 94 51 30 5 35 97 71 33 36 70 98 96 81 29 85 50 28 77 61 17 47 80 53 18 1 89 58 75 38 54 86 99 46 32 41 56 35 18 10 11 70 88 27 98 66 99 86 74 82 93 33 17 25 98 15
34 6 22 66 55 62 16 49 41 59 47 88 24 23 78 9 7 90 95 99 87 74 39 46 46 74 17 39 17 92 36 96 28 21 94 25 60 68 64 25 2 61 24 79 95 38 74 39 7 82 80 41 33 34 79 44 63 55 20 11 4 28 96 24 99 62 32 94 12 98 29 82 61 79 72 50 25 76 92 82 87 5 28 90 47 47 50 23 36 86 89 59 13 8 15 35 26 42 1 43 4 46 79 10 94 66 67 36 73 41 85 23 63 27 26 23 29 82 75 22 13 93 82 46 3 98 15 96 28 13 19 66 57 61 33 55 28 88 70 15 41 40 70 82 25 10 50 50 28 6 12 29 6 6 23 24 76 25 10 31 27 6 21 2 30 67 89 92 45 36 9 1 59 41 2 61 62 36 61 6 84 7 28 6 87 51 92 44 24 35 44 52 83 18 37 79 32 38 62 77 28 88 45 20 100 9 18 81 83 44 20 57 86 40 90 76 40 28 68 14 79 59 67 28 5 80 25 52 88 26 94 40 56 62 98 95 82 87 91 76 36
35 23 69 26 76 14 83 26 45 89 93 14 85 78 23 12 98 100 66 22 3 89 94 34 72 5 91 98 92 1 97 52 60 3 83 99 11 64 88 65 10 35 51 6 60 13 33 95 91 42 77 27 64 61 84 19 22 79 85 32 75 75 72 69 31 93 84 14 33 18 46 49 73 33 81 68 45 37 23 25 7 82 11 69 19 49 57 23 10 69 23 24 89 56 23 90 31 40 40 86 23 47 21 84 52 16 15 76 92 78 63 30 75 24 79 49 33 51 95 99 42 33 83 30 20 54 72 41 53 11 98 58 29 96 90 15 95 29 95 78 74 71 69 1 58 63 28 7 90 59 61 49 33 8 81 15 58 59 45 30 98 84 76 49 13 74 85 21 61 3 36 22 39 92 74 59 33 63 42 20 12 55 41 71 55 82 41 31 44 17 79 44 89 36 54 2 80 84 5 33 64 91 72 88 24 26 6 35 79 87 87 98 16 40 99 33 87 67 12 9 3 79 64 65 35 95 28 100 6 29 7 51 7 4 94 56 3 39 31 68 94
36 47 5 71 8 95 70 93 19 66 82 94 90 42 97 62 2 68 24 99 91 20 10 83 57 14 3 66 73 8 46 49 65 16 14 38 89 30 62 55 69 95 46 5 86 58 10 36 9 53 84 74 22 60 50 86 98 35 14 3 99 48 85 20 68 12 57 51 80 83 37 77 52 51 45 59 68 74 27 45 50 62 90 33 14 18 4 12 95 42 54 90 96 28 4 22 66 68 76 85 38 8 77 23 46 11 78 9 67 100 72 97 55 93 19 15 11 33 39 80 97 78 68 35 59 56 35 28 81 31 65 63 74 36 32 71 15 98 62 89 21 77 6 5 13 100 83 21 29 30 52 83 99 47 24 92 64 40 24 49 37 84 39 64 88 94 15 26 73 3 36 46 66 96 53 82 7 65 85 34 97 30 51 99 63 5 16 73 75 7 46 93 82 75 57 30 64 31 6 47 94 24 88 99 52 9 21 34 88 68 85 82 81 24 12 30 65 34 69 24 52 40 27 9 44 9 98 8 67 91 28 44 29 87 72 36 51 34 83 49 63
37 64 49 18 47 41 79 97 21 21 9 19 78 14 30 42 34 99 58 75 65 47 4 22 81 89 25 25 17 28 71 5 74 10 29 12 96 18 59 57 73 54 41 19 19 95 91 78 8 1 62 100 68 25 93 95 61 33 92 77 37 13 33 37 48 54 58 70 96 93 21 78 9 57 46 42 66 25 56 26 72 5 25 73 3 62 69 62 32 57 80 8 30 47 37 7 94 10 97 85 1 13 37 77 59 66 70 61 24 33 21 31 54 24 43 4 89 99 100 36 84 82 22 1 97 14 98 86 27 35 24 79 55 44 88 26 26 33 83 35 33 100 12 11 50 98 93 10 66 52 39 58 69 56 15 54 96 32 66 52 68 28 11 48 43 45 53 13 35 37 21 99 89 23 95 2 24 50 36 74 22 99 2 35 3 86 18 90 44 50 99 65 77 62 51 25 15 25 46 95 94 72 89 56 39 60 66 56 83 83 11 52 17 35 38 50 69 100 71 94 67 54 1 48 74 79 66 68 27 24 66 31 34 2 5 93 94 82 40 17 25
38 64 37 28 83 44 5 41 25 42 49 59 26 72 71 2 4 59 93 55 89 1 60 78 33 93 60 98 29 17 16 79 68 44 67 95 75 36 58 23 63 38 81 98 52 38 74 30 70 74 22 34 75 68 83 58 87 56 93 21 51 81 9 92 24 90 12 72 73 25 25 100 76 69 5 66 25 70 82 4 40 89 71 3 83 40 39 79 60 4 95 60 95 46 96 47 71 75 37 45 80 59 31 99 88 3 29 93 4 38 4 27 25 88 26 32 45 60 50 75 35 54 68 57 92 21 42 57 80 16 41 39 12 4 1 38 33 16 95 17 42 70 91 53 50 77 68 84 31 83 13 37 98 39 80 79 12 34 26 14 44 41 66 8 63 92 19 88 20 61 68 82 10 89 42 7 28 35 36 71 31 2 87 34 45 97 72 44 33 72 45 14 17 55 91 42 8 86 86 63 54 89 27 18 38 37 54 59 22 11 57 47 94 82 79 6 94 88 61 7 5 20 54 39 30 55 85 40 45 22 30 12 13 20 33 22 51 15 3 74 79
39 91 2 65 100 81 7 93 14 69 2 58 19 1 87 7 6 62 31 81 72 14 100 21 4 55 58 25 90 63 38 50 62 74 55 72 16 8 99 32 79 37 13 29 78 94 18 5 45 81 96 23 54 80 92 87 1 9 73 8 81 6 88 58 89 25 79 70 96 97 11 38 83 50 17 65 52 12 51 43 82 35 9 11 46 65 23 56 53 61 65 95 6 1 56 41 23 97 10 87 34 58 24 5 40 17 77 77 82 66 29 44 80 84 73 69 91 4 13 93 29 80 77 15 66 49 67 95 22 14 70 43 35 90 23 23 34 86 46 14 96 26 35 88 1 85 63 48 47 27 4 98 89 48 74 100 86 58 80 8 11 71 43 80 33 61 8 10 76 16 60 68 34 36 30 35 90 36 78 55 85 98 46 13 73 36 68 57 2 52 40 47 20 30 13 69 54 11 64 94 43 26 69 46 93 15 68 97 75 66 21 94 70 64 10 50 42 26 24 94 43 90 76 69 72 22 55 92 54 67 83 76 7 17 11 69 24 80 30 95 45
40 62 10 99 21 63 38 76 98 7 6 21 89 90 53 42 77 6 36 21 83 55 70 4 53 32 28 22 5 52 85 19 52 27 23 36 72 5 97 40 58 58 20 45 32 84 33 69 51 57 3 39 62 17 83 27 42 90 33 91 11 61 2 59 96 7 1 73 81 42 2 47 32 75 44 25 88 62 93 5 22 37 39 96 6 3 34 58 94 6 31 92 1 17 49 62 93 6 41 31 33 29 10 88 16 77 100 13 6 95 62 59 44 12 15 1 85 43 67 27 80 93 87 82 11 91 11 90 94 8 65 47 76 87 22 96 59 80 12 35 4 24 53 97 41 54 9 8 65 72 94 87 38 2 94 62 25 13 47 44 56 96 15 96 14 66 34 56 50 23 72 31 24 37 69 65 13 66 61 15 75 26 33 95 35 41 42 37 74 72 39 20 23 66 62 50 94 8 52 87 1 10 34 11 25 87 74 17 2 63 48 68 42 21 41 44 11 52 27 7 54 49 46 73 58 84 88 26 18 69 73 73 9 93 1 66 90 40 65 21 41
41 9 43 60 46 48 86 58 52 29 20 39 13 29 71 54 48 46 48 2 12 7 52 13 48 52 43 3 59 53 23 94 7 30 84 31 5 50 63 56 48 38 14 70 62 66 51 11 3 67 25 86 46 60 27 54 98 15 52 87 12 10 15 35 24 12 21 26 99 12 62 26 99 91 74 69 30 100 74 18 33 40 67 46 88 36 9 50 80 23 36 71 27 45 14 61 40 59 34 18 97 97 23 48 79 35 68 23 72 54 46 68 65 34 65 82 52 58 28 16 90 69 1 10 49 27 50 6 27 26 34 94 97 62 80 44 25 74 18 64 66 99 83 45 90 76 7 8 34 16 84 63 38 40 23 80 97 45 53 72 8 49 48 71 38 78 74 57 98 1 62 85 18 5 36 80 55 48 42 88 61 75 24 34 6 40 57 45 53 54 21 3 18 16 15 41 74 60 11 10 70 39 26 15 23 71 57 27 56 1 94 84 37 84 61 53 62 87 69 37 15 5 95 85 28 90 92 29 59 51 16 8 78 96 69 62 80 85 47 34 61
42 10 92 74 70 4 32 35 88 74 33 14 61 55 47 74 37 43 69 73 29 14 12 94 11 15 39 87 26 37 13 5 3 73 65 93 24 64 93 44 100 44 50 74 89 20 36 43 85 81 74 42 51 85 62 60 26 34 56 71 20 2 32 96 37 86 52 63 46 66 45 89 5 60 61 71 95 99 10 14 100 16 84 74 7 41 13 81 99 99 98 43 68 47 93 10 44 97 54 16 60 66 89 94 48 12 97 91 40 40 90 81 65 15 15 25 25 16 28 67 32 96 19 80 39 40 21 41 57 93 21 13 55 48 20 56 18 77 61 88 72 55 97 75 93 67 97 65 12 41 83 19 84 9 6 80 39 26 8 63 58 82 79 86 21 64 53 96 83 91 76 82 57 7 72 98 4 24 41 42 71 35 34 75 69 90 40 88 43 56 41 97 69 81 43 1 79 76 91 72 19 11 27 35 65 42 65 26 22 17 56 82 95 49 82 53 78 57 93 92 8 86 77 79 54 4 13 95 96 89 44 97 18 4 49 61 18 20 81 85 64
43 76 92 92 97 13 10 8 83 14 37 80 39 91 9 47 68 26 34 10 23 15 15 25 11 8 98 95 40 66 23 18 48 95 49 100 69 45 39 81 59 30 89 32 85 11 67 20 27 57 3 56 38 40 17 9 19 50 93 67 91 41 52 37 27 73 86 92 66 15 16 84 39 29 9 17 88 51 91 95 11 35 18 42 78 5 67 20 40 29 45 87 35 3 60 66 51 87 97 64 65 3 93 92 28 61 23 99 78 89 100 100 41 85 45 77 4 24 21 82 7 73 75 18 100 74 43 70 60 50 17 33 80 43 72 2 87 48 43 86 19 58 95 70 29 19 46 88 40 75 12 94 73 40 56 31 1 71 24 1 36 85 59 64 51 30 31 18 78 25 76 94 46 9 20 5 93 48 81 14 51 32 24 35 87 50 10 63 50 27 35 26 80 5 74 50 19 51 77 87 28 32 17 61 69 16 18 36 4 2 60 34 57 44 98 68 39 89 1 3 56 68 13 65 26 94 3 89 60 27 60 40 23 1 38 34 95 88 38 26 26
44 57 19 95 85 30 36 34 72 56 22 75 12 98 69 33 94 57 42 97 10 8 25 43 89 12 92 97 25 48 25 56 36 20 40 62 85 69 74 75 91 86 90 77 42 22 35 55 57 100 43 93 94 99 51 80 58 85 22 20 58 84 14 8 53 15 42 81 42 35 9 72 23 4 32 91 32 83 91 40 18 96 13 79 27 70 61 3 16 24 57 93 44 54 40 54 57 42 87 36 17 64 90 47 1 98 86 43 29 32 99 7 49 59 45 24 33 77 60 49 72 59 99 82 6 58 86 7 34 71 21 26 94 59 4 7 20 1 46 42 56 43 82 8 25 64 96 30 95 85 56 56 3 7 22 85 42 2 25 73 29 19 56 8 54 10 23 89 21 71 17 1 100 15 68 6 18 62 44 91 87 36 44 98 24 91 16 99 31 65 93 29 30 29 72 91 46 82 73 30 30 91 18 42 23 93 60 84 91 66 35 100 34 68 79 80 83 81 89 55 76 34 45 82 91 17 92 18 80 35 57 96 84 78 10 42 29 84 2 50 58
45 33 9 51 18 78 3 8 60 24 5 77 64 28 42 96 44 45 31 73 3 72 78 92 51 58 39 53 11 9 8 1 20 60 13 17 87 78 32 97 8 8 62 92 80 16 4 48 68 85 20 42 4 17 34 19 56 27 4 94 38 76 45 82 45 60 1 49 60 31 3 8 10 81 20 40 13 50 11 22 32 34 68 69 47 86 32 41 9 78 81 73 38 78 55 67 92 70 7 14 7 36 79 67 48 90 44 78 44 65 48 10 9 95 73 84 47 71 91 44 35 51 31 51 97 30 67 53 11 91 18 50 81 22 37 59 36 61 22 66 41 36 82 18 51 2 40 46 67 1 5 73 37 11 20 53 57 86 80 71 68 69 21 20 96 14 31 93 29 91 57 49 33 6 100 32 87 4 4 90 87 57 27 97 99 7 85 64 52 37 22 29 22 96 52 66 88 40 38 49 82 9 70 13 48 30 39 29 98 46 61 97 68 21 83 2 64 60 82 81 77 18 82 24 25 77 86 57 74 65 41 60 98 79 36 26 17 5 18 25 23
46 64 86 33 91 22 77 25 71 13 19 23 21 87 79 33 92 81 80 94 89 15 9 19 49 54 60 30 81 90 32 65 32 56 16 8 59 70 76 53 2 16 86 97 52 44 12 32 39 21 81 15 71 65 55 82 83 48 57 36 61 25 70 76 49 19 24 1 5 89 14 69 87 63 85 57 26 45 55 46 40 34 28 50 49 19 1 88 31 12 86 5 85 14 19 3 73 32 28 74 76 49 86 77 66 91 67 2 35 76 81 24 60 42 42 54 85 12 14 36 30 10 14 72 35 16 44 93 61 82 5 90 7 20 29 96 82 32 88 19 96 18 42 89 3 66 70 61 54 68 39 40 6 5 8 44 65 99 66 57 7 31 71 38 13 73 91 60 2 17 58 93 4 23 80 11 79 24 93 48 84 4 57 80 8 66 85 75 25 94 88 73 32 22 52 13 13 30 84 31 41 93 63 11 99 41 94 2 3 28 57 76 7 55 58 87 80 11 2 16 26 25 47 49 9 35 23 27 47 4 2 3 86 13 14 3 61 11 19 86 68
47 14 16 8 66 76 59 41 100 99 98 30 65 82 94 10 72 84 1 57 100 97 63 42 9 58 17 86 84 30 83 57 50 73 39 92 11 76 67 16 62 75 81 11 40 44 12 61 77 74 87 62 22 36 85 91 87 65 67 84 58 29 62 89 97 79 46 21 29 25 37 14 31 22 63 83 75 80 87 93 77 81 52 29 85 84 15 61 32 41 30 42 51 17 60 77 95 74 36 97 45 91 91 9 75 11 89 32 85 68 81 44 4 15 79 43 74 25 17 26 99 87 64 70 69 21 12 1 18 6 28 64 24 10 26 69 90 25 69 76 87 85 15 11 18 4 39 15 100 33 16 32 54 6 66 6 9 30 74 45 66 36 6 97 11 88 99 84 59 58 22 35 89 85 18 41 36 49 55 26 56 6 97 42 86 28 14 8 29 90 6 12 38 27 12 72 100 24 88 3 60 27 7 83 77 54 74 16 8 70 17 15 26 76 20 54 64 35 33 13 53 73 21 2 57 50 14 21 76 65 27 54 38 10 94 46 45 32 64 16 93
48 27 44 47 100 10 75 59 39 85 10 25 53 50 89 67 32 10 50 75 11 51 80 35 15 76 97 83 100 76 88 97 56 44 94 93 42 44 45 14 30 98 69 25 85 88 98 92 12 21 92 65 64 78 36 35 63 8 90 76 41 99 58 70 42 46 6 5 28 77 91 74 45 44 16 34 58 61 42 35 60 28 77 67 95 100 21 1 87 65 96 17 13 54 11 98 57 18 9 62 90 66 11 38 47 81 19 99 83 35 71 97 18 45 85 62 83 68 31 34 69 78 31 3 15 81 83 71 65 2 5 30 90 95 46 80 46 100 71 49 29 4 27 75 27 77 7 35 19 77 17 80 82 24 62 25 37 95 100 60 52 43 19 55 96 41 19 82 84 15 51 100 51 35 51 36 85 31 13 34 70 27 92 91 92 37 6 82 77 47 43 6 74 9 82 55 36 90 63 57 83 89 2 14 3 99 49 60 11 49 23 70 55 45 31 22 42 69 75 1 27 27 18 41 64 21 39 15 68 55 48 5 40 69 3 77 78 92 79 47 33
49 39 5 53 88 15 81 28 14 15 53 88 63 93 40 69 29 26 30 5 37 7 64 79 37 44 80 32 90 14 73 7 89 86 19 48 89 42 74 19 70 60 92 7 22 43 14 42 49 94 67 9 95 80 58 80 100 22 93 89 11 52 16 45 72 97 75 43 62 11 65 32 83 23 12 15 54 45 48 38 79 13 27 5 33 6 45 65 95 57 43 95 1 65 58 53 4 70 25 65 58 32 72 75 86 99 72 19 66 32 49 58 22 93 79 42 3 1 74 67 91 67 74 81 49 77 81 98 65 30 99 42 85 36 1 12 96 61 41 14 21 60 39 62 36 99 69 73 53 100 81 77 28 75 98 81 13 48 62 61 11 71 15 77 46 91 8 37 43 69 8 11 32 26 98 96 64 80 16 74 14 33 19 30 63 24 99 78 11 88 81 84 76 30 6 55 7 34 2 16 18 7 67 90 41 85 40 9 83 5 40 17 54 1 98 98 51 73 93 100 81 63 34 65 26 61 48 67 38 97 46 39 9 89 21 69 77 28 98 36 31
50 94 99 70 65 56 1 49 59 81 9 31 55 79 6 94 96 31 8 31 6 46 76 79 40 92 100 53 36 1 41 35 49 8 82 36 83 30 84 14 33 4 30 72 90 47 79 40 63 18 38 27 29 87 44 50 5 30 76 43 44 83 72 87 100 67 98 54 41 48 21 65 47 16 31 48 92 44 90 57 22 56 15 34 1 58 53 14 13 29 78 96 11 30 86 78 46 81 26 76 38 89 23 76 63 53 15 13 76 57 81 91 62 97 27 86 9 81 8 33 93 47 42 86 23 43 91 22 98 27 17 57 20 6 82 62 26 95 91 1 10 69 40 46 93 81 25 46 85 56 92 60 93 78 34 38 66 38 62 27 55 27 21 24 62 60 60 52 40 59 80 29 24 69 46 40 14 60 28 58 88 66 47 9 69 44 93 37 74 16 82 29 78 75 28 80 79 94 93 97 9 73 10 35 9 90 51 98 98 15 33 39 51 60 83 78 57 11 42 76 58 1 29 46 100 85 50 52 86 12 74 26 17 98 94 93 21 51 23 60 47
51 43 93 91 57 7 11 76 71 70 61 79 60 25 84 56 70 67 47 77 63 56 53 50 29 93 76 22 8 10 25 20 40 90 11 1 60 93 47 63 100 34 48 37 35 42 8 11 74 29 7 60 58 90 83 92 53 50 48 24 50 11 68 7 41 94 12 100 91 61 53 70 82 57 64 60 85 94 28 19 37 92 56 55 94 6 14 94 36 66 89 70 4 29 83 52 65 91 99 74 65 92 44 33 90 50 46 71 4 25 85 6 55 23 63 57 92 11 60 48 7 68 58 84 59 68 41 68 44 36 65 94 40 83 9 85 84 51 8 77 31 84 60 72 22 77 99 14 2 45 98 54 38 88 24 46 58 66 65 95 54 73 99 93 79 79 74 62 100 30 42 3 31 23 89 48 77 16 51 61 23 53 49 98 48 64 43 21 4 90 84 15 73 32 68 36 93 35 23 92 21 7 41 91 100 77 20 71 50 18 67 12 37 32 7 87 72 16 13 57 13 39 47 18 66 80 9 13 45 72 55 53 15 88 46 91 42 14 4 30 88
52 11 50 41 83 6 70 52 68 86 17 59 94 88 3 25 13 81 33 97 11 43 72 100 57 51 32 89 89 71 49 88 67 26 27 61 99 88 24 74 56 63 57 16 50 38 32 60 50 21 82 61 31 79 85 95 97 56 88 13 31 45 45 82 96 52 87 20 57 41 49 22 48 67 11 13 45 91 78 21 45 46 50 3 74 26 28 95 99 61 76 4 74 93 60 13 32 5 69 36 75 91 19 56 14 35 4 89 8 62 3 92 89 75 56 91 34 67 72 10 23 30 68 78 81 70 46 76 14 44 61 95 68 40 24 74 73 99 60 83 25 5 14 57 7 63 69 52 12 45 53 95 87 83 86 18 56 77 98 14 47 76 56 35 75 61 21 11 56 81 11 39 5 3 15 84 80 49 50 60 43 15 13 22 14 20 22 2 47 29 20 66 77 16 27 51 55 4 96 80 49 94 6 56 43 75 23 43 28 41 93 93 54 35 37 72 35 37 70 7 91 52 39 34 60 92 21 75 31 65 53 59 75 21 66 35 92 35 98 26 57
53 31 48 80 93 46 46 98 39 94 62 86 88 1 80 78 35 77 31 66 58 13 99 22 26 35 55 71 45 99 70 37 11 68 35 94 23 66 4 60 49 38 50 43 75 56 31 83 38 100 92 54 7 53 49 5 22 22 80 16 47 53 35 85 90 36 10 62 72 39 92 98 53 25 54 97 43 62 9 40 42 25 56 80 93 1 93 66 64 62 69 100 9 68 63 48 99 46 36 17 43 98 71 60 86 21 62 46 98 32 89 42 91 46 58 64 66 6 38 18 30 77 100 71 64 38 92 68 6 39 76 73 20 86 33 59 97 1 17 95 3 89 73 83 83 44 54 29 92 70 95 45 15 50 35 77 27 88 53 29 1 1 48 1 95 40 92 73 66 33 77 33 79 38 93 25 67 66 12 63 35 24 82 22 36 34 17 52 35 92 39 57 17 39 8 7 24 67 82 27 8 92 39 73 35 46 51 63 91 68 25 22 93 71 95 70 68 79 76 49 5 82 51 15 43 67 76 100 58 56 48 67 46 83 13 88 38 89 28 66 70
54 25 87 58 62 91 8 59 100 7 99 60 38 40 32 69 40 71 92 100 1 85 28 34 8 93 29 60 98 24 30 45 81 93 25 13 16 87 9 44 6 40 47 13 14 84 70 4 66 85 74 97 69 73 86 45 96 18 2 3 51 68 95 42 81 72 93 26 69 62 17 21 40 26 39 67 53 37 15 9 89 39 61 26 27 12 61 22 28 44 32 33 73 93 47 46 88 12 83 47 38 36 98 15 20 13 14 66 35 14 22 47 96 41 50 26 79 25 71 18 63 5 39 21 29 55 8 13 23 99 51 20 9 28 80 32 43 44 46 64 16 18 34 61 24 68 30 82 96 7 80 40 100 30 14 79 48 90 50 22 7 14 76 8 29 88 11 23 76 12 39 46 40 3 74 50 1 1 89 29 36 57 11 12 42 79 65 52 86 83 96 98 70 90 3 49 43 82 88 40 42 48 31 61 92 25 15 52 55 51 93 30 98 14 3 65 86 33 24 72 43 74 65 86 80 51 29 62 61 60 62 52 6 82 13 28 3 12 88 22 95
55 53 42 32 41 23 63 3 71 73 62 64 15 91 17 89 92 65 69 54 26 30 59 74 65 85 9 22 38 87 1 3 22 74 24 59 65 98 44 5 53 38 51 93 98 45 40 90 89 45 70 96 36 68 93 72 35 12 9 20 20 61 2 39 13 91 83 26 58 34 77 18 21 17 17 3 26 88 6 78 86 60 39 37 46 52 64 96 11 45 10 100 44 74 82 30 82 23 45 20 78 94 22 81 71 16 20 61 63 74 70 7 17 56 6 64 66 15 25 21 31 98 60 54 53 66 98 38 15 16 7 11 80 15 81 34 16 29 59 60 43 74 36 24 52 38 62 20 39 82 86 74 12 62 3 100 50 16 63 49 38 39 69 31 57 29 89 81 87 92 19 75 37 95 14 28 100 69 45 100 77 85 83 31 59 56 33 49 93 72 65 9 16 29 60 80 45 23 24 75 63 86 19 85 41 15 39 14 13 70 36 84 28 29 41 70 69 41 27 27 71 88 55 19 14 68 6 14 29 35 60 29 34 51 50 53 32 81 90 11 79
56 29 32 84 53 56 8 54 70 46 89 90 23 29 24 49 38 3 65 11 27 37 33 97 57 79 77 7 46 80 4 89 94 18 26 88 2 51 64 51 84 3 11 86 49 82 35 74 98 55 69 100 10 11 31 23 11 64 88 66 56 11 34 55 36 99 44 22 9 49 56 79 21 29 66 79 4 87 72 66 94 74 42 5 16 93 18 24 19 1 1 72 96 79 52 59 6 6 57 11 5 15 85 65 28 78 5 61 33 52 17 63 55 33 28 61 95 27 60 6 5 19 36 16 95 80 74 60 70 78 32 62 96 16 83 31 80 92 67 93 31 16 54 34 50 28 47 35 26 61 80 40 75 96 40 36 20 5 73 63 48 94 36 45 30 76 11 85 34 45 44 8 46 11 65 45 48 55 17 68 20 78 7 21 27 20 57 44 45 57 42 2 56 40 69 76 29 66 76 82 50 99 58 22 67 60 29 16 50 65 32 11 58 88 11 53 36 67 37 42 18 89 44 80 51 31 96 10 56 97 56 72 28 48 82 91 5 76 9 47 72
57 13 18 25 79 75 16 59 81 52 63 87 49 54 6 98 11 17 81 36 26 33 77 24 91 81 22 13 88 39 75 71 75 14 28 33 89 6 87 65 76 90 80 2 29 60 42 1 42 68 11 25 5 21 92 41 21 5 49 65 13 58 61 18 14 47 21 96 54 23 61 100 63 22 51 58 34 21 46 75 57 24 28 90 85 61 78 75 3 82 38 84 9 1 60 99 89 67 44 15 2 21 7 8 15 64 16 60 64 64 66 88 7 93 1 27 5 64 20 34 97 52 64 99 28 86 50 71 47 74 9 14 8 29 50 16 82 60 21 94 6 12 77 91 44 55 85 63 59 17 95 68 9 12 11 24 44 65 92 3 27 63 22 32 62 97 57 25 93 71 13 34 37 47 95 8 17 57 44 77 42 27 1 46 59 61 63 2 68 22 20 5 44 35 8 61 87 49 86 29 30 75 89 84 50 87 50 35 89 91 80 31 50 25 34 57 56 25 81 42 65 35 51 67 87 25 90 14 90 5 35 32 30 1 15 76 27 57 74 73 22
58 57 27 71 62 100 15 7 78 85 100 72 61 13 55 8 29 46 19 43 1 74 49 96 1 90 14 10 24 47 41 53 14 15 73 52 72 83 84 29 88 63 36 3 78 26 49 82 12 51 26 42 28 50 90 37 88 22 75 100 79 68 24 17 54 77 89 92 9 23 93 81 46 53 70 90 76 56 58 49 88 57 51 75 81 48 51 75 70 69 45 86 33 14 21 98 48 33 93 15 29 41 49 5 30 45 68 56 86 82 19 36 11 18 59 86 73 26 74 78 74 68 20 26 82 49 80 96 69 27 13 60 68 48 13 38 62 79 39 8 79 33 78 48 40 19 95 86 83 67 57 98 65 34 8 99 100 3 55 88 1 1 42 95 87 47 63 84 60 48 65 93 23 78 67 96 93 46 73 60 43 73 84 82 33 77 85 66 26 86 79 80 59 54 75 68 41 99 85 70 55 61 97 5 86 78 46 50 56 53 85 95 37 44 66 15 81 48 11 80 66 47 75 67 75 3 38 81 8 17 48 19 93 19 30 79 43 74 85 41 39
59 95 90 12 27 24 14 36 39 83 28 24 17 45 15 81 75 84 98 74 90 3 61 80 91 7 61 92 30 5 90 98 11 73 12 56 94 14 32 70 77 62 81 91 61 5 18 96 5 74 94 38 68 22 16 54 34 48 52 43 85 55 88 14 78 87 54 2 36 78 68 66 22 59 84 25 10 39 93 72 56 50 59 20 13 95 14 57 39 22 8 78 80 16 84 49 96 72 88 18 31 96 50 56 38 68 81 17 67 38 42 23 68 8 42 16 11 46 99 61 23 44 27 19 33 52 71 80 99 36 94 87 17 73 100 49 10 68 97 80 67 52 47 12 43 13 82 98 27 43 3 37 58 3 93 95 75 13 32 58 26 53 74 33 55 28 46 17 10 41 12 5 15 36 33 21 49 36 6 18 20 90 67 37 37 59 50 89 95 69 5 62 85 37 6 32 69 16 13 33 72 58 39 45 74 33 75 9 17 29 19 4 22 82 13 79 85 98 62 30 5 90 49 52 50 72 4 40 45 47 43 17 44 21 6 15 42 40 92 73 83
60 99 93 58 100 40 25 65 3 37 99 9 77 71 11 74 34 94 29 91 48 9 85 12 21 62 76 70 31 29 28 87 66 36 98 42 36 14 32 42 88 84 15 64 92 100 84 93 47 98 81 13 63 70 63 27 74 37 19 99 88 4 35 18 74 66 22 22 85 65 91 84 2 13 78 44 91 88 35 10 93 26 41 34 18 9 88 6 51 48 71 47 15 17 4 57 9 91 44 6 49 60 6 23 83 43 79 28 20 44 69 39 62 90 91 64 28 41 14 22 89 91 34 63 35 17 80 6 9 60 82 24 48 6 13 16 39 39 43 56 6 29 24 55 21 28 18 60 25 47 25 84 15 90 3 67 43 47 96 65 80 7 12 92 51 89 80 3 96 53 7 93 29 92 45 94 99 22 98 93 30 62 16 9 85 100 100 14 56 5 50 7 95 54 68 16 69 49 65 60 38 10 54 17 47 91 6 2 56 67 12 13 78 34 65 90 38 10 93 93 24 91 46 62 19 83 92 32 28 4 59 29 48 91 81 72 24 31 89 80 90
61 96 4 94 84 80 34 59 13 96 49 32 24 11 95 62 20 96 17 47 91 12 41 6 30 61 69 96 70 66 99 10 48 78 89 45 12 21 11 45 40 57 97 90 28 78 60 88 41 54 45 64 43 34 31 99 11 29 24 4 85 55 60 68 26 45 20 94 17 77 81 31 92 37 76 46 81 38 77 31 58 74 71 5 66 60 14 23 94 14 80 91 25 11 23 3 81 22 33 33 88 79 17 92 95 6 50 52 18 3 22 47 6 74 47 9 54 49 85 21 7 47 77 5 49 7 75 46 74 85 34 76 13 62 25 52 24 68 10 40 52 14 14 86 35 35 15 40 77 81 82 72 76 34 25 6 3 78 58 76 98 44 29 66 87 41 67 46 83 56 25 28 33 70 79 20 96 6 56 92 91 40 30 92 72 68 100 66 36 42 96 53 93 48 36 47 65 81 28 90 20 43 23 91 51 37 87 4 38 16 10 54 69 38 1 17 35 11 10 67 94 20 73 96 55 100 26 29 56 60 94 79 74 90 1 24 6 46 64 68 62
62 7 40 57 33 15 78 27 11 89 36 68 68 55 22 96 97 61 82 63 13 21 56 11 54 43 88 56 17 28 91 10 62 38 59 35 1 44 88 43 63 25 77 84 19 80 79 62 78 89 73 59 85 13 51 98 2 57 80 70 2 86 64 70 34 65 62 16 40 47 2 20 40 72 63 39 44 56 64 53 23 90 52 32 88 40 68 94 34 3 68 51 80 14 49 28 74 93 60 70 41 62 72 26 24 89 48 53 9 9 95 27 3 9 83 55 94 15 7 23 72 46 30 17 57 25 71 80 31 83 42 53 85 73 32 57 44 16 57 31 65 45 25 62 69 100 14 62 7 10 46 70 57 43 20 5 74 49 18 77 78 46 39 43 44 76 67 27 79 30 36 96 22 54 23 53 5 29 80 57 12 23 47 29 16 87 21 26 19 55 42 8 69 17 50 19 66 22 91 77 81 68 75 19 37 64 17 60 67 47 35 32 17 91 72 6 19 95 12 84 98 20 49 29 63 93 82 26 64 6 97 25 7 74 4 46 29 27 67 47 32
63 47 15 30 21 74 43 94 61 60 10 6 94 95 66 61 41 32 66 7 50 91 32 82 42 7 29 42 48 87 10 53 78 31 11 25 67 25 15 14 90 56 80 14 14 72 89 36 72 80 85 82 70 5 25 70 49 54 17 45 96 38 76 98 78 70 87 87 21 67 99 18 55 4 41 75 67 97 36 61 27 48 14 88 82 31 98 70 84 73 91 79 70 36 36 63 47 77 47 6 81 10 37 69 37 80 12 55 24 100 34 32 50 95 3 96 18 23 24 10 50 23 50 5 41 84 54 35 95 20 71 66 86 13 55 74 41 11 40 68 81 4 61 44 21 2 17 45 35 83 25 86 86 44 31 13 90 42 67 34 70 88 61 21 22 23 99 6 17 83 4 66 23 5 92 81 13 11 72 64 95 38 65 2 85 12 83 13 28 91 56 92 90 83 1 60 64 16 89 16 1 29 27 89 37 39 57 21 17 77 7 67 34 85 64 9 75 5 85 5 54 74 40 23 67 60 42 16 97 92 57 3 89 48 94 81 71 77 68 24 23
64 42 12 51 84 72 64 94 42 87 35 55 55 27 64 96 80 58 51 79 11 96 47 83 87 36 5 21 35 86 63 5 91 10 66 81 14 49 80 89 88 60 85 32 12 15 33 85 60 60 37 39 50 73 47 1 88 32 26 39 61 32 1 18 32 72 84 45 17 96 26 9 5 42 32 73 36 29 4 70 55 37 79 4 73 59 62 69 60 71 84 39 44 59 23 80 72 51 66 2 27 63 75 3 37 35 50 16 91 83 31 88 12 47 87 16 81 81 25 18 11 83 67 65 14 74 2 74 98 69 63 14 28 64 89 87 29 6 99 26 82 56 88 71 21 13 9 54 94 34 27 34 14 46 97 58 58 53 65 75 73 13 13 20 49 71 61 77 75 12 47 25 20 97 33 11 30 52 24 6 89 2 13 98 86 24 1 17 19 28 22 19 28 85 9 79 80 64 40 63 100 88 65 52 10 85 29 26 79 99 17 98 76 30 16 27 96 91 75 26 73 61 74 38 17 3 81 30 53 18 14 84 93 40 41 79 78 83 77 16 86
65 67 77 68 25 41 84 2 60 36 90 50 6 100 68 68 87 83 8 18 34 58 34 34 18 93 96 44 62 81 65 73 86 57 1 29 22 10 60 62 99 37 56 47 45 94 97 44 10 1 37 67 3 94 45 70 32 98 19 90 34 4 78 44 88 33 69 63 65 3 79 49 82 45 42 51 66 14 57 76 97 17 92 58 89 39 23 74 92 40 45 12 33 7 28 20 76 3 21 42 32 67 23 99 38 10 100 99 96 34 1 67 79 65 34 14 23 60 52 14 46 7 5 42 91 100 59 95 6 72 78 54 3 79 74 65 10 79 21 48 98 13 66 77 66 59 26 84 32 19 96 70 46 52 51 64 24 92 29 83 49 43 97 60 63 77 8 99 100 90 84 81 74 72 65 5 83 42 78 11 59 27 25 6 59 31 30 99 7 9 79 92 80 55 62 23 63 95 28 17 72 58 61 20 56 49 31 77 17 37 88 59 82 75 80 60 50 63 63 89 61 66 59 83 93 76 98 52 76 69 51 20 67 10 71 77 41 75 54 74 80
66 92 50 48 62 57 71 97 77 84 40 4 61 48 49 4 16 95 45 16 99 59 51 47 60 57 20 22 15 84 82 6 99 75 35 87 41 63 37 80 92 86 91 11 30 8 95 46 72 1 36 56 11 82 69 32 75 53 46 82 57 68 11 31 28 72 98 77 97 74 27 58 59 85 14 35 45 4 38 66 61 91 5 14 10 96 99 40 73 4 91 45 46 31 68 10 97 85 28 6 51 34 97 28 91 18 87 98 86 59 11 95 95 60 86 60 27 78 34 58 27 38 50 14 12 96 59 41 21 22 83 5 60 47 52 54 87 84 86 77 67 1 76 13 97 81 23 80 81 98 21 63 68 11 62 56 97 7 95 43 58 87 95 36 55 16 95 5 69 22 7 50 63 63 63 98 88 12 2 99 8 9 42 5 47 29 18 38 95 38 76 76 18 41 48 38 58 80 69 6 42 26 28 96 45 76 77 15 13 63 75 70 60 96 67 56 80 7 59 18 82 24 63 38 1 18 94 85 24 33 56 35 84 97 25 25 77 67 24 17 52
67 53 62 57 85 54 88 87 19 11 8 27 6 89 64 78 81 18 96 61 71 73 97 69 48 37 96 83 36 44 67 89 20 33 36 63 13 51 82 100 1 33 2 98 28 97 24 42 81 47 36 17 75 54 86 94 18 95 48 52 1 56 24 99 61 66 77 12 28 87 29 35 92 26 47 3 7 78 100 39 37 58 32 47 80 9 18 31 68 21 51 76 22 67 40 6 20 94 15 63 61 34 87 55 14 35 39 48 28 99 48 53 39 42 67 35 92 86 39 2 17 18 4 80 12 49 95 32 16 80 71 28 18 85 61 59 12 51 24 61 30 86 94 50 75 30 83 39 83 25 56 100 97 8 26 81 16 4 53 21 95 88 66 51 81 84 44 2 89 5 51 37 50 5 16 91 6 95 78 36 94 93 38 63 45 94 75 76 93 22 30 12 83 14 44 34 37 42 83 9 63 89 69 28 66 52 94 4 13 37 84 3 63 29 17 95 100 26 52 32 27 83 83 81 47 66 71 73 67 11 73 51 8 7 49 2 16 75 28 16 77
68 73 41 65 56 58 6 49 59 55 15 94 71 55 64 92 36 76 59 21 49 45 82 60 71 32 9 26 41 14 85 56 97 34 32 28 65 28 86 1 34 3 62 76 66 66 45 16 95 62 62 12 25 65 81 28 82 32 28 98 20 75 31 77 44 66 13 55 51 92 38 100 34 78 14 93 46 2 60 41 50 68 43 100 77 65 30 65 79 29 38 60 28 51 74 98 8 88 44 27 88 44 52 57 76 49 64 8 20 48 17 94 13 8 32 15 50 39 18 86 70 29 89 50 97 100 94 71 21 95 83 5 45 77 76 76 54 91 93 65 23 96 85 19 91 18 30 99 49 13 85 21 64 83 62 53 86 76 51 82 13 64 19 9 68 88 15 23 84 3 59 75 49 62 86 39 69 46 82 53 67 39 64 89 77 56 31 79 97 20 33 2 37 58 35 57 77 40 27 10 85 87 33 2 41 65 66 60 87 63 6 71 6 83 26 47 27 35 34 74 88 43 38 73 7 90 8 76 17 64 80 78 90 17 57 87 38 99 14 83 72
69 49 2 5 54 62 67 82 3 30 68 11 81 82 1 80 47 84 18 65 78 91 16 48 28 85 36 79 2 68 90 53 50 92 33 17 73 93 21 74 74 34 59 84 73 20 45 23 30 90 9 69 23 1 20 14 2 24 94 18 63 84 98 30 57 67 4 23 74 94 20 22 72 16 7 41 96 93 91 77 55 41 64 77 49 21 63 95 75 59 76 51 63 31 65 74 51 48 65 30 63 77 27 2 61 40 72 10 68 71 60 27 7 38 88 71 48 80 8 81 4 91 16 54 31 75 36 89 23 55 13 61 19 37 65 27 21 82 12 14 69 22 10 11 43 14 20 7 99 21 64 11 30 69 83 53 70 75 81 74 10 95 88 59 80 82 55 25 50 53 57 84 48 18 16 28 5 55 20 26 43 80 7 10 71 54 55 84 47 37 80 27 94 65 90 26 21 83 93 24 70 8 53 12 56 69 72 49 74 49 78 36 65 87 64 49 62 43 96 96 4 16 25 24 27 58 97 27 6 49 66 73 79 57 18 18 11 68 81 83 27
70 86 5 59 37 45 2 99 5 85 69 76 38 89 10 13 39 12 32 85 97 80 75 3 46 97 52 12 78 82 44 76 18 46 59 43 44 32 83 65 3 1 57 63 2 89 78 68 15 87 30 67 60 37 58 98 8 52 12 61 34 67 1 95 66 89 74 63 47 90 45 39 100 5 85 95 83 78 76 57 79 54 50 22 19 83 46 64 43 97 70 57 32 27 71 2 11 44 15 67 85 47 67 63 91 30 50 99 49 34 44 48 78 44 30 28 70 95 66 60 12 74 27 24 36 11 25 78 80 52 66 47 5 5 35 29 49 85 59 42 23 61 27 74 35 51 27 97 42 39 28 50 51 34 35 44 17 19 23 69 58 3 24 76 55 11 11 80 51 82 38 3 48 69 61 26 40 82 59 5 72 5 63 74 70 46 63 60 12 52 55 98 59 95 29 47 10 55 64 65 26 6 81 62 30 67 18 12 29 3 49 27 49 81 80 80 21 33 3 34 12 34 43 5 85 74 87 84 90 96 53 73 10 50 41 33 94 31 32 99 26
71 52 59 65 15 98 50 65 8 30 90 57 5 5 57 78 74 20 72 45 17 89 76 43 49 86 53 92 65 98 22 54 94 6 97 22 43 77 73 7 66 28 40 37 41 84 38 22 86 81 92 94 84 31 85 21 65 12 99 30 77 73 37 6 5 44 90 97 58 48 80 83 56 82 83 65 90 43 60 64 97 44 77 93 66 67 6 44 95 23 81 28 46 35 68 67 83 57 32 49 29 91 58 52 73 41 40 42 19 28 76 83 15 77 45 56 93 28 60 70 86 26 22 20 32 80 13 12 19 16 15 86 64 14 44 93 81 62 68 5 100 4 83 87 25 16 19 97 88 14 87 29 60 72 20 49 66 36 4 64 96 68 99 30 30 75 13 88 79 65 6 33 17 79 96 41 2 26 3 37 45 62 18 60 78 67 69 95 87 4 54 40 44 10 15 93 46 30 19 48 56 100 26 61 46 61 90 55 44 43 30 1 97 85 36 33 30 48 27 35 93 89 49 76 94 62 10 44 2 69 28 10 64 71 61 38 5 19 40 42 46
72 5 22 31 57 23 19 41 11 64 13 14 68 25 16 77 64 17 81 45 12 87 87 85 33 17 68 31 13 43 35 58 33 30 8 92 89 75 27 80 6 2 6 94 76 70 31 13 55 31 79 2 50 16 42 45 43 60 99 62 57 46 44 60 65 58 8 98 2 46 6 71 81 12 31 19 80 8 39 32 61 33 82 2 2 24 57 88 33 53 83 34 44 63 20 72 53 42 30 49 74 54 46 44 6 91 86 17 7 5 7 76 89 8 64 16 27 34 80 30 91 77 29 72 51 59 67 71 44 66 19 64 55 64 86 20 94 69 4 37 38 39 80 94 99 84 43 9 55 4 36 14 66 20 31 11 84 39 82 62 73 75 75 20 3 27 100 51 69 51 54 13 70 6 100 1 83 42 28 45 91 30 53 48 100 59 90 38 12 4 9 82 25 40 15 41 12 89 31 91 60 62 79 66 100 49 39 61 59 15 70 46 93 60 81 27 9 68 28 92 25 89 29 60 96 58 31 99 15 40 73 67 66 74 45 9 3 18 43 12 32
73 79 23 38 36 61 32 74 14 61 73 85 90 99 43 23 72 49 16 40 11 82 79 16 4 31 99 22 84 68 43 98 53 48 75 11 79 2 77 76 44 30 61 51 67 13 67 9 33 94 3 93 11 26 20 82 15 88 2 9 34 46 42 28 85 10 20 57 38 1 39 8 82 41 72 29 79 16 78 96 82 41 62 35 12 7 20 18 91 20 75 6 60 21 61 57 91 6 15 46 82 39 32 2 84 64 35 58 29 47 33 15 73 99 25 16 9 23 32 73 23 25 41 49 96 62 67 61 13 13 100 17 29 38 35 51 71 46 36 44 19 74 44 94 91 14 25 66 21 45 13 12 58 19 46 79 70 95 38 43 79 32 29 78 67 63 62 86 24 25 8 90 17 21 42 23 31 79 17 87 57 10 68 59 50 7 88 60 95 4 69 44 73 70 66 1 96 8 31 60 44 21 36 81 19 18 38 21 25 31 6 9 48 30 66 95 87 45 59 74 62 78 38 34 6 29 79 72 70 96 67 60 10 2 80 61 82 85 77 92 41
74 2 28 76 71 56 76 14 4 72 87 32 60 33 55 53 33 100 87 90 61 31 51 93 28 46 29 87 76 90 2 54 72 85 6 44 13 65 9 46 36 44 4 14 67 49 5 36 15 82 60 29 21 25 63 95 96 91 17 85 74 69 77 3 93 43 85 44 82 94 88 7 94 96 89 95 4 3 50 85 64 56 85 99 25 65 93 3 65 50 50 81 77 78 51 26 51 29 47 34 82 45 76 95 34 64 40 43 72 89 7 50 9 72 2 42 21 31 37 43 22 62 72 43 20 98 4 61 87 17 7 63 80 90 27 10 13 71 62 32 51 75 5 83 6 98 26 30 53 58 23 86 87 19 25 24 62 4 71 99 80 79 81 79 76 77 19 29 91 47 3 75 83 51 97 87 60 8 76 71 66 50 98 96 14 4 72 19 99 34 51 41 10 28 97 65 28 51 17 48 69 47 20 86 60 3 71 22 32 82 62 49 80 54 36 1 7 74 27 32 92 31 3 41 54 43 13 4 1 36 31 23 2 50 65 31 14 65 81 65 22
75 60 93 18 99 85 84 42 89 70 10 68 60 19 18 43 76 17 1 29 25 43 50 90 25 88 33 97 50 47 96 94 35 86 91 88 85 17 93 42 99 26 26 66 97 9 7 83 41 5 59 33 92 62 78 3 46 45 57 20 61 43 83 44 81 19 1 78 87 29 64 60 14 21 8 87 34 1 45 90 83 21 91 6 22 61 92 3 30 19 94 87 6 26 90 67 58 31 79 1 15 31 44 64 10 14 30 80 81 25 94 4 65 4 47 30 60 25 73 46 25 91 21 60 20 3 27 27 15 13 82 68 50 32 90 59 16 68 47 27 8 76 10 43 51 70 14 37 94 35 50 83 63 52 54 39 72 77 89 72 57 7 45 37 49 97 19 93 86 42 63 41 9 3 42 54 52 84 19 59 39 56 82 19 13 13 79 78 7 2 59 72 42 18 26 70 15 65 21 26 43 32 68 67 50 6 64 74 70 37 48 22 77 48 47 44 83 75 50 33 50 87 74 99 99 52 26 60 11 28 54 77 35 2 52 81 72 3 69 48 57
76 7 39 97 75 100 35 13 48 65 1 46 23 55 75 63 33 49 75 22 60 56 59 16 37 62 42 25 31 99 63 14 81 14 17 65 74 85 45 44 83 13 84 64 92 62 26 98 7 48 65 77 10 40 93 75 47 18 25 3 31 92 93 54 35 49 47 100 1 52 18 33 27 98 78 26 37 70 96 4 70 20 5 49 78 82 83 100 87 67 3 91 76 43 82 73 96 37 41 56 15 17 53 36 20 69 100 64 96 26 88 12 61 36 4 14 15 31 92 12 46 58 90 19 60 76 75 21 30 90 7 65 51 16 82 85 2 63 38 39 89 92 32 62 100 84 81 35 65 84 3 62 86 88 72 8 97 18 11 24 97 81 39 89 66 42 49 29 66 10 13 9 12 57 54 19 63 92 87 87 35 10 19 46 27 95 10 79 57 33 89 49 60 70 79 68 70 68 91 90 77 38 33 59 28 24 1 41 8 89 7 100 46 38 29 98 94 31 15 17 49 48 72 61 93 4 37 53 80 40 48 86 85 44 51 98 39 37 37 53 50
77 80 74 53 1 15 46 78 21 4 93 52 14 67 68 61 47 44 83 83 23 77 76 96 23 34 46 92 48 84 81 19 25 47 19 78 56 48 9 25 85 22 98 44 88 41 88 9 91 80 48 60 74 27 74 69 79 98 30 66 79 20 32 95 51 29 76 73 1 24 16 42 39 84 22 33 31 93 47 53 94 84 7 32 21 75 50 20 60 71 22 27 64 49 61 81 62 53 98 22 38 32 48 11 15 46 71 89 50 12 4 8 8 32 99 62 93 98 34 54 53 23 7 62 96 28 41 38 26 39 3 100 99 99 62 55 95 55 47 72 58 52 1 6 16 94 17 35 50 37 86 28 29 9 41 67 65 89 79 65 6 70 56 86 65 86 31 12 10 84 53 93 3 66 9 69 75 10 7 75 52 96 85 71 49 100 94 80 38 47 92 100 91 64 28 36 1 69 99 1 92 57 82 1 82 55 66 99 38 84 73 40 91 11 14 38 40 3 66 62 28 69 69 27 37 23 77 58 10 47 94 45 15 12 31 66 44 16 82 62 10
78 15 5 79 61 72 73 60 24 56 71 75 54 9 33 7 9 49 9 95 8 74 80 76 37 55 45 11 21 44 59 89 100 30 62 94 39 45 58 54 75 93 40 78 10 37 53 2 17 43 82 26 83 32 81 36 24 6 100 11 13 33 30 10 84 3 80 99 19 18 64 38 6 39 22 45 41 32 79 45 39 55 98 97 61 95 14 53 74 78 93 58 96 44 60 100 88 81 81 2 19 23 3 81 83 100 59 65 41 46 44 47 95 37 96 75 23 33 99 6 28 93 89 26 21 35 43 34 70 64 33 77 58 82 65 8 87 99 50 52 22 84 59 92 15 9 69 22 41 83 43 86 64 79 19 61 75 26 43 18 84 83 95 66 89 78 58 25 37 78 37 92 18 74 28 27 19 34 38 17 28 80 52 97 11 51 75 99 92 63 22 40 86 35 60 35 92 65 76 56 5 15 56 56 68 87 95 85 87 53 75 4 53 32 24 56 66 100 39 94 79 12 28 29 80 22 24 41 59 19 22 36 68 98 35 13 52 79 61 38 6
79 44 79 50 54 97 38 97 61 64 93 33 82 70 82 2 60 88 77 48 86 31 91 94 64 7 34 84 48 19 5 16 90 98 11 14 44 75 56 34 79 57 27 97 47 37 31 24 52 80 41 77 70 23 53 65 10 26 9 21 98 60 87 54 6 12 71 46 82 30 97 49 73 48 84 84 65 38 33 15 51 7 3 5 87 67 10 94 6 52 30 17 29 84 69 38 1 36 48 11 51 54 27 26 96 12 28 50 78 41 50 77 69 62 92 65 66 94 6 76 50 44 87 50 45 17 53 26 90 92 57 25 64 11 38 22 17 1 32 64 46 57 81 65 100 77 52 35 3 36 94 80 61 65 34 81 79 18 42 81 68 99 56 49 59 84 59 17 70 68 55 57 11 40 67 37 24 90 43 48 45 42 34 12 75 24 2 46 64 36 55 74 2 46 82 100 65 11 31 80 57 66 18 55 31 40 24 1 41 52 44 88 96 4 52 4 2 32 100 46 22 28 68 41 35 51 66 41 58 65 11 41 3 73 68 36 72 84 30 20 73
80 12 92 35 16 16 31 35 79 68 79 97 87 5 26 38 78 87 90 83 1 40 14 78 47 49 85 24 58 20 79 61 50 16 49 62 29 37 24 91 96 43 4 48 16 62 50 99 81 82 53 61 86 21 78 97 7 58 87 91 92 86 99 71 1 95 40 91 12 94 9 77 21 25 85 63 20 71 29 11 28 51 35 60 65 17 95 46 32 25 96 2 75 52 74 74 86 17 79 97 100 92 40 21 82 11 8 93 2 57 54 18 87 13 11 60 93 53 84 41 87 29 81 86 66 33 20 53 32 37 18 26 45 55 32 46 26 77 61 25 9 73 22 7 21 96 56 21 75 44 21 6 51 32 49 33 78 54 90 38 6 98 64 27 21 78 17 38 89 68 61 90 21 89 27 29 9 57 45 24 19 80 97 5 79 28 79 80 42 53 32 72 20 98 65 47 17 83 89 100 13 9 52 40 13 25 74 76 12 46 10 49 27 74 84 11 89 26 57 74 95 62 11 43 14 73 4 42 65 58 45 14 75 64 57 6 29 68 68 4 78
81 52 92 31 79 90 19 76 21 8 27 70 26 88 72 57 75 53 2 39 15 56 85 19 87 100 77 100 91 38 60 11 28 83 52 95 25 66 95 39 88 3 2 71 49 20 56 52 67 85 27 70 95 64 28 99 54 79 82 90 14 83 15 90 98 19 75 95 68 57 55 37 85 49 28 74 14 18 92 79 16 38 56 70 48 68 82 55 67 40 31 22 100 4 9 42 76 22 67 21 2 84 63 46 5 52 71 75 80 29 60 10 93 40 7 53 84 85 19 62 2 22 61 27 58 71 73 94 47 83 74 57 26 62 90 57 84 96 83 13 27 41 76 30 49 40 83 33 46 80 60 14 74 93 96 96 46 52 53 89 60 71 29 88 76 73 24 23 56 92 6 53 8 41 12 4 35 59 98 16 37 32 3 3 88 31 3 31 25 70 53 45 77 48 5 89 98 5 28 64 12 47 10 79 55 6 100 10 17 35 43 33 83 95 6 43 2 74 63 10 18 33 20 53 52 93 6 97 85 53 81 29 67 60 37 20 88 75 4 4 48
82 42 46 50 43 64 31 13 86 43 40 72 61 10 66 87 54 99 41 100 48 66 82 14 57 31 80 58 98 66 32 1 55 42 29 36 51 96 15 67 88 31 6 69 18 86 28 48 9 50 54 6 11 94 54 95 17 77 13 35 83 41 36 19 82 82 49 58 74 52 34 33 8 56 73 28 31 97 16 33 19 69 82 51 20 37 62 76 58 48 31 5 29 33 13 26 51 96 40 66 24 100 98 70 41 69 1 31 2 21 12 27 31 11 31 37 51 5 86 38 41 16 32 2 29 36 83 91 82 75 45 99 77 52 85 34 50 19 56 3 93 76 1 35 18 65 48 2 1 75 87 15 52 32 37 86 12 95 45 22 71 39 100 46 26 57 38 56 11 95 78 63 81 22 17 52 21 84 48 1 7 98 89 38 90 97 50 61 19 58 32 45 48 50 93 26 53 71 80 4 29 63 98 47 24 16 14 15 51 5 83 81 46 29 96 90 76 85 25 88 65 46 89 98 1 97 14 12 43 10 50 25 69 69 25 35 47 65 3 86 89
83 83 91 32 85 23 90 85 64 26 90 46 61 35 64 58 10 57 84 59 91 89 36 33 4 60 88 35 43 91 38 96 31 78 40 52 88 78 85 73 72 26 17 6 90 36 59 69 92 10 57 93 92 96 26 85 15 12 24 2 30 92 2 53 9 67 32 33 94 93 45 53 61 88 90 25 31 45 74 65 58 79 14 83 47 29 57 44 40 45 57 14 97 78 100 78 84 57 20 17 57 34 4 17 80 93 65 73 10 74 46 76 44 30 20 7 40 78 41 7 83 31 32 99 99 57 57 93 26 30 68 17 9 21 75 30 21 75 92 36 72 57 84 63 54 77 17 65 63 83 7 42 53 68 34 89 17 61 24 53 23 10 21 40 75 29 89 84 38 48 85 56 59 99 56 57 6 71 24 91 69 93 1 20 24 42 72 41 9 17 88 76 68 19 24 17 19 55 45 19 100 78 23 93 95 47 76 78 70 73 94 20 59 88 34 24 92 87 96 85 92 59 55 11 21 48 37 98 62 56 74 69 90 84 10 47 97 52 40 25 61
84 63 28 42 14 68 37 24 65 21 98 23 87 78 95 74 82 86 53 84 17 16 49 91 56 41 83 85 42 52 29 61 16 13 39 20 83 88 22 17 92 8 3 12 3 88 14 68 63 78 84 40 60 62 60 41 13 7 86 60 17 23 78 65 47 14 38 77 5 39 95 27 20 95 85 28 95 95 39 84 96 48 58 44 81 98 42 83 18 71 13 75 4 47 49 6 13 84 68 59 98 64 35 66 21 57 59 54 12 28 31 51 36 56 57 38 65 64 26 81 100 51 82 98 47 79 89 2 9 17 89 65 2 48 30 19 94 7 58 45 64 71 82 7 43 48 100 25 27 92 78 99 40 24 97 86 67 63 78 27 58 13 54 56 90 27 15 23 52 41 47 40 36 66 54 20 64 64 68 51 62 71 10 18 49 68 49 65 61 86 81 31 15 97 56 45 51 2 11 28 88 55 32 73 16 87 81 83 20 36 68 4 81 45 2 61 34 76 44 32 11 96 13 29 21 22 57 69 13 21 29 68 22 43 13 80 55 69 3 30 29
85 5 76 85 45 90 6 48 31 53 96 60 43 86 3 69 4 19 51 76 33 19 8 5 50 50 52 46 17 80 35 90 2 43 6 89 65 26 27 8 59 44 58 92 10 25 82 48 13 41 8 38 44 32 37 39 11 2 63 7 76 51 24 53 65 6 52 98 80 78 40 35 53 28 50 8 12 100 13 59 35 96 77 17 15 62 83 9 58 25 97 35 3 54 84 65 67 62 21 27 12 81 77 17 92 54 60 8 89 19 28 2 74 64 27 34 63 74 7 37 28 91 19 75 59 68 78 36 38 30 27 93 62 10 84 47 72 99 55 18 98 49 37 24 99 11 31 61 98 86 50 89 19 12 6 43 23 75 47 65 85 60 75 52 97 35 51 73 46 38 74 56 26 17 29 34 24 20 2 69 73 37 70 95 28 20 24 39 65 84 7 29 50 72 37 30 61 69 9 42 72 66 28 49 27 45 75 54 75 26 17 27 8 72 48 98 43 61 66 53 10 16 20 67 29 36 71 40 21 74 20 43 81 58 37 52 56 64 76 12 4
86 87 45 64 18 40 22 21 34 29 34 90 22 32 97 21 44 95 25 18 36 40 9 40 95 58 2 81 9 19 95 98 94 53 63 48 66 17 27 12 44 45 28 13 2 74 82 96 11 99 31 54 32 10 44 78 30 65 42 15 99 69 45 16 5 39 75 74 81 12 39 42 61 67 72 66 9 10 66 79 59 79 38 11 77 21 32 50 29 97 6 49 46 43 81 87 23 9 91 39 83 59 3 80 25 96 62 18 63 43 2 32 30 5 25 99 72 58 88 92 72 57 89 1 97 84 98 48 2 32 16 2 98 15 15 55 99 64 82 14 63 36 32 87 65 41 30 78 13 67 92 55 13 7 57 73 58 6 11 78 75 70 43 90 74 69 2 7 30 45 52 97 53 32 12 91 33 57 44 98 33 90 59 19 68 84 3 87 50 36 38 36 27 94 25 68 74 34 100 25 56 93 95 19 36 27 84 19 49 33 100 73 62 68 61 22 9 46 73 17 63 98 11 21 76 83 47 77 77 7 81 89 13 83 45 100 69 58 82 37 66
87 21 66 13 37 21 65 88 25 93 69 94 92 78 50 66 45 62 38 100 20 36 42 93 60 81 98 70 67 29 17 25 36 43 15 100 11 15 100 67 99 85 74 52 45 52 38 83 3 27 19 20 65 9 13 72 4 68 8 17 54 88 72 75 79 31 15 87 42 89 65 66 82 46 71 2 36 74 52 92 29 80 33 88 79 36 59 57 36 34 98 68 40 89 82 7 29 79 47 53 97 56 44 18 88 10 43 7 69 83 14 26 41 61 43 14 64 98 38 85 24 33 39 82 24 57 78 71 79 75 61 92 68 1 35 12 27 3 19 88 32 46 97 91 98 2 56 29 20 19 77 38 34 64 31 92 97 35 60 14 97 80 33 25 97 55 99 64 24 31 81 17 73 38 52 85 71 9 29 82 58 55 81 66 16 58 62 66 66 25 68 55 38 63 58 67 18 47 69 94 60 79 52 70 43 74 96 49 47 7 85 47 44 59 1 70 55 92 100 50 17 99 41 63 49 30 91 14 72 23 13 78 3 19 10 74 45 34 65 59 3
88 85 71 87 53 66 38 73 3 81 22 39 34 95 13 6 41 2 85 95 91 14 1 32 83 88 95 22 58 52 3 34 64 20 1 26 80 79 86 81 100 49 7 76 58 2 25 4 46 14 62 50 80 9 12 92 4 82 58 38 9 77 76 38 76 27 20 47 94 100 5 84 73 6 61 2 36 50 66 20 70 44 23 92 15 48 95 50 57 51 27 77 49 52 97 46 92 20 6 96 57 14 7 62 50 54 58 71 1 39 20 30 45 49 41 46 48 39 100 15 19 53 45 23 50 28 45 81 78 43 64 42 53 38 22 17 31 48 42 96 96 6 43 41 30 37 96 95 35 63 63 55 51 68 6 8 45 43 84 21 15 45 23 19 83 5 83 99 63 19 64 83 76 6 2 90 64 57 65 70 48 70 81 88 94 89 27 25 37 2 49 77 29 38 81 47 13 98 53 33 82 100 74 1 90 97 52 2 1 50 28 74 10 70 33 64 62 81 82 19 99 3 17 3 56 99 41 48 82 86 39 6 14 7 33 55 82 58 8 31 81
89 30 28 39 10 65 98 95 53 51 16 35 27 88 59 38 94 80 2 40 1 5 83 73 44 63 46 70 57 78 24 77 40 4 8 88 35 34 2 74 47 41 74 56 78 68 73 81 79 13 20 99 41 40 86 90 56 92 91 74 99 100 55 4 41 63 99 18 18 89 33 49 92 13 5 78 75 82 63 78 62 87 51 56 96 19 26 49 22 53 22 76 23 86 16 27 3 67 10 62 18 37 65 17 23 3 26 50 55 36 16 65 16 59 59 63 91 86 53 78 55 90 99 25 31 55 58 84 95 83 36 19 2 61 82 38 54 87 96 12 9 9 93 76 81 53 31 75 88 45 78 11 29 93 42 66 65 94 15 87 77 28 11 87 46 53 45 45 3 54 16 23 39 83 53 1 17 19 51 75 42 77 10 41 10 64 42 24 62 51 52 88 87 53 21 24 49 22 52 25 95 65 76 39 87 99 29 61 96 69 94 10 33 13 24 3 96 22 22 31 95 84 23 56 48 15 81 76 70 7 63 22 17 33 34 67 91 45 42 6 43
90 76 82 80 24 73 66 12 54 77 91 29 65 43 65 23 73 11 1 6 61 76 97 21 94 46 17 44 18 40 100 19 59 73 81 17 69 55 53 38 99 98 77 42 63 92 15 14 74 75 6 77 68 74 68 62 56 72 5 45 13 100 83 4 4 100 82 14 54 59 83 58 39 80 70 99 100 22 100 36 78 35 16 19 59 88 81 90 82 52 1 62 52 90 36 76 92 12 42 78 57 40 37 69 12 95 100 66 2 8 4 81 10 17 73 23 83 41 49 47 14 51 47 76 56 93 11 99 96 46 15 69 37 87 83 13 73 62 11 32 3 11 45 60 69 97 65 59 76 42 81 98 57 54 3 19 42 55 13 45 63 7 55 54 49 68 99 41 48 81 23 69 7 30 61 38 31 38 92 68 86 30 29 6 34 65 15 8 37 99 17 57 59 52 56 41 89 57 75 64 21 68 85 64 12 12 80 8 72 35 51 94 49 7 2 78 18 100 34 29 9 99 15 39 45 37 22 58 12 10 40 66 33 26 35 96 49 13 92 64 85
91 35 97 5 67 11 95 95 88 12 59 62 63 81 75 94 75 85 62 70 41 58 92 21 11 89 62 100 71 70 6 1 14 27 76 62 85 52 48 49 16 34 11 68 86 47 2 45 58 55 92 93 59 16 56 80 6 64 58 4 55 5 4 2 36 26 63 53 49 84 85 19 87 48 3 1 16 81 86 73 25 82 96 88 68 9 65 36 28 58 91 84 75 94 97 65 23 9 2 35 50 89 87 34 24 70 96 72 13 47 33 63 44 91 91 15 32 90 40 81 60 62 46 84 82 98 93 25 56 27 38 24 19 47 27 2 17 65 84 89 62 9 81 63 71 69 15 38 99 51 64 49 54 3 26 79 53 57 50 13 31 82 56 90 93 85 70 16 36 95 93 21 14 43 44 36 19 31 43 17 70 47 93 9 22 25 47 8 76 84 78 29 14 16 73 77 33 29 81 79 77 96 43 48 77 61 72 88 19 77 51 47 14 77 3 1 23 90 89 68 83 68 21 57 78 27 22 1 97 85 53 48 100 42 78 50 80 24 45 36 61
92 39 27 87 41 75 58 89 78 60 80 72 52 77 72 71 17 73 20 77 38 94 23 97 53 89 27 56 38 63 66 94 71 50 46 23 89 89 51 3 76 71 9 42 49 42 80 12 38 64 9 19 64 87 87 99 95 72 61 74 8 19 48 56 32 41 56 71 56 34 32 89 91 27 79 36 11 67 36 28 32 23 98 23 2 100 61 7 17 86 18 72 53 90 31 83 58 90 86 82 37 79 63 90 19 96 15 5 82 100 72 5 1 95 65 11 12 68 76 26 80 9 73 41 54 64 84 27 53 42 98 35 66 54 95 80 21 65 35 27 91 7 87 49 26 40 31 57 31 11 31 7 40 59 30 17 26 23 74 71 36 55 75 12 14 85 52 37 61 45 34 16 83 53 9 93 39 16 65 87 23 79 78 84 6 31 29 18 14 26 41 27 49 50 66 76 4 27 66 96 56 61 8 62 12 66 60 85 56 88 99 37 20 60 73 87 98 22 24 80 91 83 61 3 38 81 10 51 15 60 7 53 71 39 5 4 81 76 46 40 70
93 80 68 3 11 15 48 34 49 46 23 7 1 94 11 76 70 74 51 48 23 45 59 91 78 88 74 12 48 38 92 30 27 45 98 84 16 22 64 83 75 67 8 41 38 97 87 77 93 44 35 95 3 73 63 94 93 31 88 33 93 4 14 80 33 9 18 17 91 40 9 50 27 5 55 73 23 66 7 81 85 25 57 24 24 41 83 29 17 75 40 85 14 83 64 12 6 25 66 43 68 90 49 61 1 28 5 14 56 43 61 48 17 4 13 49 91 21 69 13 54 2 46 22 55 31 55 29 37 91 40 44 66 54 46 84 72 69 74 17 44 54 24 47 33 19 71 64 47 94 37 52 91 68 59 56 92 25 25 91 67 23 90 63 94 90 43 60 33 4 37 33 70 91 97 27 12 48 62 7 4 71 59 68 96 96 65 56 46 4 59 41 95 76 83 75 31 8 30 95 93 14 31 13 25 69 86 65 20 27 72 87 66 23 92 1 92 58 88 14 50 33 100 85 66 23 4 53 39 65 79 28 61 59 40 75 22 92 79 86 16
94 63 18 53 28 36 9 72 63 43 26 47 82 69 68 13 33 88 36 89 78 41 8 66 73 50 56 71 98 35 89 54 73 94 50 50 86 26 65 17 44 28 5 15 9 72 14 85 32 56 11 59 25 34 71 34 77 19 57 29 96 4 90 45 7 34 93 51 72 49 14 74 58 35 52 1 93 53 21 19 7 52 55 69 59 65 41 81 87 65 64 37 34 11 43 8 62 27 14 51 61 75 31 22 31 5 47 41 69 86 39 19 27 75 57 52 6 64 31 36 100 90 47 96 55 90 77 50 54 36 54 43 32 34 38 93 36 57 41 75 16 6 45 68 80 84 69 20 99 66 72 79 60 97 88 47 14 75 47 73 1 21 93 49 7 13 65 75 25 17 70 41 22 62 34 17 41 22 91 53 72 52 14 65 81 17 81 24 3 55 34 45 17 45 37 62 100 75 7 53 53 27 99 78 77 82 29 52 6 63 70 5 17 69 49 66 80 31 61 14 97 19 38 81 8 8 27 57 78 19 23 40 13 70 76 78 24 100 24 59 88
95 81 95 96 53 63 6 92 30 19 17 69 65 39 60 97 23 94 9 65 80 16 83 3 48 40 19 84 97 2 79 13 3 61 54 13 71 58 9 30 10 58 82 36 90 61 69 62 91 59 69 87 50 84 25 87 75 36 83 84 26 33 71 66 48 55 15 51 92 93 77 79 67 20 77 62 81 31 72 30 75 50 16 61 29 52 9 5 16 74 45 45 35 72 7 8 36 39 84 60 20 85 26 12 40 26 20 71 1 52 29 62 57 75 1 97 8 84 97 31 59 52 95 19 62 75 49 76 15 24 51 39 26 7 83 74 78 35 97 10 25 88 86 96 98 92 31 12 85 8 54 51 50 69 93 3 18 85 57 16 87 69 54 79 33 65 48 14 48 70 80 27 21 72 14 47 34 79 73 52 86 91 83 77 38 55 45 42 11 19 38 12 75 72 43 6 82 17 25 70 1 37 96 41 37 42 84 97 24 25 60 1 35 36 22 6 70 69 51 59 37 5 40 87 40 90 51 83 12 13 85 13 88 37 91 34 38 38 80 15 7
96 80 75 3 79 90 55 82 93 67 18 6 17 4 77 32 48 10 38 69 52 69 38 89 71 90 18 54 42 57 23 92 94 68 99 90 22 34 96 2 56 6 28 25 21 95 32 61 62 39 77 20 10 98 19 84 55 28 28 37 97 52 32 45 5 44 33 8 44 60 94 76 14 11 71 62 49 70 15 100 20 16 64 32 32 96 44 3 23 63 42 36 47 38 95 97 24 6 65 86 4 20 52 84 18 46 71 19 59 68 63 82 32 47 17 19 57 57 97 75 87 27 12 96 72 37 31 100 62 59 38 55 22 38 70 19 89 80 7 66 40 44 6 80 33 68 14 96 99 49 93 1 12 36 48 58 59 95 70 58 77 57 65 33 67 11 29 18 56 29 49 54 57 42 4 20 82 23 64 90 95 95 70 21 56 63 59 27 40 75 14 38 45 7 9 15 75 71 51 45 94 73 70 41 73 24 46 47 34 100 60 57 73 9 6 99 97 54 78 95 33 59 11 89 76 17 85 34 52 5 37 35 55 1 27 30 55 59 19 81 10
97 93 96 85 89 77 93 65 34 94 95 43 62 40 48 23 82 26 7 92 50 74 90 1 8 80 87 10 88 81 86 32 27 46 26 32 36 36 83 32 50 69 46 52 70 56 33 75 51 73 27 76 78 35 49 28 11 44 97 35 52 59 72 10 53 54 26 18 49 31 72 69 64 44 40 94 79 21 2 89 10 79 18 15 35 41 70 26 67 56 30 7 70 40 75 66 59 17 90 30 15 17 7 26 69 37 46 5 5 11 69 58 82 43 70 69 67 3 10 52 86 14 95 90 35 99 83 27 20 32 88 30 45 88 81 46 79 93 84 68 20 65 92 11 51 22 63 62 83 44 85 42 58 79 10 63 48 15 29 41 14 51 99 37 71 13 3 73 80 58 24 5 47 96 58 70 51 15 68 9 85 92 95 74 20 9 15 64 85 22 50 70 50 16 74 61 49 11 59 77 8 95 76 88 85 92 34 4 65 23 23 28 96 49 76 89 60 85 83 17 48 37 6 8 40 73 55 100 92 10 17 37 36 26 54 32 54 98 39 42 42
98 87 43 54 25 28 79 64 3 74 36 24 68 58 56 37 31 61 23 37 22 85 44 100 28 93 97 95 42 63 92 60 84 65 73 93 94 78 26 5 87 81 10 9 49 14 51 17 97 56 10 69 90 95 9 3 26 7 36 96 24 32 40 66 22 43 70 42 81 66 88 3 3 37 81 78 49 97 30 97 19 66 20 90 78 22 40 21 64 14 54 73 14 65 68 80 16 24 13 61 13 63 68 50 92 50 16 75 82 24 43 75 77 54 6 96 40 83 81 87 65 32 30 56 97 82 41 95 45 74 4 59 74 76 4 67 66 78 31 27 72 64 100 24 81 72 22 10 68 95 93 58 28 97 57 43 75 76 54 91 20 28 94 28 52 56 52 79 21 49 42 64 35 9 91 58 58 74 79 61 27 80 65 90 36 50 62 81 33 59 3 55 6 14 72 50 28 19 31 82 17 20 91 65 53 18 43 43 60 72 64 69 62 22 61 44 95 74 55 20 72 27 90 60 60 25 9 56 4 45 5 11 7 21 22 86 3 92 85 59 62
99 72 5 100 46 86 42 73 94 57 45 97 42 48 41 98 92 19 33 26 32 90 1 86 66 98 65 71 83 64 6 53 99 68 58 17 27 21 72 93 48 42 46 23 96 70 17 42 76 62 23 64 3 94 8 37 98 91 28 6 28 66 1 75 92 50 45 20 69 24 64 44 27 12 60 30 82 12 33 74 63 50 18 96 93 36 85 90 31 28 58 59 26 34 49 31 32 57 63 94 5 22 88 74 81 52 6 5 50 97 77 69 22 32 3 28 32 3 82 56 29 74 84 77 81 48 90 82 87 44 51 30 73 24 13 51 90 62 100 22 68 32 8 62 52 93 85 7 81 21 61 2 18 59 47 48 54 97 2 2 11 24 47 77 82 13 47 56 10 73 59 10 71 17 2 51 77 58 10 91 13 90 66 76 58 5 89 72 65 59 75 84 6 95 31 28 49 19 74 23 39 41 97 44 88 76 20 83 18 27 82 52 80 77 38 63 29 17 49 90 89 27 78 75 67 74 40 41 1 22 67 84 68 15 51 84 41 3 9 81 54
