15 100
995 1129 942 911 930 1010 1041 983 940 925 1082 1073 1044 1003 1026
0 81 11 6 83 26 51 93 67 13 28 89 74 57 92 94 83 64 58 18 7 51 76 20 75 86 38 1 54 67 77 8 66 34 14 28 38 70 6 25 11 15 78 1 8 69 32 80 11 100 16 21 47 54 9 93 93 88 32 33 30 67 72 39 35 91 32 49 55 8 48 71 97 27 81 76 59 59 6 91 98 91 26 65 16 52 53 39 59 23 27 68 47 60 44 4 20 17 67 76 26 25 81 95 85 21 100 1 60 36 67 68 62 36 74 52 37 100 65 8 47 39 11 77 95 95 41 15 86 26 18 33 8 32 54 4 84 51 67 47 87 51 89 52 1 88 50 32 75 48 92 47 33 46 22 48 16 82 70 44 100 43 24 45 39 100 99 27 77 75 67 30 93 87 61 100 57 88 48 58 37 31 81 19 5 53 62 29 83 32 66 48 27 84 3 55 55 22 29 90 37 47 62 100 17 83 62 46 81 51 35 15 35 17 88 90 41 6 67 50 21 82 10 78 36 41 2 10 61 17 98 1 46 10 76 10 63 19 80 1 17
1 61 61 19 100 60 23 39 89 81 55 62 69 97 16 20 62 92 9 37 15 13 47 67 80 46 34 69 17 9 58 99 48 79 61 85 69 96 49 82 52 35 95 67 4 96 30 96 51 56 26 11 22 31 2 75 43 73 43 58 8 1 66 77 16 21 94 34 45 10 49 64 36 81 65 26 50 90 97 31 39 69 8 84 7 72 34 86 71 55 75 52 24 14 16 8 75 10 23 40 78 6 50 53 65 14 28 71 21 90 28 40 92 40 29 1 32 34 16 13 90 38 27 40 4 73 81 17 31 44 92 71 28 35 90 73 41 53 22 44 46 10 36 32 53 49 41 8 98 6 88 69 17 14 22 45 48 10 97 95 38 45 18 11 2 88 64 59 11 39 28 78 30 86 80 85 7 86 79 94 91 83 63 76 55 69 78 36 65 71 64 63 79 75 30 39 84 59 52 36 47 4 86 49 100 99 56 66 35 27 36 41 28 24 42 91 77 72 3 93 48 50 81 65 16 35 61 69 96 74 23 83 42 41 78 60 24 98 21 18 31
2 66 82 70 22 78 50 90 1 50 27 51 85 99 19 36 44 59 10 93 5 15 85 67 28 84 91 40 96 50 96 6 15 27 66 43 100 85 3 59 66 8 9 30 58 94 82 83 16 70 53 21 87 55 17 41 3 76 71 7 37 41 58 81 38 100 15 55 56 20 73 68 40 93 29 37 53 28 10 71 31 39 76 6 85 90 86 46 12 70 27 93 22 99 58 23 78 9 26 38 21 16 40 13 63 1 21 73 71 94 68 86 14 65 94 11 12 82 12 15 34 34 57 90 94 1 60 45 33 25 78 98 87 10 41 79 77 5 18 6 72 54 59 30 88 66 26 33 94 73 4 29 17 21 64 68 83 22 13 78 97 72 40 54 55 44 39 82 91 100 64 13 38 56 82 3 29 69 33 64 42 46 38 8 86 54 94 87 3 27 16 51 76 78 75 89 59 89 80 3 85 35 70 51 8 81 22 13 95 69 37 30 41 20 24 97 98 42 15 98 43 83 39 47 73 52 40 72 55 7 96 77 30 49 17 41 28 48 10 94 79
3 41 54 95 15 7 99 85 7 2 21 48 31 64 60 32 87 77 78 77 16 49 60 55 69 51 68 11 49 61 95 62 77 28 15 25 14 7 44 13 28 78 65 43 6 80 20 39 20 40 67 24 15 32 36 22 79 28 85 94 40 90 81 57 37 82 65 81 9 67 94 69 22 8 54 39 98 50 10 100 73 70 28 8 53 64 72 7 100 77 2 92 48 25 58 89 16 2 67 87 24 16 58 75 90 48 88 23 48 23 13 38 53 91 76 20 66 38 98 95 88 68 70 36 66 74 45 88 32 58 52 53 17 60 100 53 45 66 61 80 19 16 87 33 21 62 76 40 6 71 43 42 81 3 36 5 36 23 99 75 90 82 67 78 7 26 89 26 40 4 18 85 9 63 98 76 18 1 33 27 88 86 86 52 73 36 27 87 11 46 75 97 98 57 56 37 95 77 40 56 56 70 99 5 68 89 87 23 35 23 42 3 99 48 37 22 20 13 19 45 34 38 25 62 34 99 28 44 49 17 31 22 21 69 16 49 86 65 91 48 13
4 71 85 77 82 23 54 80 90 69 77 22 73 76 30 77 36 64 11 78 31 62 62 57 6 11 15 27 72 11 37 91 85 14 8 61 75 37 62 10 30 54 48 87 4 87 18 74 33 21 25 27 47 94 87 94 38 15 1 30 1 2 77 10 28 8 4 32 96 31 34 58 2 11 96 20 100 18 11 44 81 41 27 29 37 67 64 72 30 83 70 1 71 92 38 88 20 18 48 37 22 31 56 69 73 66 51 69 65 95 21 33 83 42 42 7 59 40 50 65 22 10 72 19 89 27 78 54 67 63 30 43 18 46 77 13 28 7 50 92 36 74 65 95 2 51 61 86 54 100 33 27 47 81 67 31 79 2 28 97 47 72 35 16 9 19 67 22 24 88 29 25 21 65 65 97 28 54 94 69 22 75 4 31 93 18 41 54 53 62 98 96 90 36 45 14 51 72 76 46 63 71 11 1 100 24 14 51 48 85 50 73 82 78 48 2 74 37 84 61 85 55 84 22 81 15 94 29 72 9 78 65 7 61 80 18 71 73 56 56 79
5 29 10 54 1 24 92 67 56 91 28 34 92 71 8 40 21 5 98 79 66 86 41 35 22 74 91 99 39 44 71 47 56 77 83 66 16 19 86 91 61 43 3 78 85 81 3 64 94 14 57 65 31 76 19 94 67 76 14 90 10 9 63 28 66 90 67 39 7 39 76 76 72 17 42 98 45 20 58 22 45 51 71 97 83 45 31 80 99 61 68 100 65 7 67 3 76 89 44 2 54 56 76 36 99 2 17 76 90 27 66 68 57 63 89 23 77 69 21 53 84 89 21 3 100 79 17 69 37 22 59 86 17 60 72 9 76 14 56 48 7 13 7 84 79 10 20 36 64 17 39 95 37 14 100 94 53 81 63 8 45 78 23 75 88 8 78 70 87 53 100 57 24 61 85 80 98 15 9 62 7 4 8 18 85 67 67 76 62 95 95 56 64 79 31 36 76 30 31 89 5 36 42 38 48 17 15 64 58 4 46 58 86 68 12 10 20 42 5 60 72 8 48 100 100 6 84 40 38 55 64 83 14 35 77 83 100 82 10 33 54
6 33 34 23 55 54 57 13 93 45 20 27 52 98 89 79 83 5 18 50 84 8 92 74 15 76 54 49 89 37 35 10 83 74 58 3 64 91 51 78 84 23 47 62 97 25 33 92 41 37 26 72 10 100 31 12 50 96 53 59 49 21 33 74 93 38 79 13 85 15 12 90 2 7 23 56 97 24 52 90 100 29 15 6 31 10 29 14 72 42 95 34 40 68 53 69 44 36 29 74 46 78 34 5 78 90 100 83 78 17 35 61 29 11 95 66 100 15 50 90 29 86 57 38 91 59 74 63 56 29 33 55 18 15 15 43 25 98 90 4 94 31 40 53 85 82 94 11 1 1 3 72 67 95 9 92 92 83 48 93 79 13 97 23 43 33 45 22 88 40 10 63 73 79 28 21 92 50 97 74 83 74 54 68 63 82 12 3 49 7 42 16 3 15 97 43 77 51 80 17 63 2 18 5 25 77 8 37 73 73 70 72 56 25 13 81 32 17 84 29 77 18 100 7 51 69 36 87 55 31 19 15 88 14 17 23 72 40 82 38 68
7 95 57 80 13 57 98 68 95 84 89 88 93 61 68 15 99 70 94 71 37 34 45 4 41 7 77 93 91 99 49 20 37 81 32 100 50 61 39 95 44 92 49 26 38 80 73 32 69 75 2 39 69 5 87 90 45 33 29 74 40 14 29 15 40 35 46 72 20 7 90 20 96 1 43 7 80 42 81 4 44 83 9 48 65 87 38 54 14 30 17 4 99 78 14 81 62 14 58 76 36 95 83 49 59 6 6 2 59 66 28 87 64 57 81 93 19 69 62 60 72 15 73 62 51 78 1 26 1 98 13 79 39 23 49 39 17 80 49 58 25 48 55 2 67 42 9 28 84 92 60 11 69 1 31 78 64 18 54 36 25 34 22 12 100 97 29 51 82 71 16 30 53 47 88 56 72 69 55 94 5 26 52 83 84 99 70 100 7 46 79 38 34 68 61 73 27 64 43 62 52 89 78 2 24 52 34 11 99 66 91 18 32 97 83 34 6 37 70 47 77 62 36 41 70 37 81 41 54 51 5 34 21 86 54 42 97 24 61 45 52
8 90 86 73 72 13 53 57 56 60 52 53 40 50 60 16 27 80 12 76 51 12 81 18 56 95 41 67 3 41 51 30 2 72 74 91 71 53 70 3 98 1 72 4 24 31 50 7 74 83 46 4 13 79 9 30 12 9 16 56 69 45 25 88 12 73 86 72 61 86 64 45 65 91 43 12 5 13 68 91 71 35 32 31 40 32 73 17 95 86 14 51 42 18 80 83 16 38 41 15 87 92 73 19 3 1 57 93 93 84 15 39 76 17 13 82 41 38 96 3 68 15 83 62 88 20 5 91 66 60 46 28 91 19 25 47 51 32 59 36 36 94 98 86 15 98 58 63 32 92 62 48 91 63 100 3 70 98 40 29 98 37 61 8 13 34 44 51 88 96 94 42 39 87 32 27 76 14 89 63 29 76 6 94 57 78 92 58 42 20 77 91 42 27 72 69 2 17 84 38 20 3 64 47 50 29 31 36 13 26 63 40 42 97 54 20 81 73 58 62 48 56 22 87 33 18 73 85 63 42 76 26 17 65 47 38 25 63 49 29 85
9 65 91 1 26 62 42 55 24 93 26 48 70 20 64 90 98 84 62 45 42 48 29 49 29 49 28 96 54 70 43 64 92 32 51 29 58 32 77 17 6 52 99 79 28 26 56 63 84 63 43 16 31 51 72 83 47 76 92 16 1 85 65 15 34 2 68 46 47 39 28 48 20 69 88 10 4 49 42 100 10 57 49 91 96 18 26 60 41 27 37 83 36 17 35 77 27 94 69 67 52 44 27 55 84 71 55 16 4 40 44 73 20 86 34 15 78 68 22 20 71 77 49 55 66 69 11 74 9 96 27 60 6 22 74 63 65 24 37 72 76 28 9 5 93 23 94 46 87 71 37 57 18 54 13 59 91 23 21 84 84 88 43 19 91 82 1 52 37 8 72 26 75 24 72 5 18 1 95 96 63 25 22 34 81 13 58 13 59 81 84 59 33 32 12 40 88 8 4 84 59 76 84 63 15 15 33 38 80 10 59 74 34 80 7 59 60 11 17 77 20 47 62 59 77 82 38 52 37 35 32 30 51 10 40 3 39 33 6 78 14
10 44 63 46 55 15 85 75 55 39 24 79 49 31 70 79 97 80 83 77 46 88 63 26 65 37 63 12 89 98 23 97 16 32 18 86 22 70 69 31 46 9 85 51 99 89 43 33 28 41 67 69 4 41 50 72 86 30 28 9 55 80 6 91 9 77 46 43 24 14 16 5 65 84 65 79 99 83 22 20 54 25 10 8 73 81 43 88 13 22 3 37 17 7 96 71 50 99 94 94 78 65 37 6 2 35 47 33 29 51 18 59 51 54 7 30 98 9 7 91 79 96 19 20 24 4 33 82 14 54 86 94 67 72 70 73 81 42 99 94 47 89 18 29 22 14 68 98 62 67 35 48 75 51 78 38 40 43 48 52 88 34 67 65 55 37 11 88 18 44 53 34 55 49 20 94 58 11 9 59 61 25 34 44 98 79 18 21 71 80 98 30 56 43 90 36 66 80 16 52 11 5 88 94 44 85 18 78 73 45 86 92 23 78 89 94 13 68 99 76 45 65 72 27 84 28 36 30 45 93 28 4 52 12 14 72 46 81 68 56 56
11 24 80 54 10 2 94 23 51 82 99 40 94 68 37 43 66 97 45 99 50 3 54 67 100 69 27 59 26 64 43 83 53 63 47 28 67 37 90 5 9 38 24 65 84 15 10 66 11 5 79 54 10 3 86 19 17 86 52 51 55 35 66 68 47 66 33 48 80 71 69 86 73 57 93 33 33 86 43 51 42 78 71 2 96 74 11 49 85 33 83 57 37 80 1 63 56 54 12 5 42 15 41 4 61 61 68 6 49 13 32 16 51 39 38 66 9 17 95 33 89 32 84 67 60 26 35 99 6 58 88 6 80 5 45 7 27 16 10 47 94 40 94 71 17 86 45 6 75 44 55 22 48 60 25 49 18 84 8 100 72 37 64 51 31 64 62 35 37 79 41 36 95 50 16 58 79 88 39 57 64 93 74 5 85 87 6 56 62 25 22 8 66 22 81 67 95 5 98 84 36 36 56 31 50 67 80 24 97 34 79 11 84 82 38 8 25 44 69 33 40 80 100 95 55 15 16 35 78 44 79 68 57 91 39 18 74 7 96 68 18
12 93 56 8 85 75 100 3 77 30 16 45 8 2 37 8 87 21 66 12 30 90 46 5 68 71 88 94 20 86 66 88 53 26 91 19 61 53 90 94 42 29 67 17 38 91 3 55 37 97 54 56 63 53 63 99 62 70 18 63 51 62 9 56 77 39 73 6 49 73 72 21 5 74 21 44 48 65 45 91 59 52 82 34 53 65 19 33 99 96 50 58 46 86 88 18 79 69 96 68 53 2 43 96 13 66 60 93 3 41 86 57 64 70 33 19 44 3 47 65 71 94 22 70 69 67 99 96 32 82 7 30 38 51 59 53 73 29 28 49 53 66 61 54 2 72 52 40 46 63 14 97 20 94 59 37 47 5 41 3 100 7 4 44 11 32 64 1 76 40 93 47 38 65 71 64 99 56 33 40 58 86 70 74 56 70 46 72 96 60 20 61 37 53 65 65 88 92 42 40 15 14 24 91 46 40 2 88 27 30 86 90 41 36 10 3 21 61 9 74 20 3 25 41 10 87 49 19 69 99 96 3 13 10 10 92 92 61 59 44 69
13 6 82 78 65 51 35 71 72 22 78 20 1 21 61 48 5 66 39 48 92 39 13 51 47 33 73 71 22 93 56 68 68 2 25 53 96 77 59 67 43 77 77 24 37 41 15 39 68 16 95 9 24 3 41 33 37 57 69 5 50 13 21 32 45 86 95 88 19 89 74 61 95 14 21 27 68 57 76 54 23 39 27 76 61 91 78 54 23 65 56 50 44 71 100 34 77 74 29 42 77 23 35 91 10 49 44 85 22 4 51 44 37 41 64 18 45 32 26 47 74 14 39 24 45 98 59 88 92 91 67 75 89 45 97 95 89 43 6 43 35 50 24 67 49 25 17 11 45 42 51 83 31 38 66 88 100 8 56 90 38 82 66 78 8 4 26 4 55 59 23 64 10 60 13 11 76 22 67 87 7 17 35 58 37 12 23 98 11 94 29 13 37 28 57 62 89 48 85 68 29 25 53 57 5 2 31 40 46 4 83 70 9 5 93 63 69 86 16 20 50 11 20 1 12 26 63 39 66 22 45 19 11 38 24 42 44 88 99 51 68
14 87 59 29 15 41 97 27 42 68 62 60 14 25 71 89 23 82 72 77 87 12 55 28 9 92 78 70 95 13 8 14 37 11 12 90 98 35 41 76 26 91 5 57 41 97 39 51 44 29 34 13 72 67 84 39 88 9 41 70 50 41 5 77 87 43 19 29 58 98 7 37 49 34 44 34 46 85 4 78 37 4 71 44 31 19 72 74 35 98 11 12 72 16 55 14 7 37 14 38 53 33 6 52 51 75 15 50 82 73 46 67 79 94 32 87 22 79 91 17 9 6 58 53 59 77 91 37 87 88 78 72 41 92 38 43 45 26 5 68 25 28 22 23 38 58 43 58 59 26 85 7 70 40 9 92 94 26 36 1 9 78 78 46 82 50 100 90 9 74 89 17 95 37 53 45 29 49 98 69 85 75 68 5 34 35 26 67 92 13 81 10 87 93 98 32 81 55 31 6 65 38 72 19 81 48 18 10 84 60 42 3 28 76 2 13 48 9 60 3 70 83 62 66 50 87 48 44 67 48 76 61 54 60 46 61 100 76 87 67 52
15 83 15 18 27 61 3 84 48 8 98 6 90 84 93 35 19 32 54 35 76 57 48 2 60 60 7 89 60 26 4 23 89 32 71 13 32 79 31 36 79 31 15 33 77 14 80 26 38 71 6 76 77 5 22 9 11 1 74 66 29 15 62 44 94 83 8 35 22 69 88 52 32 91 66 48 16 48 35 11 54 14 49 21 13 80 98 19 69 16 40 69 91 58 67 5 27 87 48 84 32 21 42 60 16 27 83 69 94 36 21 77 59 61 54 58 74 83 29 23 82 50 30 15 36 60 97 5 49 91 95 13 69 6 43 66 66 43 9 98 35 20 28 33 91 87 80 61 50 31 5 17 19 96 74 26 15 17 53 6 2 90 30 47 94 36 75 4 85 50 26 40 68 94 53 30 60 95 7 6 63 53 76 45 81 92 6 64 34 76 88 81 31 75 77 37 73 89 47 16 48 89 10 65 13 80 47 5 41 37 17 30 87 62 39 15 5 3 75 87 96 15 10 47 97 100 2 48 76 83 91 35 50 74 57 2 46 51 53 29 8
16 57 89 85 75 73 58 97 71 39 55 30 57 6 65 81 7 78 23 98 11 49 17 16 73 55 93 11 31 25 58 91 79 19 69 94 49 44 98 35 32 76 31 46 53 5 23 41 8 30 41 71 75 27 63 66 95 63 52 22 28 34 29 75 65 92 40 15 64 15 83 4 46 15 68 24 18 26 50 12 75 69 80 77 64 73 2 82 52 26 96 7 19 74 83 72 43 41 74 36 9 53 87 60 37 98 92 6 50 12 30 50 4 24 76 22 32 46 58 73 65 22 39 84 2 45 31 80 24 11 64 61 81 48 66 78 89 63 18 8 93 21 73 97 30 21 57 24 6 8 22 13 55 8 16 86 66 96 29 67 66 26 18 2 36 96 90 13 98 72 79 96 42 87 42 50 76 99 66 87 2 28 12 78 91 51 87 80 40 84 64 46 45 91 88 26 40 28 73 53 58 42 22 72 82 61 30 71 90 47 100 79 2 12 9 13 92 32 67 9 86 72 34 97 92 57 70 87 15 8 27 68 85 81 87 17 4 89 76 1 55
17 89 60 93 91 81 71 11 32 64 72 16 30 41 79 58 99 80 17 64 34 10 92 27 49 1 38 24 14 99 29 34 94 82 53 68 89 1 11 60 63 4 27 14 87 43 72 7 30 41 82 76 89 42 73 62 3 68 81 6 32 27 7 64 14 78 100 10 83 55 28 5 99 63 37 88 5 95 91 72 60 8 3 18 35 55 73 4 97 32 88 1 19 75 71 44 74 46 8 81 87 37 65 74 63 57 88 62 69 71 31 13 37 43 66 29 53 21 26 79 33 66 78 87 50 35 3 32 37 71 38 37 86 13 9 58 54 11 76 48 1 89 13 61 16 15 27 93 38 30 60 6 32 73 71 95 50 83 21 75 24 19 70 69 87 49 10 95 29 83 81 78 52 16 90 22 18 54 69 78 67 59 3 58 60 99 88 19 55 11 88 76 45 22 3 46 83 89 60 70 80 45 52 95 4 5 46 65 23 11 7 61 69 44 31 91 84 44 63 20 12 85 71 45 70 81 90 10 76 86 31 78 99 77 73 100 66 40 36 28 75
18 3 80 93 100 18 8 77 4 4 24 15 17 85 47 56 26 64 42 8 57 33 30 80 60 22 83 64 42 48 33 40 98 39 79 75 23 43 58 64 51 69 70 17 98 68 35 8 23 100 45 25 5 53 69 69 59 61 63 49 17 5 14 63 53 42 40 6 53 17 30 89 64 59 97 32 49 71 71 24 56 27 31 58 32 98 68 96 64 53 70 31 25 20 98 56 56 34 97 73 91 28 34 80 25 63 86 58 12 45 35 44 3 50 70 70 14 27 78 93 63 62 57 94 87 28 13 85 39 98 85 16 76 16 44 6 100 27 95 50 49 26 99 71 54 67 87 58 18 90 64 95 14 54 70 66 98 38 69 31 6 12 87 44 59 41 44 97 52 41 95 78 55 9 90 52 32 66 10 36 30 37 68 82 97 77 54 11 90 67 20 89 95 14 76 78 15 18 67 98 26 17 92 88 53 15 61 49 53 93 99 42 17 32 54 3 31 69 12 78 86 2 25 61 28 93 56 50 95 27 94 39 42 9 65 34 50 23 27 22 57
19 50 7 10 38 54 46 2 48 93 48 16 49 25 35 52 10 21 83 30 9 6 80 34 68 81 97 96 20 48 87 18 37 65 86 61 14 80 68 59 77 77 95 45 43 26 32 82 72 95 97 33 86 97 5 61 90 64 96 83 100 33 63 74 23 11 92 76 3 95 74 20 89 66 64 2 27 46 8 21 64 26 38 36 38 1 61 84 11 100 84 12 26 67 91 57 68 2 3 25 81 14 19 15 43 73 40 75 6 75 96 6 39 41 12 25 46 36 54 53 71 80 64 21 92 63 74 95 43 69 48 64 51 8 65 65 84 31 92 85 94 38 27 17 24 70 16 52 38 9 38 53 29 60 13 42 16 83 28 92 61 48 14 30 38 51 27 94 69 21 40 86 93 5 95 96 97 50 16 77 96 15 2 82 55 64 74 39 89 34 51 27 23 43 29 62 64 43 4 5 8 35 94 31 62 75 4 53 12 6 76 78 87 49 29 27 9 96 24 14 65 71 40 92 73 35 4 39 24 8 99 74 3 26 76 73 58 13 11 37 78
20 3 59 83 90 71 26 21 67 71 51 20 81 39 78 96 66 2 44 53 82 12 44 3 37 17 70 75 80 6 52 52 66 29 34 60 80 42 90 26 70 27 55 82 43 38 12 61 15 73 6 91 44 6 31 100 22 90 28 80 93 1 56 71 46 77 13 13 6 92 48 24 53 92 16 3 51 42 56 8 29 9 4 48 100 25 32 96 12 97 54 33 17 91 72 87 27 62 70 76 42 9 64 24 46 51 39 97 81 38 92 85 59 48 27 33 9 10 33 43 38 63 87 7 28 67 25 68 88 69 74 10 42 58 84 34 43 68 83 50 71 55 74 64 3 29 2 9 41 81 2 90 69 21 17 17 15 33 44 5 90 91 28 46 72 12 3 7 8 18 94 3 9 27 41 67 68 88 27 100 76 59 8 70 13 16 8 85 35 37 64 37 28 64 67 29 8 56 31 99 93 33 76 34 11 99 5 23 46 17 96 42 75 23 100 74 53 17 65 48 74 88 42 26 50 23 53 13 28 51 62 40 16 10 59 89 75 51 35 29 4
21 58 20 9 94 67 4 42 28 24 1 43 10 42 63 78 42 11 72 23 79 60 6 52 14 69 18 72 14 38 81 33 46 75 12 84 17 18 30 1 60 19 73 8 37 62 37 52 29 42 82 64 46 90 7 39 45 73 30 27 94 31 86 37 74 35 36 31 71 71 13 24 41 21 43 60 26 11 89 37 76 64 32 2 26 7 13 68 12 91 1 77 90 41 98 81 30 90 69 61 55 17 44 69 76 65 84 37 87 30 22 23 85 66 100 76 36 55 20 22 60 39 28 61 80 96 85 18 40 75 80 21 71 2 30 15 91 43 35 89 55 53 72 75 88 68 30 44 3 52 11 83 57 22 78 24 99 9 12 53 65 49 44 23 70 79 58 77 86 80 69 87 6 20 79 45 79 26 33 42 18 13 37 42 16 99 1 84 76 7 69 95 7 23 72 59 5 34 81 42 66 60 13 49 71 37 98 69 52 72 12 100 77 14 15 68 91 65 13 15 32 89 79 52 66 94 38 74 22 37 57 14 7 13 30 51 31 96 86 32 77
22 99 38 67 82 13 26 50 5 65 17 87 64 51 47 48 48 99 60 51 72 42 46 8 47 91 72 89 56 77 35 15 42 8 97 92 47 67 68 96 6 4 72 89 11 30 54 69 50 73 50 27 61 27 25 74 84 73 5 2 26 24 11 99 47 63 56 56 93 2 60 52 16 60 100 47 23 44 69 67 94 62 53 77 20 3 14 64 65 16 95 26 12 49 73 45 70 11 90 85 98 35 31 62 27 38 51 16 37 57 43 46 81 84 8 3 65 100 51 71 76 13 91 43 96 34 26 41 36 78 12 52 82 60 79 76 81 1 36 36 18 85 22 44 34 20 61 77 1 55 99 32 60 57 48 45 61 78 33 34 93 28 59 19 79 51 39 85 70 79 45 6 28 35 95 27 73 23 28 43 9 99 4 70 33 78 47 37 70 36 88 82 90 45 41 49 71 69 93 72 33 73 51 23 66 41 49 20 84 89 38 42 31 24 67 91 8 95 69 14 38 10 28 62 10 26 93 12 34 85 43 77 37 46 60 66 37 83 5 83 55
23 98 6 88 38 59 47 28 6 88 67 6 52 74 76 4 52 22 3 16 11 89 5 100 7 15 17 40 55 96 19 85 4 28 95 66 52 46 14 58 25 9 31 33 46 79 66 6 96 29 67 99 36 72 23 61 72 22 70 22 99 70 7 30 57 20 41 63 35 30 79 81 15 21 89 10 22 81 50 54 11 47 33 21 42 9 62 10 16 22 66 82 3 69 54 34 88 56 66 73 44 44 32 34 99 53 23 78 49 75 74 78 37 74 90 64 45 36 85 12 82 55 27 94 22 66 27 79 10 77 32 79 12 98 84 76 61 69 100 70 68 38 99 64 23 55 25 8 43 85 76 10 69 97 34 33 79 9 10 50 16 30 99 42 40 47 16 11 75 70 63 7 68 34 38 5 78 11 8 90 58 12 22 68 99 81 55 16 100 81 80 15 26 27 5 12 97 33 1 8 65 87 7 62 53 2 29 47 87 65 54 59 52 40 85 58 62 20 95 50 88 92 62 32 14 55 72 15 61 10 45 82 62 60 49 87 98 88 66 66 99
24 91 24 46 88 83 36 7 10 78 34 81 53 66 19 23 27 87 96 44 11 69 69 59 96 54 68 19 88 38 33 88 91 7 12 85 78 42 61 10 71 3 72 39 56 31 6 3 24 14 49 78 52 52 49 29 44 72 44 24 68 26 60 77 42 24 40 16 33 83 73 39 67 12 7 67 28 42 92 48 15 93 89 32 95 44 77 62 38 8 92 10 21 15 14 46 41 13 12 4 1 21 23 21 41 73 79 88 44 44 70 68 67 70 31 59 53 46 20 49 87 59 57 76 84 96 48 2 11 63 53 3 13 68 59 98 1 46 18 73 10 54 70 71 46 8 17 55 34 100 60 76 21 67 15 48 39 60 2 100 18 36 3 13 3 71 74 4 4 53 9 22 88 98 27 36 98 98 34 35 97 52 56 49 65 74 37 47 31 42 29 11 80 18 36 88 7 31 37 62 72 57 87 77 62 35 60 16 83 82 56 100 98 87 87 2 81 87 10 4 11 28 29 23 27 23 45 60 31 71 4 9 2 31 78 96 63 92 87 39 96
25 32 97 94 54 6 54 12 97 81 38 27 2 28 40 17 29 9 56 25 85 97 78 94 31 90 5 18 46 6 92 94 92 24 96 84 22 80 9 57 82 92 73 34 27 86 48 81 94 85 41 81 61 39 81 87 80 65 35 40 21 25 73 70 15 72 66 81 89 42 98 24 60 24 7 99 51 1 66 5 77 60 76 57 51 99 26 36 41 87 41 36 15 77 11 7 54 66 56 93 18 74 24 96 99 31 6 88 67 35 70 29 40 92 79 13 95 100 67 87 25 5 8 4 33 28 11 55 25 92 49 9 55 33 39 85 9 16 100 62 46 71 72 41 13 86 35 28 19 97 77 70 51 47 89 22 48 3 44 27 60 31 48 61 87 83 19 59 59 52 95 9 6 96 2 36 77 89 93 66 40 41 22 75 13 95 29 29 46 36 74 90 33 89 73 28 99 71 80 13 84 48 84 59 76 86 24 37 92 22 53 83 87 48 67 41 81 18 56 83 9 85 77 20 37 49 82 28 44 72 36 51 32 15 72 99 29 68 88 94 48
26 66 67 88 51 70 58 79 10 1 89 89 50 20 94 82 2 16 30 92 54 40 76 51 18 48 3 20 8 92 37 60 19 39 34 43 16 89 31 20 53 95 99 60 35 81 70 63 43 85 5 26 6 86 74 27 75 12 73 29 31 6 14 59 58 93 80 68 73 79 4 71 86 15 32 24 21 23 18 22 67 73 53 70 85 7 51 62 50 21 22 7 76 37 30 9 96 30 51 31 75 84 63 23 86 69 76 80 28 81 96 37 45 35 53 73 41 40 25 24 51 54 95 47 93 43 95 21 76 11 52 69 85 64 20 4 62 45 50 24 78 89 50 17 47 57 21 64 95 69 73 23 97 97 15 10 76 63 100 42 35 12 77 13 8 16 96 59 14 7 75 60 13 41 73 34 72 54 91 72 53 6 64 99 51 63 17 61 68 17 49 98 62 3 70 50 89 46 56 6 21 43 18 13 71 28 85 17 54 36 53 15 49 27 31 88 31 17 54 17 27 8 93 36 19 56 2 32 52 82 28 13 6 35 67 30 41 74 98 70 7
27 28 30 91 42 3 20 68 5 62 31 27 42 6 24 37 50 72 15 86 45 88 62 52 57 95 39 18 12 49 54 85 52 50 91 64 59 21 72 26 78 25 38 73 82 74 5 60 39 38 17 42 43 24 86 28 92 47 3 19 74 29 5 36 35 76 59 3 77 49 73 9 1 21 82 94 62 17 72 6 54 34 5 14 59 93 10 14 3 98 53 21 58 73 63 17 83 41 8 44 40 53 77 64 56 24 55 59 88 95 69 12 2 28 18 46 17 20 49 21 26 90 43 44 58 99 38 6 53 42 4 93 6 95 29 19 14 13 60 70 96 25 1 92 46 23 24 16 33 24 71 52 89 84 52 95 76 99 52 99 6 76 53 7 80 78 77 67 83 57 86 80 13 74 99 10 14 57 11 89 44 58 3 6 78 16 36 35 1 21 74 83 91 49 41 27 8 9 99 38 30 34 36 67 4 78 71 87 100 56 59 19 72 26 77 75 52 20 57 77 3 2 77 29 91 23 23 11 88 60 70 48 65 17 71 32 56 26 25 39 57
28 9 33 52 90 69 15 49 90 93 10 67 7 58 10 31 48 50 93 56 6 45 17 4 47 13 27 38 6 66 31 15 63 77 31 5 38 78 47 88 17 20 97 22 86 66 40 47 56 62 83 54 74 95 93 56 28 21 17 64 89 35 15 36 9 56 25 40 18 16 98 14 16 68 35 42 8 44 69 87 25 71 79 3 70 9 48 79 71 66 85 9 6 73 59 70 73 79 82 59 39 9 78 15 99 46 7 2 96 88 11 79 78 1 96 84 56 35 21 65 36 15 100 78 90 65 87 94 25 19 6 11 73 94 49 50 27 5 26 96 15 34 59 24 37 59 58 68 55 100 75 53 69 14 28 79 30 34 85 12 80 21 67 70 70 68 4 100 94 26 42 73 62 84 39 94 89 79 46 52 11 91 73 39 8 39 80 2 24 70 49 93 36 10 79 96 86 53 58 92 57 53 43 59 85 22 72 12 36 44 93 32 81 84 33 29 15 38 87 84 41 23 10 7 37 91 56 100 33 30 65 40 75 61 47 35 85 7 97 84 98
29 5 52 46 18 67 47 17 40 1 65 6 39 98 55 59 73 71 77 19 27 30 67 20 33 54 47 54 29 95 45 38 1 74 84 52 10 17 96 40 69 55 50 68 40 26 92 28 16 20 100 18 46 98 8 95 10 78 73 55 47 2 24 60 23 69 86 74 89 55 28 43 64 31 48 53 69 79 33 28 87 64 86 56 1 73 91 57 24 39 51 10 90 20 67 21 58 40 38 65 31 58 46 11 96 65 30 2 14 52 43 75 83 29 95 8 60 64 23 77 1 91 34 25 30 48 5 59 2 90 10 44 97 1 59 88 8 90 52 36 61 9 7 41 21 36 45 66 13 89 96 74 53 16 19 65 6 50 66 92 96 73 85 5 64 30 12 92 95 56 19 70 25 51 22 93 20 92 30 5 71 4 2 39 64 81 83 23 69 71 60 74 55 91 33 76 8 69 27 41 68 69 78 51 62 68 96 52 77 13 39 15 55 89 1 42 88 32 57 47 16 15 18 42 59 51 62 31 37 61 19 70 84 44 91 25 4 71 16 98 65
30 32 20 69 32 71 52 23 48 17 98 13 13 35 69 100 26 17 100 14 75 74 89 75 27 24 91 71 56 91 89 92 38 68 4 78 80 82 96 95 98 89 11 27 2 87 2 53 19 5 45 100 12 18 56 93 25 99 1 20 23 31 8 80 80 12 8 24 80 13 64 54 55 89 66 24 77 33 16 2 75 52 27 37 3 54 70 38 62 5 10 99 27 78 63 72 77 63 79 81 57 92 36 95 46 71 22 3 32 40 85 41 100 59 64 4 98 72 22 23 57 14 72 83 33 78 87 72 8 91 30 89 90 81 98 96 42 73 20 31 27 66 5 35 43 66 100 55 12 82 68 97 90 52 17 37 90 76 80 66 36 86 62 45 80 46 4 68 1 70 28 68 25 51 47 100 7 57 48 44 8 49 7 58 5 34 36 17 25 51 37 18 23 65 55 7 21 19 32 6 84 59 86 85 90 96 44 95 94 43 20 54 40 23 37 17 81 18 94 32 52 36 12 52 2 11 46 77 18 72 48 27 27 68 8 43 13 70 50 7 27
31 33 69 74 99 9 92 58 3 47 36 33 37 71 17 14 95 53 12 90 21 7 93 99 22 80 67 57 73 5 99 16 21 35 56 93 74 16 46 57 79 18 80 55 9 64 88 82 78 69 51 52 68 55 52 51 18 75 26 94 76 7 44 72 93 83 71 98 22 99 94 37 98 60 65 24 37 7 64 18 78 16 3 16 53 7 11 7 14 88 21 14 74 5 23 67 1 92 92 1 53 5 76 36 49 89 47 74 90 85 20 45 52 38 77 43 100 37 29 59 83 89 73 39 78 43 71 98 3 61 48 57 38 3 67 65 94 5 21 97 84 99 60 73 11 23 8 45 31 13 59 10 62 30 82 6 18 26 22 4 74 11 7 36 74 34 20 22 74 60 96 19 67 66 32 60 97 22 24 40 86 53 45 25 18 64 79 54 96 7 19 52 32 85 65 44 96 100 32 54 70 56 88 14 93 22 48 65 96 27 35 52 88 14 40 19 13 43 97 29 72 7 73 88 97 9 8 68 47 85 28 76 46 23 48 87 24 7 36 18 67
32 60 64 90 2 12 84 40 62 79 35 29 98 7 97 7 42 54 42 77 82 21 13 25 72 31 87 20 78 83 78 77 79 35 70 60 69 83 52 99 45 46 39 37 23 78 31 59 28 93 2 92 62 95 28 13 71 50 58 74 13 29 10 17 12 49 63 14 38 85 61 5 57 18 82 62 32 47 4 46 86 99 62 87 46 18 31 98 23 19 83 54 89 44 54 6 9 63 53 1 50 71 38 80 61 13 37 88 29 68 67 27 17 76 17 60 5 91 6 51 59 44 19 63 26 12 45 66 21 14 7 58 55 99 21 47 5 57 38 99 85 8 66 20 82 67 51 61 26 62 83 95 34 54 16 7 25 49 20 79 76 47 7 76 94 4 73 17 63 21 18 85 48 71 64 96 29 99 86 86 96 35 96 2 90 95 95 47 20 46 59 76 81 33 21 39 67 49 43 88 14 55 53 97 41 18 44 49 1 26 47 12 71 6 38 62 90 27 17 40 84 28 87 6 82 53 54 5 53 5 9 75 45 99 59 18 24 100 55 92 36
33 72 82 43 47 69 10 34 17 26 74 62 51 60 88 45 55 51 3 7 29 21 24 6 99 31 92 91 93 38 17 42 36 66 35 73 20 65 97 90 71 22 58 37 57 27 57 2 48 88 32 96 28 23 20 57 61 20 26 62 36 77 4 20 90 18 7 98 35 22 25 59 3 72 59 55 42 68 1 25 52 70 77 48 92 37 18 83 75 91 7 5 6 60 81 81 30 100 88 99 3 36 55 38 67 64 66 91 6 38 31 3 16 56 42 45 64 14 48 66 64 45 69 65 49 89 68 70 22 78 41 46 45 61 72 17 77 81 30 5 99 41 22 2 53 73 90 66 66 26 3 29 35 30 97 95 80 61 25 90 74 3 98 55 88 83 32 38 78 40 67 7 74 49 6 6 66 63 73 69 22 53 92 1 50 21 70 56 75 81 86 34 30 92 47 29 100 14 9 17 96 54 38 37 79 43 61 31 89 53 37 74 56 80 4 42 6 21 5 40 12 83 82 50 73 66 83 59 2 51 17 54 10 42 31 32 47 52 27 39 7
34 98 8 2 29 98 6 23 55 65 79 86 55 82 48 86 89 86 43 11 21 54 58 37 40 8 94 64 54 64 51 59 93 46 99 30 77 85 30 96 79 35 17 58 44 58 36 20 92 14 55 79 97 9 87 92 67 77 88 65 44 44 53 36 87 58 93 60 100 49 33 65 97 99 27 19 68 67 26 96 3 25 6 69 11 8 89 16 48 10 24 38 54 99 31 21 46 7 3 14 78 19 76 73 21 20 26 98 94 84 25 22 86 10 61 82 12 77 28 97 86 45 26 74 16 46 70 76 42 72 26 31 7 59 60 43 74 3 52 81 66 56 16 42 90 94 37 68 6 92 79 6 68 91 93 14 72 27 38 58 55 77 4 88 32 91 44 35 37 95 12 97 90 69 24 42 43 24 4 5 63 60 36 27 83 59 41 15 13 55 17 47 84 56 29 45 43 82 55 17 2 16 78 4 13 39 25 81 73 82 46 88 12 11 65 28 26 58 6 38 49 86 11 84 41 44 83 45 29 26 18 46 48 3 66 44 64 63 32 57 69
35 34 19 63 45 62 23 34 94 43 29 25 69 52 80 98 65 26 54 5 100 38 66 54 56 83 78 76 54 77 62 48 25 8 48 24 68 86 33 7 77 21 53 73 79 94 30 31 75 92 97 100 25 43 16 34 20 95 77 96 66 14 50 71 27 45 54 40 45 56 20 5 75 49 25 50 38 37 69 33 57 34 46 68 27 77 78 90 89 25 59 90 17 5 24 85 23 83 61 41 77 98 55 56 15 1 23 55 12 9 88 62 45 61 92 15 94 15 94 44 99 87 34 98 73 72 100 26 8 22 88 100 64 19 76 67 24 33 65 88 52 16 12 85 19 25 90 34 60 1 13 57 78 87 44 17 47 56 90 87 68 2 86 19 31 62 48 57 6 94 23 37 28 71 35 45 19 43 62 48 51 30 72 61 58 60 36 54 51 12 78 97 6 64 35 34 17 29 99 7 97 97 90 81 67 67 71 19 26 33 52 35 57 79 91 61 100 25 74 7 84 18 43 73 22 21 8 14 61 67 53 35 83 80 85 25 34 44 57 93 62
36 29 24 55 90 4 95 27 35 98 23 19 17 70 87 19 31 34 39 84 3 33 78 90 87 62 52 100 87 42 30 48 51 56 98 38 64 46 56 15 33 54 16 14 66 39 31 53 63 21 100 49 98 53 37 67 11 94 75 86 77 16 21 16 26 11 81 37 91 87 7 95 80 63 28 43 8 77 16 36 12 76 100 45 97 27 48 87 56 80 100 16 97 13 43 12 9 82 22 81 46 99 31 24 58 90 64 17 4 86 85 28 55 15 14 29 6 74 9 52 33 53 39 40 25 41 23 82 63 54 6 14 75 81 41 26 18 92 12 26 9 33 18 44 25 51 87 74 93 40 34 52 72 11 54 13 51 85 95 39 67 2 62 46 66 55 16 83 53 7 31 10 41 21 89 18 42 21 12 85 3 15 10 94 19 89 34 44 44 40 38 31 86 4 55 68 29 47 54 62 44 84 23 8 52 84 69 36 19 92 6 24 70 64 19 69 61 14 47 16 23 48 32 44 39 52 16 47 97 77 43 75 32 62 63 97 71 32 86 91 37
37 57 34 72 84 84 26 8 33 13 22 4 4 94 28 19 52 8 68 35 5 12 60 90 73 70 58 33 52 69 54 54 60 15 39 39 84 20 87 57 75 63 91 60 75 94 64 91 20 45 25 56 48 85 33 46 7 78 27 29 13 25 38 48 71 77 6 75 7 24 53 33 22 52 24 13 50 11 53 48 90 69 29 62 54 40 27 80 89 48 74 44 72 6 68 67 30 45 81 35 81 59 38 100 37 94 80 80 41 85 78 23 53 37 57 75 56 21 90 22 69 2 53 64 3 84 95 57 85 83 8 4 79 46 80 11 33 19 12 70 26 30 22 93 37 54 78 1 78 29 20 88 42 46 84 31 95 57 71 71 70 73 67 93 93 32 92 32 76 41 44 90 64 72 93 74 39 2 86 18 15 56 9 75 2 13 59 75 1 97 64 95 73 3 76 3 16 62 54 18 65 50 52 62 37 80 97 62 79 55 35 62 22 74 66 22 22 71 25 49 14 91 3 67 75 13 59 43 61 41 36 72 60 8 60 62 9 87 14 17 68
38 48 40 55 95 55 51 95 41 28 18 75 6 28 50 81 94 38 17 15 44 67 53 26 99 74 88 33 10 25 43 39 94 15 43 55 42 52 73 16 68 59 20 46 8 30 13 2 93 5 5 5 68 28 67 28 77 96 11 62 88 1 23 5 40 3 58 87 8 24 48 75 79 10 94 94 98 58 74 53 53 68 3 29 57 5 3 33 34 27 24 64 66 10 100 18 89 98 51 98 99 59 83 92 24 50 17 16 94 55 98 3 78 63 5 5 16 61 26 33 83 67 71 86 44 7 98 8 47 57 92 37 14 11 83 53 98 77 39 8 71 2 15 1 7 29 85 56 15 89 92 25 50 39 24 65 3 11 57 77 64 23 13 42 90 70 73 71 84 78 31 37 38 3 47 25 77 32 33 80 75 5 74 60 78 13 12 24 22 20 62 17 64 53 43 82 27 96 35 81 43 63 91 24 21 13 87 69 38 60 63 63 1 41 64 8 32 93 22 62 58 66 30 41 9 73 81 83 14 9 95 17 77 33 92 35 5 100 13 42 98
39 60 64 59 46 91 3 2 14 100 89 61 68 64 45 72 41 76 47 93 76 66 91 11 18 55 11 91 69 88 85 76 67 1 29 24 39 34 67 25 97 67 42 68 75 40 91 41 22 22 41 60 2 75 9 7 5 58 15 82 67 48 17 99 94 72 72 25 75 21 84 96 54 35 38 54 47 91 31 4 83 84 81 48 8 57 89 55 43 44 98 13 20 3 42 76 82 34 64 58 4 99 41 84 58 66 47 41 30 31 58 79 70 69 91 21 95 48 78 98 44 59 1 14 90 59 12 94 16 1 87 56 58 95 31 88 73 70 99 41 87 77 44 30 43 98 47 49 24 74 62 20 37 63 95 32 59 27 80 71 68 75 70 48 29 20 87 33 88 10 57 16 14 48 35 1 15 99 4 52 54 40 96 79 67 50 86 19 75 93 66 72 73 40 43 45 91 29 30 3 58 52 93 85 85 45 83 13 77 71 77 68 31 69 5 72 28 37 67 61 23 8 69 68 24 56 27 48 69 98 82 79 32 63 58 57 6 76 95 83 24
40 5 90 43 22 19 39 62 84 47 42 65 27 57 66 96 32 18 52 66 65 56 28 3 71 61 82 8 17 84 46 38 26 11 3 33 33 6 86 44 17 1 51 50 12 61 38 7 45 50 93 34 67 28 34 24 98 26 44 36 9 75 9 28 46 87 78 9 31 24 5 28 30 55 96 80 65 42 77 55 76 33 9 35 55 62 16 24 10 15 34 67 89 56 96 45 3 34 22 45 17 97 61 31 17 37 54 20 14 44 77 92 99 98 22 14 40 65 45 9 61 90 65 86 37 93 15 32 34 79 58 99 10 30 81 26 63 99 96 32 82 24 88 75 92 33 50 33 19 60 91 77 40 27 78 13 48 69 58 5 76 35 63 72 69 53 74 82 20 10 57 24 8 97 28 94 67 58 52 64 74 35 42 76 65 17 88 47 98 21 92 88 14 26 59 100 4 58 72 13 60 71 34 18 100 73 25 5 44 74 66 42 35 34 71 72 55 88 94 76 13 5 47 92 64 65 17 65 85 24 99 59 91 10 75 26 82 77 49 12 12
41 34 51 85 16 84 54 39 73 74 2 86 60 10 13 88 81 76 38 83 52 24 7 79 69 100 90 49 84 58 34 98 95 12 50 52 6 15 30 64 34 17 84 30 23 48 70 78 90 83 38 9 8 72 65 91 38 100 20 9 20 4 14 4 60 75 38 61 80 34 74 10 66 18 62 50 25 13 39 83 24 55 72 47 88 4 96 71 74 85 63 47 72 64 29 61 39 64 62 28 36 2 51 74 7 68 6 92 79 3 64 38 51 94 96 44 78 20 32 45 96 13 47 42 84 47 67 65 67 62 93 4 40 7 96 68 50 63 18 15 81 21 74 3 58 39 27 16 15 33 60 43 74 75 80 75 66 91 89 83 57 14 23 90 19 54 50 87 87 88 22 35 15 74 34 58 46 72 10 51 63 61 100 22 41 53 7 40 70 31 95 40 9 13 64 25 85 98 47 41 91 71 29 15 5 47 21 43 76 74 62 10 64 86 83 61 56 5 69 30 41 7 49 22 1 67 41 37 95 50 78 87 93 24 86 72 13 10 44 47 46
42 1 9 30 44 76 18 89 97 89 12 20 56 20 92 23 24 88 65 6 18 76 76 62 74 57 66 43 5 4 30 21 48 56 96 16 66 22 91 13 49 68 27 70 12 85 96 24 19 31 80 100 86 64 80 1 47 97 47 52 25 32 43 66 14 87 72 18 37 6 35 30 5 14 67 95 65 52 74 65 60 10 9 18 58 85 44 18 72 34 89 29 61 89 62 64 85 71 100 67 18 66 25 70 83 43 52 27 24 40 22 56 63 58 81 15 68 28 1 19 44 66 77 11 94 15 76 31 38 64 92 92 83 81 59 93 25 58 85 36 59 89 51 12 15 3 31 87 89 8 75 17 53 43 78 40 20 73 52 47 71 85 57 62 41 8 1 59 38 43 57 48 5 69 12 32 70 51 40 98 78 43 95 18 30 65 49 82 30 82 4 73 47 74 59 68 28 42 26 76 60 70 76 90 87 93 89 9 32 71 26 51 13 96 92 29 47 83 77 65 51 69 25 14 16 50 96 51 31 46 23 60 54 62 89 86 86 16 97 63 12
43 10 54 62 58 91 83 82 30 28 53 61 13 45 28 50 7 98 50 55 49 28 56 3 58 74 29 75 72 28 94 75 51 27 42 99 33 39 97 47 14 70 71 61 41 84 10 71 48 8 16 51 94 29 12 34 10 3 20 32 82 11 36 23 97 37 44 49 8 48 72 77 25 61 48 68 19 28 97 21 40 74 38 22 65 100 14 58 87 60 60 14 63 21 35 90 65 8 100 51 28 19 67 90 2 10 28 68 44 24 87 92 71 93 99 13 49 49 13 51 74 14 9 74 35 76 92 34 55 2 66 87 19 76 5 88 38 59 63 73 5 67 53 86 81 40 96 54 25 32 29 97 67 49 70 45 12 78 15 18 97 70 61 98 19 63 40 35 48 30 4 95 26 97 1 39 44 99 89 73 25 4 9 27 55 39 58 31 43 81 26 79 33 56 61 37 85 79 8 99 17 70 99 37 63 6 72 81 64 83 79 1 65 16 33 78 53 47 36 86 40 97 42 46 80 35 97 48 23 92 47 61 39 3 45 63 73 6 76 24 54
44 42 56 49 83 22 23 5 46 33 96 50 37 37 83 54 13 68 66 23 52 16 63 12 76 34 52 50 91 50 99 96 8 32 96 76 53 98 96 16 63 19 63 43 99 96 69 4 45 1 73 43 47 23 48 32 85 7 61 11 74 56 16 72 38 73 38 19 60 62 54 46 27 56 18 93 29 57 99 72 19 58 82 39 50 57 96 21 11 39 61 92 86 43 92 90 61 66 92 85 22 40 19 19 42 42 19 38 74 14 50 88 91 4 90 24 41 36 15 7 2 87 41 11 14 9 54 95 80 87 46 99 65 56 48 95 90 88 1 71 28 35 89 53 51 90 59 78 46 61 90 89 94 67 31 60 76 69 19 71 83 87 65 59 18 25 28 94 22 100 27 98 59 68 85 71 22 98 27 44 47 18 44 22 16 27 8 23 50 46 38 59 15 62 51 3 28 10 78 20 2 50 45 81 83 48 72 81 100 8 30 13 69 8 72 66 59 87 91 55 92 86 58 83 77 13 14 7 25 76 90 3 50 57 66 97 29 29 27 99 98
45 24 58 49 92 76 33 98 90 9 24 34 92 96 57 85 52 43 89 94 62 54 36 36 53 27 35 63 45 27 46 22 80 11 83 97 44 21 11 90 64 57 46 12 17 51 84 66 52 68 57 99 3 39 78 21 96 93 39 68 84 6 59 81 83 3 7 85 40 73 92 65 26 57 60 5 45 74 8 9 2 71 39 75 63 95 9 39 29 34 70 25 54 44 68 100 20 39 70 57 30 66 98 17 24 77 69 50 85 61 53 35 74 38 96 16 10 72 25 70 74 2 56 45 24 86 24 6 75 86 47 18 37 93 65 43 98 37 50 38 62 60 12 89 39 89 73 8 88 47 71 97 68 38 46 47 29 50 10 22 89 42 9 59 17 72 38 97 27 66 76 77 85 91 52 58 30 43 76 92 6 28 5 64 98 9 60 58 31 11 75 70 20 88 87 47 4 68 40 90 79 63 20 64 94 66 59 18 70 47 27 69 5 39 49 33 83 50 29 64 2 58 83 70 92 60 37 37 68 54 60 78 95 23 18 36 38 85 75 88 75
46 77 55 82 86 31 14 15 51 1 35 39 99 3 11 45 68 3 70 67 17 69 13 95 61 49 54 49 50 18 54 23 8 79 62 7 92 82 94 46 15 7 91 15 56 79 19 49 62 25 95 5 60 12 89 97 31 48 100 8 26 87 58 70 58 67 8 19 98 91 75 39 18 59 30 59 74 96 43 74 87 7 83 93 30 33 16 28 28 84 53 65 45 83 80 67 66 76 17 49 92 93 80 41 77 37 100 55 53 35 20 64 4 7 71 92 25 13 72 6 48 100 6 60 62 20 61 88 44 69 42 19 38 11 82 79 9 82 98 77 99 86 59 81 14 97 99 18 42 98 95 82 32 30 41 97 63 9 59 86 45 80 50 70 68 29 55 72 73 100 21 62 46 66 82 3 22 95 87 99 78 49 45 92 74 67 98 100 45 57 82 63 30 75 27 10 46 3 98 70 86 87 63 68 25 88 23 84 94 18 44 9 54 59 79 29 81 80 40 76 24 74 10 65 5 21 89 39 66 77 50 68 41 50 73 50 24 41 94 57 43
47 71 5 97 35 36 38 35 10 25 4 23 76 89 78 4 10 77 41 52 50 31 15 33 34 87 16 69 76 96 99 95 61 75 89 94 37 41 73 92 13 18 93 7 82 76 82 100 32 93 33 94 42 92 50 91 63 70 3 35 78 21 68 84 5 63 80 1 50 20 84 81 61 75 59 8 2 61 67 77 18 2 36 18 18 71 28 87 53 18 65 99 33 52 10 44 29 66 84 81 90 46 19 35 89 87 49 84 5 100 26 64 78 65 55 26 21 90 4 41 21 83 19 33 11 83 89 60 53 65 71 74 71 33 17 74 28 55 18 80 95 63 80 63 30 31 46 98 100 67 60 21 1 68 42 69 66 84 8 49 39 28 23 80 26 79 93 30 22 72 45 20 71 46 34 4 47 60 40 20 16 16 52 38 84 31 7 100 47 29 86 63 50 90 1 96 60 88 69 30 25 90 74 26 1 31 60 77 71 95 3 60 1 49 56 1 93 29 59 57 66 27 86 60 34 91 8 76 65 20 84 30 23 50 47 55 1 37 60 56 99
48 50 17 87 24 49 56 65 74 65 68 95 55 47 11 68 17 37 69 7 49 58 39 79 64 16 62 58 76 70 31 2 44 82 61 7 16 41 70 22 42 2 96 21 90 65 21 98 88 94 48 58 14 67 76 95 94 72 65 22 82 55 86 44 55 29 47 44 72 2 81 73 96 46 35 28 48 23 2 28 51 19 51 36 98 24 16 8 37 66 13 46 55 68 77 22 12 28 23 96 32 83 29 95 77 5 19 23 4 29 45 99 97 55 25 36 78 45 66 15 80 58 14 48 98 74 33 85 34 87 9 74 51 69 30 6 84 36 34 77 81 35 70 12 39 54 37 1 16 54 33 33 34 74 76 59 6 62 29 58 66 37 86 99 62 90 96 25 97 13 1 7 20 60 55 91 78 40 64 86 94 82 44 80 66 7 23 94 63 14 32 42 82 59 96 64 99 1 19 45 95 97 44 8 18 96 84 71 86 85 89 40 41 22 29 76 52 66 14 30 92 56 35 67 58 97 59 99 10 84 17 82 87 63 9 42 67 49 76 17 53
49 84 71 25 42 45 61 56 1 41 14 57 79 93 13 29 94 52 95 60 49 97 36 48 59 77 17 41 17 39 58 71 2 99 57 76 67 15 45 63 100 8 47 59 52 90 24 78 40 80 73 93 91 71 88 95 68 16 13 41 36 73 77 7 3 39 32 91 85 74 43 58 35 11 41 67 80 17 36 88 72 72 10 80 8 64 66 2 68 44 67 25 80 86 67 10 10 51 82 11 9 73 54 64 85 32 76 88 31 13 77 71 67 23 33 40 7 6 9 92 54 3 55 14 34 27 14 19 87 80 64 95 49 52 45 21 56 2 7 18 53 28 84 48 98 92 70 69 36 17 45 4 32 12 14 66 7 25 29 12 98 39 93 100 60 100 49 80 6 83 57 69 5 17 1 79 85 71 36 86 84 16 76 95 7 1 83 82 67 68 83 94 68 36 5 84 83 17 52 37 12 14 47 68 12 28 36 7 38 45 41 83 32 18 33 27 26 99 16 32 80 19 71 11 80 89 64 19 29 60 40 40 86 37 29 77 65 87 40 71 67
50 30 29 36 86 10 13 21 72 62 63 24 2 27 80 11 29 49 87 57 41 66 20 40 47 2 84 65 41 60 67 37 2 56 95 33 11 56 7 68 75 34 12 83 74 4 80 22 38 67 81 69 85 31 45 2 3 69 70 24 77 26 71 25 48 96 97 63 83 92 7 87 18 52 75 73 81 11 53 86 80 10 23 5 81 9 10 78 65 13 76 34 96 61 29 71 22 55 81 90 81 39 4 50 43 88 23 79 37 20 2 69 37 54 39 2 50 30 8 25 8 88 42 14 96 52 7 88 9 42 62 1 94 95 63 15 24 97 34 6 58 46 100 62 55 57 66 20 74 52 15 24 67 47 92 10 96 4 34 14 13 54 44 85 75 3 35 42 20 13 60 49 72 89 76 79 80 74 77 36 62 99 16 61 98 75 83 51 5 95 61 7 70 27 69 58 74 56 83 65 64 50 92 90 93 72 41 93 92 44 81 22 50 78 55 97 3 44 34 34 23 69 8 3 46 50 51 27 39 37 19 19 56 94 97 70 84 69 74 92 54
51 80 34 69 82 95 35 90 39 100 90 61 78 29 29 48 24 83 7 21 38 96 1 67 42 79 20 10 73 47 84 1 39 34 33 55 51 11 6 76 26 76 84 73 21 84 53 84 80 60 33 5 13 90 26 64 12 23 33 10 15 77 32 55 12 79 91 49 18 81 12 62 99 62 18 34 66 2 57 74 48 22 15 41 59 13 57 74 99 58 28 80 81 53 92 99 96 87 72 49 69 17 83 57 90 33 44 52 70 42 55 27 29 68 8 54 76 62 84 75 27 28 26 5 47 50 25 11 4 55 78 64 61 70 48 47 31 44 90 51 34 36 67 34 37 44 80 26 27 56 1 72 89 1 7 10 85 37 47 40 95 87 67 99 7 98 9 79 4 98 71 90 1 79 77 85 42 49 64 48 16 91 82 48 23 98 24 30 24 77 50 28 8 44 42 75 55 71 6 35 14 81 49 56 69 11 16 97 26 32 95 12 21 14 17 32 75 95 27 22 9 37 30 10 37 26 33 8 68 15 53 50 34 53 11 29 26 76 72 90 30
52 82 11 91 55 22 84 29 2 63 50 24 71 39 28 21 68 65 89 89 9 92 60 39 24 60 66 57 73 83 59 35 78 35 7 19 34 47 62 83 81 20 23 90 30 43 8 49 15 3 37 83 3 62 15 17 51 73 42 39 72 57 81 60 68 59 6 50 6 21 23 95 91 84 52 4 22 76 59 56 68 99 76 16 17 82 9 12 4 61 68 64 12 32 19 38 58 46 42 99 87 78 40 46 2 54 59 96 81 25 70 64 29 53 97 95 70 49 2 54 36 21 37 62 49 68 73 60 63 74 43 81 76 49 39 43 28 44 86 71 19 77 55 56 16 72 59 49 61 85 97 84 46 91 21 65 86 95 21 53 64 83 1 31 15 45 91 56 56 65 10 91 13 46 3 54 96 20 11 18 25 80 82 49 81 44 75 50 17 92 100 4 66 56 47 96 85 72 15 74 76 7 53 13 45 93 92 11 78 14 66 48 27 88 89 68 21 62 100 31 92 87 87 1 35 80 7 32 36 38 100 55 92 43 20 3 49 77 77 30 100
53 66 48 25 23 100 26 31 30 31 32 66 25 78 60 90 48 65 70 64 43 91 78 62 55 84 27 41 78 98 61 88 10 48 89 15 24 78 24 75 20 99 46 89 39 86 58 96 49 11 21 84 41 32 66 42 39 72 11 71 11 78 63 95 25 14 57 38 89 61 64 35 94 16 21 3 12 17 24 62 92 32 25 42 24 97 71 65 29 92 60 50 63 78 63 71 21 74 34 95 2 7 62 23 14 97 5 88 50 89 15 52 56 78 96 46 67 81 70 55 54 61 44 99 91 57 24 41 62 28 48 33 23 47 93 17 3 65 27 79 33 41 46 98 97 68 33 63 74 85 40 12 21 91 29 92 61 13 38 85 12 64 15 99 87 58 73 92 100 16 31 46 23 35 17 9 89 4 32 23 80 57 18 3 58 63 40 72 24 88 13 7 16 79 49 100 27 25 26 40 25 100 26 78 88 77 11 62 97 97 79 39 59 70 93 78 74 72 38 11 43 57 23 24 94 39 19 94 45 52 37 99 98 94 54 87 28 85 58 31 84
54 65 59 18 12 80 82 26 35 27 55 42 30 86 97 55 50 42 3 82 18 36 21 24 23 84 36 6 12 84 79 52 15 77 15 73 49 27 51 22 52 18 37 33 51 13 59 14 76 13 77 28 8 24 89 14 57 27 41 71 13 56 45 43 78 55 56 73 14 46 11 62 71 63 43 67 89 56 67 82 44 66 67 84 7 36 16 73 87 99 40 48 24 92 84 34 40 55 63 5 59 31 74 23 90 92 70 2 85 54 3 43 7 30 34 77 92 60 91 51 38 90 15 91 17 86 32 49 15 56 50 36 27 5 13 59 28 44 58 77 87 79 62 82 49 1 79 22 9 30 67 60 38 66 13 2 3 55 61 7 95 88 76 34 44 56 1 67 20 7 31 64 31 26 32 24 16 31 62 84 41 99 71 5 55 76 67 50 38 90 7 34 72 43 75 81 6 56 57 93 36 60 80 62 12 30 51 68 99 15 14 36 45 26 28 89 26 31 49 3 11 51 99 48 63 72 9 17 66 85 74 17 70 46 87 21 55 15 14 60 99
55 90 47 11 19 61 29 60 29 72 7 96 22 38 75 1 92 51 98 19 90 76 11 75 16 38 19 8 43 19 18 37 89 84 59 29 70 11 39 87 15 48 14 81 83 81 12 62 71 83 70 53 33 60 17 79 93 17 63 58 61 87 55 49 5 80 58 9 74 93 57 93 18 4 3 80 52 14 60 15 40 5 95 47 39 82 39 66 33 4 41 56 79 36 41 62 51 53 68 49 80 52 87 33 17 24 31 94 92 76 72 16 32 65 63 13 5 51 87 37 63 18 62 50 1 99 3 40 32 41 82 65 29 76 94 6 67 71 34 64 40 22 21 56 69 78 72 83 78 11 80 37 93 95 73 41 36 47 47 26 15 39 75 1 18 46 11 63 35 78 86 19 13 68 1 6 53 52 1 79 75 38 16 79 44 39 93 17 66 79 13 82 27 71 7 33 6 82 95 53 40 96 59 25 40 98 96 99 80 60 57 70 80 69 42 53 58 23 53 13 73 12 28 16 81 24 98 86 53 6 27 39 89 54 79 16 54 32 86 12 14
56 54 88 73 31 91 49 24 21 50 22 67 43 27 83 91 98 8 69 73 79 90 39 63 97 97 33 44 18 32 28 45 37 29 43 76 21 19 22 69 2 39 9 97 75 97 45 61 63 71 6 66 45 18 52 94 34 45 97 96 99 14 23 76 67 84 95 67 39 76 30 1 54 58 39 38 78 99 91 2 51 69 95 57 22 27 1 54 69 57 9 27 87 52 15 60 46 34 59 50 95 62 70 12 27 94 92 51 10 16 38 30 84 20 25 75 88 46 42 23 10 49 94 7 49 88 7 75 97 92 21 18 72 28 43 6 80 93 86 81 66 5 63 69 65 24 48 24 53 81 59 60 2 87 46 69 69 75 2 96 96 40 20 19 85 80 71 41 14 96 60 28 8 57 12 52 35 63 21 33 37 10 14 71 99 26 68 76 49 10 5 76 79 35 76 40 3 16 1 70 21 8 45 67 5 54 56 8 40 32 57 58 50 71 96 2 84 78 1 92 31 57 21 51 59 26 23 29 63 6 74 28 54 15 4 14 92 72 92 64 10
57 80 78 93 80 25 6 13 14 96 20 87 53 75 77 100 6 23 53 66 96 61 64 50 46 53 25 4 18 27 70 15 54 54 58 75 49 36 61 77 96 43 86 41 54 88 84 8 45 86 17 61 92 53 99 91 54 94 73 35 17 100 50 21 82 7 60 91 70 16 8 60 9 30 32 30 64 3 74 47 95 88 10 48 51 51 77 64 13 34 99 100 31 47 63 96 5 45 70 3 22 60 5 51 83 99 64 31 59 51 26 91 44 100 30 99 68 65 27 85 20 23 81 54 40 16 45 53 44 98 63 96 72 73 89 75 62 83 38 4 5 95 94 12 2 61 92 26 18 65 5 43 48 59 58 57 46 92 91 11 92 22 75 3 6 4 6 3 46 54 2 17 6 99 31 11 35 24 23 10 55 50 43 48 34 30 15 91 36 82 91 77 31 14 51 97 99 38 61 55 15 36 81 63 68 2 88 19 57 30 79 50 32 89 21 29 50 23 64 13 69 54 96 73 17 64 83 41 92 50 55 41 39 96 5 90 100 34 94 34 55
58 34 98 1 70 60 14 66 42 88 53 46 65 24 6 75 14 96 16 37 92 72 60 34 33 93 25 65 72 15 94 83 85 82 11 77 70 17 9 69 98 53 56 70 46 64 86 75 28 52 15 53 65 34 30 17 64 51 31 42 40 80 39 90 38 47 8 15 55 57 35 43 40 30 90 74 9 9 40 41 70 42 88 52 99 20 32 73 75 74 85 81 31 49 36 53 62 61 16 88 30 12 39 82 42 67 37 47 50 92 91 68 73 1 95 4 19 59 41 23 37 15 15 3 61 39 47 74 79 40 21 11 36 13 13 6 22 71 96 17 5 67 15 42 67 93 39 94 81 21 2 14 72 57 1 53 91 19 78 52 82 92 9 57 59 44 24 1 27 10 33 14 27 14 24 57 84 8 73 88 45 9 72 50 42 16 73 21 89 34 21 84 81 82 12 48 93 57 90 88 2 61 22 55 42 88 81 55 81 49 19 99 35 24 91 51 85 85 56 16 85 92 30 67 67 67 90 88 83 29 70 39 20 4 60 75 86 95 15 19 47
59 88 98 73 29 91 74 74 80 37 38 22 6 22 24 37 97 48 6 38 16 5 76 49 64 19 24 60 57 99 85 100 19 59 55 44 16 48 28 70 63 32 33 46 57 66 90 14 92 3 70 46 63 98 72 95 55 18 78 82 55 50 96 10 39 27 75 46 72 13 59 7 15 61 76 80 2 76 44 100 37 47 45 49 42 50 80 33 64 14 99 38 24 46 19 23 54 43 27 60 40 56 65 89 95 53 73 26 53 36 80 89 35 17 83 61 48 98 20 77 42 93 60 94 13 62 56 50 40 13 10 13 87 30 30 39 61 18 45 92 31 78 84 35 77 38 21 14 11 68 34 19 70 38 40 36 40 35 87 59 23 49 27 10 66 28 76 96 16 40 65 82 30 20 37 13 67 97 60 95 31 87 83 20 36 48 10 31 85 82 70 78 75 54 57 15 3 43 6 12 24 6 91 90 60 13 16 50 9 14 48 59 58 95 99 48 71 28 56 58 87 69 17 84 22 78 59 61 100 67 43 34 73 87 81 49 79 39 12 42 93
60 66 9 96 79 98 31 100 62 68 33 5 1 53 42 20 41 11 39 69 22 47 48 22 69 11 43 81 95 60 95 79 42 84 91 73 34 13 46 40 100 47 55 73 35 77 73 45 18 55 41 73 52 8 73 4 18 85 4 69 2 27 89 43 23 32 79 96 82 58 36 17 79 64 90 12 30 87 31 52 64 7 84 32 73 88 33 83 3 35 70 20 44 24 97 52 47 59 86 96 31 21 45 8 64 19 73 45 13 93 42 27 65 85 50 86 33 6 19 25 52 51 79 12 29 96 1 6 37 10 32 21 73 78 55 87 81 56 64 83 72 74 81 3 33 27 41 44 9 20 70 81 19 80 10 21 57 65 29 20 95 51 61 39 51 94 6 28 85 37 65 34 29 39 70 72 21 24 73 59 33 10 18 64 23 13 55 18 23 70 80 29 13 100 77 83 64 65 28 13 95 16 40 72 88 80 5 16 11 54 43 35 11 76 57 32 63 35 38 21 88 52 8 64 57 75 97 64 86 46 84 18 88 16 13 69 53 45 71 65 80
61 51 13 49 76 50 8 72 38 46 45 15 56 6 20 32 14 47 26 16 43 98 74 42 28 29 44 58 12 73 41 96 42 97 9 14 71 73 75 60 12 90 85 53 16 21 69 33 67 46 72 52 85 65 71 31 6 10 96 58 78 56 23 78 61 63 90 44 89 51 66 37 95 18 2 51 67 86 7 98 2 33 84 20 85 80 37 75 23 30 75 81 15 17 65 45 19 68 30 29 12 53 44 65 86 62 73 35 66 59 40 22 10 36 19 15 9 8 50 5 70 61 30 14 98 68 99 82 60 27 17 10 22 79 50 86 23 52 1 57 78 38 77 1 48 11 60 56 84 45 9 63 60 96 64 17 92 68 91 50 39 45 42 75 28 40 38 37 70 5 27 6 31 45 78 56 68 58 79 39 30 25 34 39 34 2 38 6 62 43 31 24 65 24 50 98 76 83 69 12 78 62 41 18 77 75 30 60 27 10 78 14 91 84 68 40 83 94 88 29 44 34 69 20 78 51 58 6 30 55 25 3 68 19 40 47 32 6 21 94 30
62 85 87 54 49 85 29 14 74 97 10 8 95 56 19 84 72 25 64 23 40 2 93 81 1 16 71 90 36 31 50 4 41 61 60 27 54 11 33 55 14 22 59 56 6 21 55 46 38 1 85 24 73 67 22 57 63 70 16 11 90 47 11 88 75 20 1 91 65 87 30 21 19 53 31 71 16 11 34 73 87 5 26 78 90 24 81 79 36 26 45 66 64 69 57 58 46 69 37 96 41 75 3 48 64 92 29 59 38 86 89 7 3 38 41 11 16 50 30 21 69 56 67 85 90 18 46 59 48 19 39 41 9 26 62 43 75 60 23 41 43 40 72 43 72 78 4 4 1 62 14 85 79 64 80 1 26 25 41 93 20 59 69 47 99 73 4 83 9 74 11 17 93 23 95 76 52 71 26 6 13 75 79 44 36 2 92 15 86 6 95 19 4 92 88 47 78 84 34 74 39 83 70 33 92 16 35 17 35 35 32 48 9 86 8 1 11 35 70 95 9 92 25 17 82 41 81 34 61 12 69 22 82 15 3 36 3 73 97 39 1
63 30 18 100 79 62 8 53 75 62 64 5 37 77 60 5 31 97 5 44 53 56 85 52 54 46 36 45 57 99 53 73 55 97 43 87 51 28 5 35 30 8 13 99 93 100 36 70 20 76 13 9 45 67 17 97 16 25 3 89 67 94 23 6 31 14 93 66 78 4 50 70 99 5 25 58 62 55 30 63 18 21 17 40 88 70 82 45 98 67 68 51 97 85 71 83 86 97 1 89 98 4 90 59 90 47 89 26 18 34 65 84 93 58 96 70 30 66 7 77 71 84 1 44 12 76 37 1 66 76 75 84 7 74 79 72 83 82 11 60 77 75 95 44 50 93 6 46 35 84 1 41 22 87 26 17 55 3 40 25 96 42 6 66 72 59 45 77 68 11 68 66 84 84 21 18 88 85 9 58 67 85 10 97 24 69 73 29 14 98 57 85 17 28 23 3 16 17 46 33 43 57 15 36 69 13 21 45 50 68 11 2 72 83 26 34 7 6 13 27 1 84 100 14 6 21 92 48 89 31 23 54 10 8 38 33 86 80 50 45 6
64 95 25 44 11 69 60 21 85 26 44 39 83 84 5 84 35 39 22 75 34 54 83 57 25 61 98 82 97 4 10 17 57 89 52 85 68 15 75 99 21 60 32 99 97 86 42 2 29 66 14 36 63 13 13 18 57 14 78 75 39 87 36 42 2 18 82 51 60 41 33 10 100 84 43 59 31 77 55 63 17 10 47 98 94 94 85 24 22 57 59 11 61 59 5 58 82 61 14 59 98 83 83 81 18 93 27 22 83 86 93 76 52 23 16 47 73 23 60 40 19 25 37 70 34 8 65 19 36 49 21 94 90 43 96 20 26 72 76 88 70 36 97 72 45 48 83 51 61 93 59 7 32 36 17 5 73 2 56 62 87 31 55 1 68 69 88 73 65 74 78 84 70 29 80 47 14 36 55 63 92 36 91 69 55 84 46 66 53 1 2 38 2 20 52 62 12 60 12 94 1 86 83 94 85 72 12 17 30 23 96 53 51 75 57 93 58 22 80 12 27 5 41 13 79 78 70 64 23 44 67 38 71 19 9 38 22 21 13 69 72
65 70 48 52 59 89 60 26 6 75 42 32 19 62 98 5 80 69 24 12 27 3 14 91 9 41 96 82 67 80 82 4 51 71 36 97 88 25 35 89 34 39 60 33 96 65 33 46 28 71 41 25 1 57 3 93 91 37 81 34 20 37 24 64 40 51 71 26 8 36 46 15 28 49 71 86 65 33 4 42 71 48 17 66 14 25 22 63 49 67 60 100 62 72 73 20 52 42 95 29 34 97 6 65 54 16 72 81 73 10 39 9 84 18 74 14 92 23 9 7 20 55 91 15 71 29 76 98 25 16 80 81 38 41 8 1 43 57 21 40 42 19 56 19 80 35 20 3 42 36 33 38 60 87 2 15 24 100 70 35 47 53 45 30 82 26 25 6 62 27 97 10 81 69 55 92 94 1 64 14 4 74 76 38 69 15 28 62 41 6 74 67 35 84 61 28 27 59 38 75 2 73 22 54 67 77 32 6 87 85 88 89 19 53 72 7 49 24 67 5 51 47 60 72 66 15 88 30 32 88 52 58 90 26 34 13 90 91 99 22 29
66 57 25 97 27 3 68 11 10 66 27 64 39 6 47 57 9 78 29 40 85 96 55 74 66 48 99 30 55 54 49 30 8 6 42 27 56 81 54 69 36 8 65 81 15 3 17 66 67 21 47 36 83 26 91 54 100 77 27 86 17 88 37 54 94 40 42 92 80 26 42 82 24 52 65 14 39 83 24 26 26 63 97 36 31 18 22 59 67 83 45 52 20 48 33 87 74 32 36 56 7 11 90 20 41 50 83 75 41 89 38 72 54 78 60 82 28 95 19 52 62 31 73 52 54 11 78 6 17 37 67 59 95 45 70 78 91 7 50 62 27 13 47 34 30 88 13 21 78 1 80 32 78 57 61 82 69 28 45 35 66 46 34 87 78 28 29 90 52 34 26 51 98 100 7 19 77 4 63 6 81 95 70 91 73 95 4 26 17 47 36 10 24 56 48 100 26 19 90 63 28 53 96 52 100 77 30 10 22 45 89 34 72 60 60 63 84 56 57 70 61 61 5 57 53 38 92 36 33 40 5 98 12 60 89 19 4 12 73 90 30
67 13 98 95 89 52 97 49 45 16 26 62 76 55 93 58 44 90 2 23 50 99 64 49 93 97 13 2 70 32 5 89 20 70 31 45 39 5 60 9 40 5 61 84 76 80 10 13 33 96 5 43 60 99 93 27 13 77 90 2 19 42 69 32 60 47 17 8 21 61 22 56 25 77 62 9 80 76 100 91 3 90 27 23 77 86 69 87 74 33 46 27 72 10 86 14 92 79 51 23 59 83 48 17 76 73 91 95 83 31 39 24 97 88 10 26 54 39 89 42 15 45 95 22 65 3 66 7 79 67 2 30 68 66 72 25 17 14 55 18 15 32 74 37 89 82 28 67 38 41 55 34 63 17 62 80 53 7 99 70 60 87 50 51 2 18 66 100 90 52 48 74 22 86 43 32 47 19 88 85 6 33 36 84 25 78 88 22 10 70 26 59 25 56 48 25 17 85 5 5 34 66 8 78 79 3 18 72 22 28 84 39 87 44 89 10 63 100 69 71 27 11 100 6 57 60 10 87 45 9 27 16 25 52 65 23 18 23 88 83 52
68 98 66 39 87 38 86 43 97 51 28 36 47 86 9 72 37 62 48 34 49 68 29 41 21 76 70 96 33 2 63 82 65 56 47 92 93 42 35 42 20 36 2 72 63 87 30 40 72 69 2 98 43 36 33 23 24 40 43 24 11 75 11 22 30 19 32 49 49 71 39 100 30 32 31 77 61 17 40 49 73 94 95 70 70 85 61 99 26 23 39 74 100 91 65 44 20 15 18 17 16 78 72 98 90 3 8 91 76 91 44 58 74 40 45 1 24 75 12 76 27 9 39 3 78 50 12 6 17 31 19 76 57 49 14 18 99 89 55 62 82 9 81 65 98 63 99 67 82 79 41 8 80 10 100 15 57 24 46 52 14 36 43 57 62 61 17 89 14 10 74 26 12 58 44 89 11 49 20 52 10 67 58 58 3 29 48 34 11 24 57 88 11 94 45 63 88 63 25 29 55 59 46 69 22 64 25 83 100 65 42 93 8 99 30 20 27 18 35 50 79 30 51 83 16 79 85 90 85 51 77 87 36 5 28 51 44 39 7 68 19
69 5 28 100 43 62 38 83 1 82 5 8 85 34 76 61 16 48 91 80 19 14 78 34 100 41 35 38 30 18 29 31 24 58 100 60 46 7 38 28 47 14 12 18 57 86 6 88 18 64 14 97 35 69 33 56 60 4 45 88 15 38 2 59 48 25 91 81 6 83 2 96 68 30 51 98 54 44 77 15 29 6 52 56 35 28 14 99 41 36 67 50 88 18 35 10 55 29 45 86 100 44 41 40 43 48 63 82 96 12 97 16 56 97 95 13 21 71 28 38 25 51 25 41 41 54 18 42 72 85 75 21 5 87 45 34 43 14 19 25 39 12 58 28 60 56 79 53 89 47 25 95 95 85 71 8 53 7 28 99 46 38 89 98 86 58 71 90 70 77 86 44 4 67 12 12 47 34 59 19 87 91 68 2 11 87 61 29 29 78 37 53 41 53 71 76 55 5 43 28 41 8 41 16 98 52 49 44 80 3 1 54 64 63 56 27 6 41 62 39 90 40 16 65 6 47 72 34 64 97 18 1 33 38 31 42 30 17 44 42 50
70 76 22 8 76 27 80 55 36 29 25 88 50 55 14 93 46 100 66 77 2 90 58 5 64 40 41 79 90 86 41 32 11 73 23 4 20 64 90 24 93 58 19 34 18 40 53 32 92 29 85 83 77 17 89 92 61 97 86 84 2 23 32 63 60 4 1 70 96 52 100 89 25 38 6 50 76 55 89 96 96 22 78 74 12 80 10 63 52 71 51 18 24 23 52 35 99 21 74 28 94 47 1 61 2 67 64 64 42 21 88 90 9 7 1 20 26 85 87 39 69 15 33 94 94 38 51 79 19 56 95 22 17 53 74 58 86 90 89 14 62 7 48 59 4 57 84 59 46 13 37 63 31 29 36 22 42 3 21 24 52 93 52 40 24 92 68 35 77 25 1 17 38 11 67 13 75 28 83 15 66 23 57 32 70 57 17 15 26 27 6 44 32 82 95 98 87 39 26 12 12 30 50 8 73 20 68 1 47 77 15 86 43 14 74 60 47 28 36 26 1 19 2 61 17 25 46 32 95 64 37 17 82 39 80 58 6 6 21 1 78
71 43 86 20 99 80 75 43 32 81 42 91 19 68 99 91 59 13 44 12 52 100 26 85 17 62 56 74 1 28 34 36 41 32 93 32 82 86 83 15 94 23 46 66 52 20 36 1 96 33 45 22 81 94 80 93 68 4 86 29 69 44 50 29 97 3 22 3 73 17 70 96 15 13 70 66 39 66 61 66 45 67 10 48 86 42 10 44 99 89 16 68 28 97 74 51 37 64 19 54 69 19 20 55 76 72 21 45 23 65 65 20 70 2 21 93 84 48 65 64 96 11 28 48 76 59 3 51 23 71 55 79 24 71 50 10 9 9 5 65 59 97 41 21 68 47 15 79 81 54 61 75 75 66 76 38 86 16 24 53 4 21 2 35 6 89 96 64 1 97 78 60 37 85 4 47 87 39 88 36 3 17 50 89 52 88 59 62 89 57 48 59 59 100 19 76 50 19 78 53 26 3 89 82 87 79 89 27 14 73 28 1 24 18 73 9 13 64 15 72 56 31 58 69 17 57 15 84 67 42 18 66 50 20 95 69 29 63 23 55 24
72 49 66 3 34 50 47 61 77 82 15 29 89 75 73 9 8 86 35 94 46 78 57 93 82 24 100 94 63 81 40 99 79 63 92 1 36 70 62 82 93 78 46 52 99 77 59 98 95 44 57 17 30 95 52 64 88 45 52 6 38 100 11 54 33 8 20 79 100 4 41 76 36 57 30 80 81 77 33 3 5 78 77 78 63 38 36 72 16 39 43 79 76 11 91 37 5 34 65 80 49 97 82 89 59 53 75 70 59 26 20 80 42 62 83 69 39 97 98 82 95 7 99 75 70 99 35 6 66 9 65 28 84 35 25 81 11 27 85 27 96 49 31 88 46 10 13 75 19 29 18 96 37 54 41 55 21 85 33 51 82 61 22 69 9 63 42 33 23 98 62 75 18 95 16 55 20 42 27 5 74 90 33 61 56 84 53 48 26 38 10 63 37 26 40 70 3 9 68 11 61 100 39 87 63 4 25 45 62 91 58 20 73 44 62 10 97 67 44 78 96 80 24 36 87 74 44 63 57 16 73 46 55 17 29 36 23 55 72 58 85
73 52 3 70 48 97 3 55 32 4 3 52 67 20 73 26 54 58 9 30 7 45 23 54 13 69 72 29 97 98 66 65 84 73 34 89 74 67 28 7 55 54 63 80 87 82 15 10 90 42 42 72 74 47 93 18 99 49 17 35 79 99 58 89 32 96 26 65 1 6 67 18 38 39 67 89 7 30 14 43 85 58 99 49 93 2 64 28 53 69 77 43 38 66 48 47 52 46 12 38 24 94 21 45 58 32 44 45 40 9 57 99 12 43 59 8 27 3 93 70 20 11 71 32 5 76 84 97 8 2 71 72 10 17 15 96 95 38 5 83 64 53 25 94 9 88 94 2 72 7 37 37 50 24 43 97 70 2 23 87 28 100 87 7 71 16 70 80 93 68 27 19 45 80 85 5 79 4 41 42 62 85 84 30 82 31 54 97 36 81 53 12 92 47 16 78 86 87 27 68 46 69 26 21 22 18 35 69 75 85 75 19 44 71 99 24 23 46 22 85 72 84 10 17 14 43 88 85 49 31 99 56 94 52 95 48 85 85 43 19 48
74 53 42 72 49 61 36 36 12 59 27 56 100 1 59 47 91 44 85 70 87 87 42 12 23 40 26 68 21 30 60 3 34 85 47 25 41 84 4 24 83 43 11 45 53 39 42 23 38 74 84 5 85 34 87 17 89 83 40 55 61 49 45 83 99 84 96 50 92 72 77 92 33 35 50 17 39 14 79 75 2 6 32 12 96 97 3 13 94 32 58 69 54 73 27 25 41 93 71 53 5 50 82 98 71 18 96 80 63 66 61 3 25 82 14 67 22 45 48 21 3 69 6 69 27 3 35 66 37 63 19 89 79 21 47 1 25 61 99 36 5 91 68 61 52 21 77 26 12 2 25 38 43 3 4 89 7 51 21 38 78 40 74 93 22 83 21 83 79 84 69 30 90 35 36 18 95 64 4 65 19 97 73 29 16 65 78 77 98 45 63 91 88 4 26 95 52 51 82 57 15 16 22 30 89 29 76 99 1 81 44 26 70 57 64 23 10 81 80 29 77 48 62 30 13 16 97 13 10 33 41 12 93 75 91 73 34 98 88 6 44
75 45 30 21 48 22 46 98 17 31 99 11 60 50 62 12 87 40 2 32 70 46 64 81 3 34 17 84 89 99 7 59 97 76 55 90 97 1 37 71 30 70 98 8 33 38 10 92 23 9 75 75 49 42 4 3 35 20 84 27 52 85 91 42 21 58 32 96 58 27 61 46 34 36 34 53 16 53 86 95 31 12 40 6 72 86 86 15 63 66 59 81 78 93 100 19 62 67 40 79 63 68 54 87 14 27 33 27 15 87 71 36 5 45 66 1 40 28 15 38 39 58 8 30 71 87 37 68 43 34 67 53 28 3 91 32 64 6 18 55 73 89 74 37 39 35 16 69 41 97 71 38 24 66 88 93 74 16 1 85 6 96 59 61 73 63 18 86 11 22 51 37 22 66 77 62 76 57 15 71 15 9 10 20 54 54 10 14 96 11 99 35 10 31 58 60 59 25 28 48 28 8 17 23 15 95 1 89 69 66 90 45 63 47 71 45 65 91 18 16 53 81 52 2 45 41 3 75 42 85 54 19 80 39 2 77 10 82 40 35 91
76 9 86 98 90 97 5 65 10 60 50 77 70 48 41 81 5 11 65 52 28 20 61 12 76 100 74 34 2 28 84 40 4 46 90 17 86 53 38 9 62 28 92 37 21 83 16 49 71 58 27 52 87 93 40 49 52 94 25 52 89 66 55 63 85 46 51 54 86 96 100 3 88 18 24 35 9 1 46 19 77 47 1 46 39 59 8 58 64 72 81 66 64 59 77 68 25 50 70 70 56 6 20 33 10 96 45 91 58 84 61 23 73 100 80 62 9 94 27 55 26 99 54 89 49 48 24 39 1 68 13 26 57 30 39 31 13 21 66 26 96 44 37 67 95 26 11 75 10 6 44 6 42 94 34 11 17 18 42 15 96 62 65 29 77 51 30 87 78 23 62 71 84 38 7 27 55 71 51 53 31 73 86 40 20 53 51 87 97 83 70 37 58 100 97 93 58 38 92 55 83 18 11 8 65 15 72 60 18 66 83 76 35 99 10 83 19 53 46 95 23 4 46 60 13 40 7 77 42 24 53 31 45 86 51 18 33 52 39 27 2
77 82 13 28 5 61 99 64 2 68 56 98 34 37 87 48 57 64 9 90 78 4 21 41 58 53 73 57 95 69 8 40 16 100 62 39 66 72 70 73 53 12 37 36 96 95 93 9 7 75 83 16 98 48 74 77 47 22 94 85 78 23 98 79 96 72 28 53 8 62 90 33 61 75 8 32 10 33 21 96 42 76 91 81 64 80 48 37 75 95 71 81 68 100 54 88 4 4 27 43 57 67 74 78 85 19 8 51 80 98 58 24 33 42 80 1 44 85 42 44 14 35 49 56 97 9 60 27 35 97 30 82 55 58 91 78 66 43 77 99 52 77 70 96 22 51 6 51 65 78 18 41 32 25 24 14 81 77 20 96 45 18 100 92 77 32 78 26 34 56 10 64 33 34 100 64 18 100 53 22 60 48 39 34 13 64 73 23 92 90 43 48 11 51 35 65 77 44 2 58 18 55 3 65 34 44 61 21 84 19 81 91 70 84 16 40 17 70 87 80 39 11 61 64 10 78 9 98 25 96 87 48 32 11 2 6 75 80 69 87 62
78 92 47 60 67 14 70 12 83 76 7 91 34 69 32 83 3 74 10 37 100 86 80 24 89 69 96 7 35 39 75 15 84 48 90 75 16 64 91 67 22 7 18 32 16 83 83 14 69 18 56 54 37 52 82 68 73 28 54 39 24 54 74 64 75 12 23 3 43 76 98 65 86 35 46 90 23 33 95 9 68 84 61 83 25 70 2 58 7 59 49 88 6 90 35 73 70 79 77 9 100 89 51 91 2 20 46 69 67 53 11 84 39 4 24 78 4 86 55 59 41 29 6 13 78 47 37 68 99 4 84 58 12 11 81 8 60 63 16 76 68 96 86 100 54 78 9 2 66 4 29 40 98 82 45 37 96 23 6 31 38 18 91 51 68 91 49 91 24 90 84 58 70 50 76 98 60 79 66 68 50 50 54 29 33 5 7 73 65 92 61 61 45 67 73 4 93 2 62 30 66 100 81 71 94 1 62 82 48 93 92 44 35 89 17 37 56 31 50 56 3 28 23 19 71 86 95 18 87 79 88 57 40 2 14 79 51 82 84 48 71
79 65 55 39 94 68 21 47 58 100 96 94 30 22 50 19 44 97 4 81 69 8 52 12 99 23 33 25 44 94 59 35 82 22 60 2 56 26 80 5 5 100 72 57 56 41 100 5 57 38 53 26 27 29 95 32 4 75 44 82 33 10 71 74 70 84 72 48 38 44 73 49 64 92 1 65 66 95 3 50 40 62 62 29 60 2 65 87 73 96 64 20 79 46 62 91 66 16 71 1 18 75 72 94 67 50 87 54 14 12 75 22 19 88 81 89 52 12 49 48 29 19 2 14 20 61 32 75 10 33 48 21 51 48 21 86 85 30 77 61 34 5 72 3 11 2 52 4 29 26 31 24 46 95 17 90 58 14 4 75 66 6 38 87 93 43 19 85 3 91 35 51 61 4 17 48 89 55 70 73 52 25 29 2 74 65 3 95 86 11 9 40 50 69 99 13 29 18 66 23 24 96 70 53 9 43 81 68 100 86 86 38 63 55 66 22 15 17 5 25 63 79 17 85 39 73 27 15 9 44 69 15 43 60 30 18 83 16 16 60 98
80 10 14 72 86 70 76 77 44 68 87 37 53 15 43 37 82 67 70 55 34 67 40 67 67 57 85 94 43 44 71 91 19 44 11 97 32 21 33 84 53 91 55 25 88 74 78 28 65 60 3 34 59 64 22 57 49 39 62 1 25 47 88 61 11 2 8 46 99 86 18 37 1 3 16 75 75 33 100 24 76 81 49 36 75 12 42 54 40 47 15 88 63 34 41 90 52 75 100 30 67 46 5 6 10 9 49 28 97 58 58 65 55 30 29 17 20 100 70 76 86 8 32 27 14 6 35 69 9 26 14 43 99 100 54 13 66 38 44 49 100 93 19 28 52 4 76 25 85 62 29 32 98 64 38 46 67 4 78 20 26 32 42 95 68 36 34 34 7 93 20 91 98 99 64 25 73 53 15 14 22 57 93 27 42 38 48 98 33 11 80 92 82 20 87 17 26 82 24 11 7 30 91 41 49 10 2 13 8 57 66 38 49 6 24 14 92 36 86 49 12 34 70 60 56 77 64 9 63 41 99 17 42 65 41 86 18 9 33 13 79
81 73 64 18 71 45 33 36 45 63 33 4 61 94 25 86 29 64 21 35 91 71 86 88 91 15 59 44 69 10 80 90 58 57 2 36 72 9 49 57 77 54 2 86 37 49 37 87 49 87 40 27 57 44 91 62 91 56 78 41 58 55 49 78 13 30 48 2 68 60 93 30 10 30 92 95 77 72 75 83 80 12 12 59 35 46 41 51 33 82 39 25 43 27 80 9 87 99 82 10 73 96 73 80 22 51 46 43 41 21 48 30 10 97 34 49 93 26 86 84 91 99 49 94 95 55 97 70 72 74 92 91 92 63 65 61 28 95 63 75 67 57 44 67 16 52 88 74 68 28 26 15 87 10 78 48 52 20 29 33 20 36 57 98 97 37 13 48 79 70 36 56 67 23 45 91 89 92 50 15 56 23 19 68 16 38 71 25 50 94 78 17 62 29 26 36 68 63 24 80 95 6 95 62 13 66 10 10 62 52 57 59 38 55 28 76 22 34 97 53 30 46 47 71 16 12 46 50 32 5 42 11 53 46 49 81 44 62 70 24 58
82 66 99 30 19 91 95 53 47 84 100 67 90 7 40 6 80 91 87 50 47 12 66 39 6 55 60 89 15 80 18 13 33 81 25 80 56 71 27 92 94 29 15 71 77 55 9 62 45 33 1 72 87 31 82 77 97 19 26 95 90 30 75 45 83 5 41 27 6 7 10 47 60 31 77 27 3 77 75 15 95 29 60 51 19 96 92 81 89 78 89 58 3 21 22 21 62 4 16 61 82 87 73 58 58 5 88 94 15 77 27 49 62 41 91 11 35 89 67 40 57 75 28 67 19 85 2 4 31 38 74 89 2 69 85 99 58 40 6 22 7 58 7 95 78 90 93 97 30 78 21 33 53 57 72 50 52 13 26 41 95 92 81 40 73 37 16 42 26 3 92 12 87 58 61 4 52 7 33 95 3 33 40 62 87 95 46 33 59 20 52 45 86 79 44 16 7 83 11 82 27 78 50 31 92 44 70 11 85 89 35 95 9 39 28 13 45 41 50 57 13 84 46 17 61 97 95 1 78 71 64 49 73 6 56 60 79 52 72 71 80
83 14 87 18 21 63 44 86 48 44 23 57 82 78 52 16 51 19 68 16 31 78 43 85 52 6 97 44 46 8 33 90 23 47 52 35 69 87 60 16 26 46 3 21 63 44 86 59 22 77 18 16 9 55 26 94 31 44 75 57 29 96 82 46 89 6 58 42 11 83 30 40 50 63 29 66 16 56 47 13 67 21 45 50 13 73 95 9 72 35 73 78 21 31 92 6 16 68 6 60 70 25 12 75 61 91 51 79 78 39 62 77 70 6 19 66 78 80 45 60 25 58 12 84 79 24 96 31 69 77 14 34 30 83 75 90 61 85 67 84 19 42 6 3 43 48 72 60 77 48 98 20 71 89 19 50 92 1 1 59 37 23 52 64 100 17 57 50 22 88 25 71 29 79 79 62 93 20 83 10 50 17 68 71 22 71 79 66 58 87 18 14 63 20 97 69 73 17 65 94 29 1 34 50 39 28 81 47 10 59 72 76 54 31 32 24 18 61 28 95 11 52 49 79 45 86 16 70 50 78 25 62 66 31 90 8 71 43 31 19 56
84 6 80 64 20 99 72 52 88 56 9 92 10 3 37 92 66 38 16 8 15 50 96 57 90 62 12 85 8 75 10 62 16 90 46 87 86 70 52 48 83 64 87 61 18 85 18 68 72 60 90 30 76 16 97 51 28 3 91 88 77 61 51 28 96 6 74 88 46 89 91 31 33 29 7 62 68 69 48 60 57 93 62 24 70 11 78 76 41 93 91 21 70 31 64 98 89 6 80 100 63 3 53 19 63 4 12 45 73 20 100 6 88 88 4 93 33 56 45 52 80 39 99 51 8 43 51 6 91 28 85 76 26 26 11 87 42 36 37 11 4 11 49 40 1 55 74 67 93 76 93 63 99 63 22 8 41 94 91 27 47 94 43 34 84 25 91 82 68 58 37 46 6 26 100 10 24 49 53 42 22 24 3 66 76 61 53 34 93 21 70 93 17 66 45 84 20 21 100 38 11 85 87 62 59 65 56 7 17 20 89 37 99 22 28 66 3 45 20 69 11 30 8 18 38 22 48 50 72 29 97 25 55 79 17 86 58 44 83 90 63
85 68 9 1 83 51 90 24 11 84 88 2 7 63 96 7 78 80 38 1 14 45 63 94 67 92 8 2 32 18 22 78 28 32 80 96 81 87 41 15 94 43 90 15 11 35 25 66 1 81 3 14 9 75 54 55 66 6 10 81 31 70 55 84 74 95 18 39 16 93 44 91 81 21 96 73 75 98 26 59 21 30 30 50 91 58 20 50 54 49 25 85 10 76 28 84 61 19 90 12 93 34 56 59 95 100 56 84 14 35 77 11 93 34 75 84 67 3 3 93 48 8 61 98 65 70 42 94 50 73 66 82 72 4 64 66 56 51 73 86 96 52 60 11 84 29 96 95 4 13 56 78 47 89 45 20 55 51 61 21 77 95 69 31 32 82 9 61 6 47 19 51 43 82 85 68 55 52 64 13 58 94 12 71 89 68 61 49 89 7 98 71 4 5 6 65 63 1 74 13 74 8 16 82 45 78 81 68 11 13 46 4 87 43 51 5 62 35 92 33 69 70 6 65 37 63 49 85 6 54 61 79 28 92 90 91 58 2 49 92 100
86 5 18 92 85 22 52 25 26 48 64 34 68 46 68 22 36 95 14 54 41 97 97 54 53 88 14 84 16 61 8 64 73 52 35 31 27 30 22 65 21 73 75 85 3 64 42 39 74 36 95 33 17 71 22 54 54 87 93 27 36 37 36 57 16 66 41 72 91 63 44 63 93 37 41 72 9 39 87 34 78 13 23 46 17 19 25 59 19 51 22 52 81 100 61 46 99 45 60 100 34 99 68 28 27 60 34 12 79 66 38 58 52 86 64 25 16 2 39 74 47 10 36 16 49 79 27 84 7 92 81 28 67 56 41 18 98 53 70 45 21 76 2 55 11 85 40 2 37 94 50 11 29 21 49 57 93 83 43 61 77 19 89 77 82 4 5 82 59 2 83 18 78 29 39 38 43 78 49 51 11 24 57 82 38 49 75 37 12 80 45 88 91 32 1 69 17 90 31 46 30 68 44 71 26 64 30 32 16 46 65 93 67 97 19 71 18 41 76 36 10 82 21 94 53 11 26 59 67 60 66 76 63 10 22 34 40 2 61 48 80
87 18 70 65 31 68 23 92 42 13 69 28 13 67 71 52 29 18 25 14 55 84 82 7 44 53 1 58 53 59 78 1 26 31 67 20 97 23 65 38 6 96 72 78 46 43 54 44 72 34 28 75 57 85 8 31 39 33 27 86 36 68 68 5 86 76 52 14 7 70 33 86 36 37 24 2 2 63 16 14 8 66 74 90 53 68 82 12 87 43 67 9 16 4 62 8 3 17 44 77 41 86 74 84 20 46 40 80 1 54 89 53 80 50 32 61 84 68 12 68 17 64 35 43 87 27 33 82 81 86 35 88 27 76 100 64 37 99 38 41 18 76 32 40 27 16 47 41 76 75 87 47 73 17 37 55 95 97 91 67 57 45 81 17 22 42 9 42 57 38 60 9 54 36 7 98 85 6 95 30 21 59 82 23 2 19 72 18 55 96 39 38 27 6 55 9 51 28 36 39 57 90 93 62 29 16 8 51 67 20 27 95 55 73 83 49 8 62 61 100 48 65 3 83 18 1 52 99 13 25 61 63 31 46 31 100 21 16 24 7 74
88 11 64 5 51 1 88 95 96 69 27 55 83 23 16 80 26 79 81 51 85 82 100 90 15 73 46 11 63 10 56 7 38 44 77 45 25 53 12 66 85 61 53 77 99 12 17 90 55 46 57 65 2 10 32 49 28 87 26 13 23 45 19 49 14 93 90 75 45 9 3 91 39 34 63 71 59 89 46 57 60 64 20 66 94 49 50 90 82 70 44 55 97 69 61 78 77 46 56 35 63 97 92 74 50 37 93 66 47 3 55 1 99 60 8 76 25 62 25 63 24 23 47 57 48 54 62 15 16 28 61 83 83 75 97 49 80 47 48 2 68 25 71 46 65 99 1 34 58 52 17 16 22 46 46 89 21 39 41 56 29 87 5 5 59 99 41 87 11 63 68 31 45 33 16 10 52 96 94 7 23 73 42 8 58 27 27 60 5 29 78 46 82 25 34 18 98 57 97 59 48 11 90 2 25 42 94 46 98 12 12 40 4 20 43 28 15 58 93 98 96 48 41 1 3 17 90 50 31 61 86 74 50 62 76 75 91 77 87 94 74
89 32 91 28 85 82 37 28 38 14 59 36 36 74 23 55 100 89 37 17 92 62 59 87 73 69 63 7 57 31 67 88 50 38 20 47 19 29 16 11 49 17 40 40 11 78 59 49 33 5 81 6 35 62 95 23 2 64 16 4 45 93 70 81 79 92 65 53 60 4 93 43 63 78 45 58 11 18 95 3 99 33 100 27 50 20 29 8 21 69 56 75 71 54 34 95 23 54 52 1 54 7 59 42 11 93 89 27 68 22 14 41 46 31 24 2 36 71 74 16 57 18 73 28 8 10 77 75 42 41 96 30 91 76 17 7 100 31 32 97 90 69 79 35 15 21 19 52 61 15 78 74 72 10 50 21 85 96 29 20 20 50 30 62 74 56 17 52 51 58 61 59 74 70 46 2 10 30 36 60 10 43 13 1 16 99 100 36 10 55 7 13 63 75 49 81 35 58 53 61 7 69 33 96 76 69 60 11 13 12 26 67 66 44 14 46 83 4 52 40 50 4 59 95 83 50 24 81 68 56 42 92 85 61 25 77 43 82 15 84 60
90 59 60 55 81 4 19 22 71 84 69 69 100 47 58 99 29 70 2 41 67 75 58 33 91 71 34 53 78 64 32 73 32 99 63 46 80 16 96 55 77 86 51 48 77 93 4 17 62 53 16 56 78 36 8 83 43 4 41 25 40 33 5 7 39 99 33 70 94 69 23 19 55 81 6 94 36 68 11 48 24 55 34 8 30 75 37 78 45 69 78 27 100 77 16 94 60 96 2 26 9 56 70 44 2 22 96 95 92 45 15 31 86 49 13 85 45 15 37 9 85 2 75 43 35 75 60 18 77 19 85 75 87 96 69 69 52 82 48 79 44 10 7 14 93 17 13 3 3 8 88 40 91 84 58 3 79 70 32 71 84 92 20 26 17 42 56 76 70 22 96 62 2 24 5 43 31 49 81 6 97 56 43 68 94 42 21 2 12 86 92 40 19 99 67 75 80 24 99 88 48 9 8 16 83 75 33 72 15 18 91 100 39 88 31 41 66 44 72 36 13 90 51 74 62 53 8 31 5 73 5 86 34 20 1 95 26 71 61 71 47
91 60 3 71 72 40 69 48 12 81 79 99 98 47 66 15 72 74 26 73 27 5 90 42 79 98 22 49 46 2 58 6 49 20 94 7 58 26 63 29 34 14 30 3 100 31 60 20 99 9 81 68 62 18 15 58 49 10 29 24 4 55 43 13 69 20 9 39 53 20 80 35 5 65 12 77 11 23 27 37 64 12 55 22 10 44 86 20 24 23 16 91 34 33 44 17 40 17 8 36 55 27 9 65 14 96 47 74 17 81 70 39 34 42 91 93 26 79 64 77 35 17 59 95 25 83 20 89 53 7 83 65 97 26 13 86 56 72 94 83 6 21 64 30 22 97 27 13 74 95 29 18 10 79 94 36 36 71 69 78 32 69 85 49 61 66 98 30 37 58 46 17 27 9 74 49 33 39 36 88 75 81 35 10 11 93 84 77 3 10 80 9 90 55 86 14 61 45 35 30 41 63 55 92 28 20 100 54 76 55 70 78 18 1 90 96 12 96 47 48 12 50 98 31 35 62 72 32 8 28 8 19 22 99 23 32 56 70 76 72 73
92 15 1 81 47 97 14 65 63 39 84 40 68 50 92 74 11 98 61 62 56 25 87 71 86 71 23 36 57 50 79 86 85 42 64 38 36 85 93 17 65 31 43 64 59 11 11 70 92 96 13 36 49 32 12 3 11 23 33 97 16 91 71 79 25 63 55 52 24 40 49 32 52 6 41 73 61 49 71 47 55 31 55 96 9 46 55 14 83 98 80 23 51 7 45 36 43 89 81 3 99 38 30 48 22 91 19 55 4 2 14 28 2 48 30 84 39 100 25 50 6 21 72 98 35 90 92 68 34 88 79 96 50 29 60 88 94 84 91 78 58 51 9 28 48 7 35 32 54 31 100 35 27 70 80 88 4 54 97 65 74 94 45 96 26 3 74 90 7 48 34 81 75 24 31 41 99 74 15 71 87 88 66 2 66 95 93 48 93 55 62 57 93 97 72 59 82 53 88 78 26 3 22 62 49 92 76 72 24 77 70 98 10 16 21 92 59 66 59 70 48 27 15 42 56 37 16 12 58 40 43 33 54 24 96 25 51 26 70 86 61
93 18 82 55 74 73 38 65 49 26 52 31 85 97 39 19 68 55 95 42 72 54 28 78 80 58 26 15 38 63 44 72 27 75 63 97 24 38 86 50 23 58 23 17 49 26 66 37 42 1 18 54 50 92 45 8 61 79 56 52 63 24 18 89 76 72 97 36 90 8 32 41 54 81 55 72 42 82 61 39 48 43 17 32 100 58 24 52 68 10 78 54 36 85 88 19 14 75 60 98 89 58 86 25 8 41 45 41 73 24 96 29 77 54 50 30 5 48 34 57 24 61 94 98 37 55 46 46 82 73 68 69 63 86 55 53 72 97 77 21 43 3 87 40 81 37 12 7 97 83 1 92 81 18 58 27 77 38 53 5 76 63 13 61 76 93 87 23 78 37 29 64 18 97 16 6 68 75 88 14 83 52 82 67 36 76 10 68 78 54 92 73 84 32 60 22 62 56 89 33 84 3 90 95 83 88 95 2 63 35 28 78 43 20 49 15 32 21 25 2 31 31 3 60 42 66 12 39 39 68 25 46 69 93 58 33 35 25 66 96 98
94 5 83 9 80 66 3 34 26 84 52 87 63 99 4 16 10 55 60 69 20 96 42 48 77 44 59 32 57 55 11 4 76 5 55 51 64 10 20 84 64 10 76 62 20 36 21 43 40 30 88 94 99 10 33 77 38 10 14 9 88 20 36 5 11 74 43 64 79 86 47 13 96 73 30 65 65 6 92 90 89 38 10 85 35 74 80 94 21 28 90 32 3 10 78 43 31 73 43 74 66 95 10 43 57 17 92 70 39 7 47 53 39 49 7 90 68 51 23 47 45 84 74 4 62 37 86 71 60 42 55 55 33 10 71 23 23 75 20 85 57 98 47 46 9 40 42 75 57 15 39 92 45 68 2 82 55 12 85 87 67 53 66 76 17 18 38 60 11 31 7 50 71 68 72 37 45 31 88 36 34 49 86 28 47 49 79 6 47 83 39 94 67 5 6 47 37 69 31 6 42 56 40 84 97 90 78 28 30 92 67 55 14 81 1 25 79 12 61 95 21 69 58 90 18 65 85 61 49 66 49 43 99 42 100 81 67 87 54 34 46
95 68 49 23 2 41 37 87 88 16 26 90 33 35 9 96 91 17 10 14 45 32 45 90 74 74 2 54 75 37 94 54 53 76 31 85 54 15 90 7 97 1 63 70 77 67 73 44 92 79 68 34 13 68 12 2 12 30 100 72 19 83 100 46 74 64 54 98 27 4 51 75 22 67 61 70 74 82 75 4 63 47 83 87 13 77 12 40 48 22 4 54 22 72 29 26 44 50 75 62 55 58 65 69 90 49 57 55 79 91 43 74 69 48 84 45 35 52 48 70 20 64 73 72 21 80 5 95 94 20 69 8 42 25 89 35 64 67 77 41 51 67 2 96 71 74 76 86 25 5 95 94 33 42 32 74 95 62 7 30 6 31 21 78 16 67 47 17 97 21 28 88 79 14 63 56 17 80 64 8 58 37 31 4 29 17 54 89 54 33 70 40 87 9 79 11 6 86 78 49 32 76 65 10 100 54 37 7 61 15 45 17 37 16 17 62 20 65 38 82 2 10 46 26 82 27 40 74 49 54 15 54 9 15 13 56 51 91 49 46 9
96 28 56 89 88 88 18 62 13 36 89 29 47 54 54 3 2 41 28 20 6 94 37 48 53 63 69 69 54 27 5 72 76 33 22 34 57 66 22 77 98 15 66 75 82 94 12 67 31 97 47 20 96 53 88 41 92 9 39 67 4 18 7 33 15 54 22 4 63 8 39 89 84 18 77 1 27 53 64 46 63 91 29 90 88 9 24 1 4 9 72 81 51 47 96 56 52 61 25 89 23 57 63 32 93 94 54 67 21 23 97 96 89 84 99 48 93 94 9 6 60 95 50 9 39 59 3 74 15 22 62 40 65 79 82 28 64 69 38 89 29 23 56 98 34 45 51 24 58 33 72 6 1 51 38 95 19 72 55 93 6 21 51 99 84 87 88 33 48 15 66 51 27 59 49 20 39 59 99 85 84 20 29 29 85 10 91 89 34 33 99 81 44 48 44 78 56 48 4 80 93 38 64 68 25 48 71 52 83 6 84 66 58 52 88 85 52 97 21 43 26 11 29 1 11 53 63 65 55 54 47 46 56 46 68 10 21 71 16 7 10
97 91 11 44 64 18 52 23 50 100 92 48 8 96 36 17 93 8 78 63 54 55 66 27 75 73 94 99 72 73 50 81 18 100 65 100 45 95 24 95 86 15 89 15 15 30 70 72 77 59 19 16 27 94 80 44 16 73 70 24 15 89 22 96 82 87 13 100 53 37 6 56 95 98 49 46 48 88 16 80 90 41 41 47 99 21 70 14 64 58 99 16 7 59 52 72 69 5 31 87 51 97 46 30 53 40 74 55 4 32 20 76 60 56 45 28 36 95 57 97 28 56 35 69 27 50 3 9 91 52 89 56 36 12 48 90 50 89 54 12 32 63 41 47 90 79 82 51 89 47 7 58 7 11 36 63 74 42 82 53 34 16 70 71 75 60 26 90 18 89 77 41 49 13 33 66 89 70 69 55 62 68 50 27 50 2 4 4 90 100 23 15 45 2 25 1 60 23 58 86 56 7 64 98 59 38 60 64 33 46 85 52 7 13 99 79 76 46 8 66 9 76 83 28 69 76 5 37 6 90 100 46 43 71 75 65 10 29 26 94 29
98 20 90 57 60 32 39 29 44 4 71 50 11 16 76 11 96 61 67 24 25 43 42 74 41 59 27 59 20 35 11 91 40 73 76 10 82 87 47 4 22 38 57 89 17 75 60 36 51 50 74 77 74 22 58 31 28 66 65 61 74 1 85 19 70 18 22 63 23 17 47 31 87 40 97 62 6 49 30 10 63 53 89 79 37 81 7 99 49 21 17 48 6 63 58 98 61 63 4 72 56 67 96 30 64 100 74 92 23 18 53 89 89 53 41 5 48 71 17 12 99 35 89 34 99 85 38 61 13 76 90 62 62 25 88 57 81 43 20 4 1 5 71 40 70 99 30 28 81 53 61 40 77 12 54 62 69 46 79 86 93 35 19 7 93 34 94 79 8 36 7 17 38 72 89 80 45 65 26 56 31 78 28 14 8 74 21 74 44 68 63 97 4 51 41 86 65 72 13 66 74 64 74 17 56 85 52 21 13 82 98 12 13 58 53 82 53 92 13 1 73 20 61 27 10 67 38 60 5 90 84 10 36 20 12 85 86 59 33 56 75
99 27 13 69 85 14 26 49 46 42 48 1 50 26 18 21 5 8 60 32 32 3 66 7 98 42 97 81 7 42 10 2 60 49 19 20 74 52 6 76 8 82 54 49 32 21 75 32 30 92 98 55 93 73 37 3 98 79 90 28 90 18 80 9 38 70 92 23 1 43 80 49 81 55 25 57 76 23 25 74 96 39 3 96 19 31 99 25 40 85 97 49 34 85 39 95 17 28 16 74 73 19 23 74 64 43 95 98 38 3 16 11 98 95 57 26 25 41 30 89 77 93 20 97 60 13 20 83 51 2 94 58 89 15 24 53 67 37 21 30 49 99 50 10 75 17 19 77 47 37 29 99 11 44 6 81 71 59 25 70 24 56 18 77 95 82 49 67 52 89 87 33 83 4 57 9 64 6 16 68 7 66 94 55 54 22 60 65 51 23 44 63 69 50 15 79 26 47 69 44 78 93 44 71 18 72 53 32 68 4 95 12 23 85 21 85 21 25 75 29 94 80 85 98 31 70 64 54 22 98 39 74 19 73 15 72 76 75 16 93 76
