5 100
2352.5 2508.0 2511.0 2226.5 2472.0
0 36 88 97 56 92 45 54 21 40 19 1 83 33 10 6 73 49 89 94 12 69 88 71 90 63 95 51 20 73 86
1 9 4 14 45 8 25 70 84 70 87 68 25 60 4 64 24 15 30 86 38 1 41 69 17 90 32 28 16 4 41
2 16 26 97 90 33 85 8 80 49 91 58 74 94 72 78 76 25 36 80 91 14 45 87 76 62 10 89 57 66 35
3 81 83 81 94 52 57 75 55 96 39 6 11 43 68 4 84 74 75 1 15 93 13 94 51 54 36 96 98 78 40
4 94 43 9 72 61 8 15 53 12 69 99 83 28 57 72 81 35 49 73 60 24 63 80 25 79 61 49 28 63 12
5 34 24 33 97 32 29 94 33 93 74 93 39 32 4 43 60 67 89 27 29 52 70 98 40 59 61 45 52 20 57
6 63 59 90 69 17 77 79 5 63 68 66 5 45 16 39 14 18 43 71 67 76 40 100 31 56 17 26 30 72 84
7 72 28 21 45 7 36 20 48 88 68 98 31 93 86 75 24 31 73 97 8 25 28 39 51 55 54 53 18 7 7
8 25 71 15 66 51 83 53 45 67 43 15 54 82 3 2 38 27 8 76 20 86 26 7 16 71 16 56 66 96 28
9 79 49 93 93 85 25 34 73 4 8 24 81 58 47 33 36 2 84 8 44 42 61 94 11 88 88 90 72 19 32
10 77 80 16 48 76 85 28 68 30 45 92 88 54 55 56 81 8 27 11 68 10 39 66 44 72 19 60 64 78 98
11 45 84 98 29 39 96 46 79 38 42 47 6 53 83 9 12 33 43 79 53 39 62 64 79 45 98 38 16 14 16
12 9 69 48 47 43 43 1 79 11 24 20 83 38 90 3 29 99 47 72 56 69 14 49 42 82 59 54 54 4 68
13 77 45 68 23 38 72 55 55 81 17 50 54 77 23 87 69 10 13 75 19 22 50 1 60 29 98 93 30 96 5
14 89 76 51 98 24 21 92 14 49 76 15 57 24 18 79 46 57 70 78 60 22 10 66 40 71 6 90 8 12 17
15 98 79 83 31 15 64 62 8 67 71 11 35 61 69 67 91 72 15 21 76 50 31 40 77 82 51 22 46 34 90
16 65 44 20 49 53 65 76 36 24 82 32 64 67 19 64 79 57 76 8 11 38 27 33 64 90 47 37 2 66 31
17 66 88 67 1 24 29 37 34 96 43 85 68 72 62 58 34 14 81 100 75 7 75 21 48 30 33 59 96 49 48
18 47 26 25 22 36 41 48 1 100 76 47 33 75 98 57 30 100 33 28 8 9 87 75 79 18 94 6 75 9 62
19 60 11 41 47 85 26 26 17 10 56 2 54 63 52 5 59 22 82 28 56 63 18 71 63 53 4 85 90 84 76
20 50 15 59 49 30 44 55 2 93 29 87 94 4 99 53 88 71 38 52 39 86 32 34 7 40 36 85 11 28 20
21 33 3 64 98 87 28 33 39 80 91 35 85 94 50 37 66 48 76 11 38 67 57 51 22 88 77 83 39 62 70
22 29 53 23 7 45 24 27 50 100 44 62 33 30 92 23 99 56 29 11 3 88 78 41 58 50 96 2 8 65 19
23 16 76 68 95 85 20 58 90 10 83 68 62 78 79 18 27 43 54 36 75 22 12 32 29 42 75 27 79 83 15
24 71 50 32 70 65 21 56 84 42 52 94 86 80 77 88 75 22 54 37 20 52 54 73 77 88 25 13 17 97 5
25 79 2 88 74 19 18 13 70 50 97 59 85 31 53 16 56 57 47 94 92 52 88 37 93 75 92 40 64 89 3
26 58 99 19 8 32 75 17 4 89 14 33 34 42 15 62 8 56 36 15 44 12 53 42 65 78 85 52 70 54 89
27 10 15 92 93 56 34 40 96 21 88 3 19 95 12 94 23 19 65 82 47 88 71 40 39 21 53 71 96 3 82
28 1 82 47 67 75 46 94 67 5 80 64 81 81 92 44 83 42 40 36 53 36 84 6 61 76 73 75 8 19 86
29 100 8 74 48 11 25 66 18 9 54 42 49 54 16 13 42 90 46 90 36 73 30 29 8 53 44 18 11 39 63
30 57 65 69 83 33 87 56 81 52 18 16 6 79 28 6 28 52 53 36 40 34 63 74 27 59 68 33 10 13 3
31 75 77 13 65 68 77 58 54 16 69 53 2 65 39 2 22 43 64 87 20 8 12 54 61 16 50 93 78 31 91
32 19 37 45 1 57 3 36 63 19 43 17 78 91 14 30 61 47 18 78 40 56 18 14 19 90 47 3 72 24 12
33 29 37 14 90 21 37 80 17 3 26 10 18 88 81 65 41 7 4 32 70 16 48 5 16 50 55 36 33 50 87
34 77 83 61 2 89 97 60 79 87 48 3 7 11 48 6 50 17 63 76 76 43 99 90 64 92 78 66 90 58 20
35 54 73 50 17 26 90 41 65 27 36 24 20 28 82 65 84 88 68 94 6 84 87 73 95 16 56 11 12 13 47
36 50 73 71 50 57 20 39 13 54 77 28 31 39 44 32 66 65 23 73 43 98 66 46 23 91 47 91 52 21 84
37 25 10 50 80 97 99 10 28 98 55 35 85 67 62 98 70 93 93 56 11 86 88 50 8 49 54 5 55 25 52
38 2 89 17 11 20 34 48 41 29 35 54 27 84 66 2 33 78 78 20 64 33 80 27 45 100 35 42 40 22 20
39 6 86 12 17 58 20 30 3 4 79 44 83 65 8 81 66 38 77 33 40 4 66 62 26 82 13 13 67 33 70
40 60 87 84 94 5 55 28 39 45 49 33 14 37 70 16 30 73 50 25 94 22 13 8 65 25 34 55 65 42 54
41 83 90 89 81 28 94 93 57 52 47 12 67 96 36 77 13 4 44 44 66 19 27 100 18 54 23 58 25 87 7
42 86 8 10 7 11 88 24 23 12 45 4 27 62 12 38 96 63 27 22 10 56 94 96 46 75 80 13 19 97 58
43 46 33 36 92 92 22 49 97 1 17 52 51 52 48 14 73 25 59 16 40 53 20 25 75 78 93 38 16 65 38
44 79 86 99 24 53 49 16 90 66 14 6 63 69 4 27 49 80 53 3 99 91 24 62 71 12 33 76 20 65 24
45 19 24 37 35 99 62 87 73 11 33 82 6 59 98 58 47 14 48 83 91 15 99 30 37 86 4 92 7 39 80
46 77 66 82 84 63 72 8 47 50 53 89 83 51 76 74 25 75 79 31 25 44 92 20 100 8 13 26 78 75 32
47 75 5 49 74 68 67 88 9 16 77 26 85 22 41 22 86 65 70 94 68 9 72 80 48 40 64 42 49 62 88
48 10 35 90 42 33 7 83 16 7 4 82 2 22 99 13 97 11 7 86 86 98 50 78 18 37 31 35 39 84 30
49 57 31 55 55 79 22 12 23 17 23 89 89 23 17 59 76 96 98 51 69 2 25 50 22 39 77 23 11 65 87
50 19 31 24 47 59 59 63 3 87 17 90 5 18 94 30 75 89 32 82 3 54 12 47 74 19 91 27 56 86 85
51 57 27 28 73 69 93 83 42 49 67 62 34 1 32 50 89 86 63 94 72 79 27 70 45 85 66 38 50 48 90
52 26 93 67 2 57 52 42 91 3 74 66 35 73 33 15 3 30 20 93 65 2 6 25 45 78 88 26 23 19 98
53 58 16 72 1 33 47 79 1 27 53 89 84 28 70 28 98 13 34 69 97 30 91 3 8 43 14 60 15 63 30
54 72 68 72 84 72 8 68 18 21 47 50 69 68 38 64 48 14 3 84 21 10 82 67 59 26 72 39 94 84 28
55 58 30 97 94 44 44 37 80 43 41 51 100 31 14 65 87 7 33 22 91 22 26 38 53 73 90 44 88 28 86
56 43 47 97 9 84 38 56 16 98 39 59 95 21 84 1 14 8 69 83 33 73 42 57 60 12 17 50 95 57 33
57 15 66 30 94 47 45 54 70 61 30 87 15 46 23 39 35 67 30 82 58 2 83 55 69 24 27 100 15 54 61
58 81 22 2 70 48 27 66 61 6 73 32 65 81 84 60 9 41 26 74 49 10 42 84 3 25 17 89 19 69 77
59 67 51 57 90 18 71 16 45 88 25 50 34 78 95 61 91 13 63 66 97 6 80 98 20 39 81 61 1 53 16
60 2 95 4 58 80 41 15 68 83 90 65 11 68 48 34 56 96 26 74 29 64 57 65 95 71 30 4 48 7 86
61 2 78 1 60 49 47 83 25 5 71 23 60 4 50 80 59 35 100 12 29 11 96 23 35 29 60 18 70 9 36
62 22 89 94 45 44 82 27 34 20 8 52 12 6 26 95 24 48 67 53 8 2 69 8 71 21 54 21 95 86 13
63 65 72 22 88 5 4 54 69 80 95 65 24 31 84 95 20 71 59 95 35 25 79 56 96 11 64 34 63 64 7
64 13 32 17 72 17 76 8 91 55 17 90 23 72 78 8 32 76 5 81 27 100 79 13 29 71 26 3 51 88 18
65 9 36 65 82 44 40 37 44 57 23 23 98 25 14 29 56 93 55 32 64 44 49 29 76 100 7 66 76 25 48
66 24 41 80 1 82 44 1 54 54 83 79 92 64 38 19 80 91 48 86 51 77 51 39 33 23 97 97 84 65 43
67 9 25 84 74 19 56 30 1 96 73 65 15 42 53 93 31 98 49 84 87 43 85 37 88 89 95 85 36 64 25
68 28 12 15 8 22 78 18 5 76 17 81 28 12 38 60 19 78 7 5 84 28 50 75 91 42 98 39 69 66 35
69 59 25 29 11 9 37 50 66 2 100 83 53 65 78 46 8 78 12 24 63 53 61 50 25 82 94 33 43 84 22
70 95 11 7 76 48 55 6 2 25 67 30 62 93 78 11 22 98 43 81 99 100 1 9 10 68 43 56 71 27 39
71 98 32 29 2 1 31 61 19 89 23 92 40 32 29 88 5 68 85 19 89 79 70 90 64 94 11 65 60 74 58
72 70 62 100 25 35 86 39 36 64 91 32 74 36 24 3 59 81 66 9 11 58 36 62 27 90 62 93 16 22 41
73 30 34 39 60 27 15 52 56 97 7 49 20 100 96 14 88 3 94 97 46 94 63 43 68 9 30 44 78 86 45
74 42 28 52 77 7 59 79 85 50 14 74 20 36 25 96 75 7 15 73 2 54 75 4 21 99 6 35 72 34 40
75 87 31 91 3 20 60 79 30 60 26 13 34 93 27 29 37 60 55 22 48 12 77 48 4 57 89 25 67 58 45
76 23 45 87 5 81 100 43 2 78 48 59 52 3 61 59 85 32 51 41 11 22 79 92 34 14 2 14 3 48 46
77 79 6 31 66 25 73 15 50 35 26 89 70 72 71 38 39 75 67 95 45 43 89 42 100 18 28 100 75 68 22
78 23 88 68 7 24 74 70 69 3 89 89 16 65 99 28 21 86 12 82 37 12 11 98 16 54 14 72 98 85 70
79 95 38 5 4 1 75 32 12 51 14 34 60 39 61 81 97 18 96 86 72 70 8 70 41 35 74 63 45 69 6
80 30 28 29 74 49 79 3 43 99 66 59 52 42 61 35 91 99 97 75 63 69 100 13 73 32 71 29 77 17 96
81 65 63 66 67 59 17 95 90 52 38 76 100 72 77 63 18 67 78 34 87 38 70 15 39 74 96 92 85 29 90
82 55 44 54 75 18 31 95 90 1 54 66 21 6 68 56 37 28 66 93 52 48 62 37 100 1 80 23 2 96 47
83 62 67 65 33 39 55 29 84 30 17 34 61 51 100 34 20 80 33 47 95 69 13 57 27 38 13 42 10 40 21
84 76 14 95 3 42 94 32 10 92 97 48 75 62 20 7 81 46 83 23 76 5 19 57 90 43 27 89 60 41 71
85 54 15 9 86 94 73 64 11 49 19 95 37 86 72 29 90 21 52 67 80 63 84 53 6 57 49 51 13 4 83
86 67 12 31 5 44 85 44 49 1 85 7 48 22 74 93 33 12 95 27 94 98 97 13 52 56 63 7 42 94 34
87 18 13 58 9 25 96 26 11 86 36 32 63 79 88 67 2 61 60 31 41 77 62 2 75 60 25 19 23 21 70
88 52 42 50 86 20 75 51 55 66 10 78 38 9 3 56 77 57 75 70 56 50 75 15 39 59 75 67 47 91 70
89 35 56 93 38 74 43 98 81 67 5 14 16 55 10 6 42 66 72 86 100 13 59 41 41 56 20 46 60 72 23
90 7 5 11 82 12 32 85 8 84 28 9 16 89 23 66 80 32 38 94 26 22 53 29 90 61 51 58 35 51 100
91 24 51 6 92 32 10 5 11 54 98 7 100 34 42 81 95 37 90 7 92 71 26 34 35 64 17 41 22 87 88
92 56 92 92 33 57 64 97 43 21 58 75 41 44 7 14 26 48 82 17 69 100 100 81 14 38 1 87 1 30 45
93 92 3 97 23 57 15 65 30 19 36 91 97 71 7 32 68 9 57 44 92 61 27 70 59 2 72 57 85 35 80
94 79 34 84 37 90 2 97 18 22 13 89 57 61 80 57 46 39 85 95 57 15 97 13 79 84 94 88 42 57 53
95 29 6 15 34 72 90 97 74 20 39 20 79 79 7 98 91 57 3 76 41 65 8 18 32 7 8 67 70 38 22
96 30 21 8 25 95 31 4 42 56 81 52 14 45 3 95 37 54 61 42 56 22 44 59 16 8 49 49 69 74 3
97 33 84 26 47 36 17 59 89 56 50 80 64 33 84 82 72 54 47 20 94 87 48 98 3 42 28 91 64 90 64
98 16 53 15 36 56 44 63 16 71 13 46 84 17 54 90 35 28 60 70 6 23 53 69 45 53 1 68 56 30 17
99 40 96 81 8 20 3 47 27 37 75 22 32 24 81 13 29 10 71 2 26 99 11 61 83 51 33 59 65 37 23
