5 100
1093.0 984.4000000000001 970.4000000000001 970.2 1041.0
0 66 31 79 19 84 92 20 27 93 28 30 60 4 65 34 8 84 28 97 6 69 25 61 13 13 33 51 50 34 94
1 40 95 28 100 15 46 52 45 79 56 74 13 34 99 2 71 94 89 7 43 81 54 37 22 51 11 62 68 1 53
2 46 32 82 18 18 62 34 39 80 16 99 33 92 83 27 54 86 65 95 99 61 74 13 60 75 64 71 14 57 83
3 78 89 97 58 39 37 25 79 18 72 90 26 29 8 50 86 9 54 45 87 40 8 57 41 3 37 76 69 44 95
4 91 13 71 80 29 90 41 10 46 13 66 11 46 46 88 70 64 28 4 38 58 1 44 44 9 8 37 37 68 81
5 8 99 82 70 51 62 48 18 64 21 40 10 79 82 30 92 50 55 45 66 43 97 33 5 10 100 88 6 30 86
6 27 90 70 5 46 53 35 6 4 45 95 31 81 47 56 99 95 53 15 71 55 37 38 38 49 41 99 16 9 19
7 43 34 26 29 83 27 30 75 81 83 64 83 4 37 57 37 54 29 58 81 64 49 65 98 18 18 37 29 28 7
8 89 85 94 10 95 61 26 93 10 56 65 55 89 19 56 89 29 81 81 55 78 37 18 44 75 86 41 40 7 89
9 60 20 89 76 75 11 86 87 33 98 17 68 79 98 15 39 38 44 12 65 71 88 24 34 79 33 41 87 82 12
10 85 98 83 46 95 38 91 11 4 92 83 94 88 87 28 74 6 27 51 67 67 87 100 20 97 82 78 91 74 36
11 73 71 10 72 24 64 23 11 31 60 50 64 58 21 87 20 2 64 66 70 48 74 34 50 84 43 70 12 68 32
12 82 60 62 15 91 81 71 41 21 54 31 55 69 7 61 33 75 54 74 48 40 86 82 95 62 2 21 94 76 78
13 16 25 39 44 98 21 20 100 97 22 50 88 22 90 88 62 78 9 36 27 1 1 90 59 48 25 29 54 65 94
14 68 5 94 32 99 26 66 44 60 87 35 38 51 35 42 44 14 60 26 6 63 27 22 2 65 52 58 78 13 72
15 84 70 63 32 53 49 96 88 17 19 91 16 11 65 40 73 33 73 94 96 73 34 84 11 47 33 59 32 77 70
16 10 32 38 20 99 75 37 42 82 78 22 16 84 51 72 92 10 67 90 66 43 84 30 40 21 32 56 37 18 72
17 28 95 96 62 62 6 41 3 100 88 57 50 22 57 91 82 8 13 17 71 33 100 70 5 19 58 4 34 42 77
18 88 37 65 44 54 41 40 25 72 4 35 67 95 40 7 60 2 38 92 76 86 22 54 33 92 86 95 40 2 60
19 25 74 72 25 68 82 4 91 35 50 47 34 7 53 10 37 40 93 57 45 25 43 93 40 90 57 76 61 37 27
20 5 70 53 5 65 74 52 6 4 6 31 82 74 64 4 50 56 94 72 89 77 88 92 97 99 2 49 36 49 7
21 92 23 6 36 19 92 36 86 19 29 28 92 44 54 20 93 38 3 80 49 97 70 23 14 21 57 80 34 88 16
22 80 52 100 37 78 14 65 8 69 42 31 98 32 45 53 100 64 27 86 95 74 9 21 33 43 44 65 67 99 52
23 73 62 52 41 79 18 25 42 44 100 4 54 88 35 34 92 48 41 20 1 72 87 86 12 12 91 95 75 48 53
24 9 10 15 50 70 48 88 24 93 57 97 13 94 88 27 22 4 36 77 10 72 92 68 49 63 22 81 60 10 91
25 38 82 75 32 100 88 47 97 33 54 16 96 12 57 63 88 43 21 41 98 22 6 49 82 99 14 28 72 21 3
26 65 2 75 67 72 24 52 82 57 100 58 21 75 18 66 52 13 83 74 70 54 26 26 65 54 57 15 88 35 74
27 90 58 58 68 83 33 50 81 59 42 13 61 47 47 5 9 19 99 90 2 16 9 56 99 69 56 22 53 47 94
28 42 21 9 64 69 17 10 64 29 22 85 43 68 45 61 8 7 85 25 6 49 75 36 55 26 37 31 74 68 4
29 24 99 23 90 8 32 71 86 20 77 13 90 14 20 97 93 86 26 77 25 28 4 78 14 60 62 7 21 99 92
30 35 69 92 47 76 8 51 30 25 7 80 3 17 32 27 66 90 79 57 83 63 4 67 19 12 53 74 52 44 67
31 87 54 63 56 10 72 50 58 92 13 28 7 55 20 44 78 82 50 21 80 55 95 88 4 76 41 21 91 3 89
32 47 55 44 15 12 29 53 74 64 42 92 57 26 95 83 55 57 40 92 75 17 47 68 10 89 70 15 10 86 92
33 27 18 6 96 21 33 59 1 94 54 4 13 13 8 26 12 91 53 24 1 82 71 82 85 23 42 61 51 44 83
34 72 23 48 32 57 10 84 35 83 11 15 52 84 85 75 61 34 64 77 89 100 17 32 43 69 40 24 91 46 30
35 100 29 94 10 63 41 47 63 22 52 38 38 20 5 94 20 12 73 54 43 41 17 70 52 20 47 80 40 15 91
36 98 15 40 36 33 25 77 57 89 82 97 81 16 47 72 6 45 27 70 33 80 37 61 66 89 25 37 37 94 84
37 58 45 97 81 93 29 68 40 79 84 15 90 68 65 85 75 85 24 18 22 28 49 68 58 79 18 64 63 42 54
38 78 64 94 91 19 2 42 62 71 61 11 54 14 34 83 42 15 48 13 95 5 21 95 83 77 95 69 29 71 42
39 64 20 33 62 1 50 94 17 48 49 37 12 23 54 86 32 13 76 11 26 56 42 23 79 2 42 17 95 72 28
40 62 32 7 7 19 64 100 96 91 75 74 5 4 4 44 84 33 59 1 3 39 44 15 80 91 27 51 51 64 87
41 36 66 100 35 58 80 34 71 29 1 65 41 80 7 19 41 66 76 68 69 33 48 83 85 52 17 34 81 74 42
42 39 86 95 100 82 26 48 20 69 54 91 50 21 36 56 46 49 31 33 37 80 33 53 7 94 53 50 71 85 89
43 58 28 28 17 33 35 37 66 51 22 96 3 98 11 40 96 22 12 56 49 11 54 47 1 58 5 95 39 92 58
44 73 89 89 65 22 57 77 78 38 29 3 7 4 96 68 73 41 91 65 87 97 58 22 4 82 92 20 59 96 42
45 84 68 41 83 62 17 31 94 61 47 40 19 22 42 73 94 38 59 42 64 18 75 26 41 62 75 72 38 38 56
46 1 41 78 76 96 81 88 22 93 64 31 9 41 15 82 10 88 13 31 47 8 63 93 10 96 69 49 40 40 84
47 64 17 45 23 78 56 95 22 82 31 68 82 83 71 21 18 84 90 59 74 52 57 98 98 91 78 26 32 2 73
48 47 91 17 3 95 96 3 5 46 80 60 5 10 86 71 40 8 67 19 53 13 80 58 53 75 73 46 99 16 14
49 23 67 94 15 89 13 71 76 70 58 7 69 98 82 7 31 63 97 35 19 82 40 76 28 23 91 52 83 45 82
50 99 80 61 38 85 87 45 14 89 31 58 21 14 76 73 17 67 82 18 1 53 69 99 31 35 16 34 34 84 9
51 43 87 58 13 57 99 32 31 44 49 58 17 62 99 13 67 6 38 9 18 95 25 90 45 3 53 54 81 57 77
52 79 16 42 50 8 17 2 32 26 11 86 68 53 28 75 33 52 47 59 9 88 98 3 38 86 37 27 39 50 13
53 43 88 19 10 24 53 40 8 89 17 68 27 23 28 73 88 74 31 29 95 82 59 59 13 11 17 99 45 97 24
54 65 44 58 41 98 42 5 87 37 74 99 1 8 99 55 23 21 25 74 65 17 89 83 71 36 34 75 28 25 42
55 5 58 72 25 80 13 79 58 29 85 92 9 42 52 14 24 59 82 3 85 76 40 61 39 96 24 70 27 14 74
56 43 64 13 90 53 27 15 25 18 45 34 42 29 4 49 78 54 93 70 51 34 32 14 88 92 74 51 81 88 15
57 68 45 62 79 25 44 81 50 3 35 93 51 1 60 2 20 58 73 31 28 30 100 100 82 22 10 95 38 12 43
58 42 84 57 16 94 48 3 94 91 42 7 7 9 29 84 17 84 16 84 4 100 66 68 48 25 18 8 68 54 60
59 52 35 67 10 16 96 61 27 79 53 23 42 97 76 95 48 25 56 7 82 21 29 70 52 39 82 28 57 19 50
60 42 74 99 91 63 58 62 30 85 77 64 44 69 30 38 43 89 52 43 45 50 50 69 84 32 65 94 94 52 62
61 77 31 48 36 48 73 72 29 8 21 32 32 94 78 2 30 50 47 89 29 60 86 30 81 4 71 74 9 11 21
62 32 36 77 74 55 8 44 72 38 50 22 76 22 73 11 51 58 59 25 58 4 77 37 56 13 12 38 79 95 89
63 20 11 23 85 23 22 59 27 1 21 38 17 72 96 22 74 65 75 44 41 92 83 28 47 55 93 42 3 11 23
64 95 27 77 91 29 69 96 29 51 69 22 84 50 34 44 91 74 68 49 7 58 1 53 14 94 98 87 37 9 100
65 10 40 58 83 83 23 87 56 67 95 67 62 56 26 27 85 27 91 99 4 71 42 80 34 95 12 2 71 94 28
66 19 65 38 89 12 54 6 82 87 77 97 56 61 14 70 96 73 6 20 28 29 56 20 47 18 54 20 7 56 58
67 27 66 9 41 4 2 91 32 26 46 5 24 54 64 87 20 91 4 68 82 20 82 12 42 8 20 59 15 35 23
68 69 21 38 55 69 68 62 55 13 83 98 11 38 58 51 79 1 74 45 50 27 89 11 67 74 99 75 71 82 99
69 18 90 29 30 2 24 78 97 29 25 36 11 93 88 45 95 77 58 17 1 88 65 75 45 36 16 73 56 66 73
70 4 100 33 96 65 59 31 74 18 94 55 76 3 26 84 6 100 37 72 79 91 45 87 8 1 100 58 53 89 87
71 22 40 89 61 99 17 26 29 100 86 63 59 78 77 3 88 36 24 72 67 89 12 74 79 18 52 69 60 31 40
72 30 85 98 86 47 34 69 52 83 61 84 13 85 64 74 41 60 18 14 2 51 79 13 78 49 47 51 20 63 8
73 86 88 6 49 61 8 80 11 97 79 9 32 60 94 19 14 21 65 41 9 64 56 12 10 61 8 62 48 82 31
74 24 85 80 25 98 76 2 45 86 52 99 48 66 46 79 30 22 29 97 66 9 49 97 63 13 43 68 56 20 31
75 26 99 83 93 67 73 57 36 24 57 60 88 85 49 95 50 71 38 23 50 61 75 94 72 53 67 72 36 72 47
76 2 94 88 70 3 40 67 74 63 84 53 99 97 98 97 94 78 77 1 77 60 29 82 75 92 51 66 87 16 10
77 73 5 73 17 91 9 2 45 65 100 83 18 46 96 10 57 67 87 30 19 71 51 47 81 22 54 85 49 58 65
78 97 77 78 35 74 63 56 96 53 74 61 47 31 85 85 30 25 10 95 36 79 94 49 33 44 32 39 32 10 8
79 5 24 90 22 85 39 72 6 40 15 19 27 53 34 60 8 79 6 64 54 72 20 8 50 19 97 74 87 30 28
80 3 55 12 47 74 13 72 71 5 76 63 80 56 95 89 35 18 92 48 36 52 85 47 98 36 24 41 49 85 34
81 31 77 96 22 52 70 51 69 56 18 59 53 88 53 16 73 19 90 59 81 54 38 16 5 14 52 5 6 76 10
82 55 56 48 56 96 88 25 4 24 34 76 27 13 24 77 16 23 50 94 14 86 27 19 75 59 55 11 97 18 28
83 78 39 38 97 55 49 76 14 39 8 58 69 58 5 20 68 81 13 55 25 56 55 51 36 25 17 25 95 98 33
84 33 3 15 95 90 31 59 74 75 84 91 14 98 50 61 88 89 55 11 51 46 18 81 40 88 22 32 34 75 1
85 38 92 35 67 13 43 16 31 81 53 85 87 81 46 14 8 66 59 58 74 85 32 15 11 9 84 69 85 27 68
86 62 75 39 46 12 89 90 83 51 31 98 55 64 42 62 80 6 20 94 90 97 2 2 57 20 82 89 37 49 22
87 94 43 34 3 40 22 100 66 64 13 69 80 22 20 100 35 75 15 99 100 3 95 95 20 80 77 71 81 68 39
88 85 52 40 24 53 65 11 87 15 71 10 87 53 35 88 94 63 24 78 61 34 48 24 97 59 62 94 35 22 80
89 62 93 48 64 33 73 58 63 30 89 11 66 86 100 51 82 76 83 52 63 18 91 1 12 90 98 47 40 51 94
90 46 47 39 54 70 98 97 11 97 23 36 98 97 35 60 58 46 14 65 63 87 91 4 15 64 93 91 76 95 51
91 50 63 31 95 61 46 44 81 85 50 49 45 97 66 17 97 86 6 81 72 15 43 80 65 19 62 64 26 81 78
92 64 56 34 14 82 23 98 50 80 38 73 28 56 72 86 18 46 23 62 5 76 74 88 63 67 53 73 26 52 94
93 81 10 66 58 15 73 36 71 36 69 17 66 63 99 26 7 68 60 41 89 86 45 79 50 78 53 74 23 81 58
94 70 11 60 62 20 47 51 5 41 83 44 82 52 72 39 20 2 96 19 63 83 96 24 100 2 98 68 79 28 51
95 33 20 61 36 7 38 91 54 74 7 96 91 24 7 16 100 32 34 83 82 10 78 81 31 17 76 65 100 47 99
96 89 64 47 74 18 99 99 55 57 69 34 11 10 48 67 40 88 81 15 3 22 13 65 72 94 78 60 52 93 21
97 4 93 82 19 76 76 24 9 8 54 83 47 22 31 70 68 45 31 27 71 94 56 52 48 85 11 99 6 89 34
98 71 51 12 52 75 80 47 4 9 67 79 97 14 83 91 18 7 11 86 36 90 16 85 6 50 48 86 15 14 14
99 70 95 82 39 54 96 86 48 9 73 33 40 21 89 33 97 24 74 5 82 66 12 68 32 12 18 80 29 27 4
