5 100
4264.8 4011.2000000000003 4170.400000000001 4044.8 3801.6000000000004
0 33 65 36 42 63 66 26 59 65 12 46 81 70 73 78 9 77 26 89 73 60 76 6 58 73 93 64 15 15 28
1 80 77 2 79 28 88 89 50 100 35 64 22 62 57 7 61 79 57 45 14 53 67 21 6 98 37 37 73 40 30
2 88 59 62 83 88 96 30 66 27 26 55 58 100 62 78 68 44 29 2 32 33 46 38 81 33 49 52 7 66 10
3 98 3 3 96 13 71 12 77 19 17 32 65 65 74 7 52 65 96 38 25 43 72 63 18 89 88 89 81 74 47
4 85 2 17 30 42 3 59 59 33 65 75 90 24 96 74 99 47 67 19 27 44 72 34 59 15 44 64 5 95 36
5 56 83 83 40 83 33 57 3 27 40 79 86 29 90 49 98 29 47 44 72 40 90 38 74 42 84 49 33 98 67
6 94 36 66 99 89 17 84 63 61 50 77 59 28 16 42 73 27 82 88 73 1 93 48 12 29 94 98 31 19 4
7 56 83 70 90 55 5 29 4 72 30 74 36 15 45 12 11 100 52 62 19 65 28 85 66 74 85 25 63 12 42
8 19 95 64 65 36 69 48 41 59 27 29 71 39 81 97 58 69 93 94 94 100 15 21 84 86 10 78 45 99 68
9 86 19 27 34 86 74 5 38 52 98 95 64 45 38 31 64 91 60 57 36 30 72 95 46 41 28 69 92 63 92
10 20 47 47 39 61 2 100 79 90 56 41 36 31 5 15 96 95 8 21 19 87 20 30 22 54 100 79 75 41 18
11 17 86 37 88 75 63 88 85 64 57 20 36 61 13 35 4 74 77 49 100 93 54 55 29 12 80 55 82 45 62
12 90 14 28 54 45 95 59 61 15 98 50 10 88 61 37 56 63 88 44 93 5 53 41 59 14 62 75 97 61 10
13 32 81 81 4 95 6 22 64 22 42 16 80 88 44 80 65 53 44 37 12 29 19 47 59 34 56 30 89 27 29
14 81 100 33 27 95 64 52 74 78 45 23 82 52 47 17 79 77 40 7 37 19 10 76 78 86 57 72 84 84 13
15 61 88 65 65 21 27 50 31 56 15 35 88 62 61 16 7 53 70 100 19 58 59 5 21 73 30 3 34 100 62
16 10 33 8 28 97 100 30 45 52 77 96 100 4 80 18 4 65 15 89 59 30 4 27 85 83 31 91 99 59 79
17 9 78 44 1 88 29 16 37 28 57 15 77 19 38 94 46 33 75 37 31 25 72 15 45 97 25 66 68 92 9
18 16 25 5 45 50 97 57 74 51 75 15 59 45 11 53 67 32 44 66 5 11 61 64 18 93 71 93 82 53 18
19 18 54 26 2 20 2 71 93 11 3 7 53 24 58 68 77 35 49 20 78 14 6 6 54 3 40 14 80 67 71
20 19 78 26 4 30 24 37 11 36 12 56 13 4 7 32 55 90 24 41 55 10 28 78 74 80 4 41 27 24 4
21 68 43 75 12 54 57 61 30 72 8 88 15 92 66 52 40 31 48 73 54 13 1 41 63 65 41 98 17 59 21
22 34 50 93 57 44 45 16 15 71 7 83 22 30 76 67 4 62 76 66 12 69 89 69 38 85 75 13 84 28 47
23 17 75 40 65 97 21 64 59 67 52 40 29 21 23 11 81 70 75 73 9 84 9 15 13 51 26 62 74 84 46
24 66 51 54 48 44 33 81 86 4 77 81 25 86 38 69 47 79 13 97 32 2 15 68 62 38 62 18 85 3 62
25 86 93 21 25 45 57 91 81 13 11 61 39 61 28 76 35 82 62 88 30 64 1 60 65 24 43 79 72 66 60
26 78 54 66 7 64 60 74 2 62 66 90 38 23 30 54 60 40 19 64 29 38 96 99 75 39 84 96 31 75 41
27 19 99 24 83 74 44 16 34 44 69 45 30 24 18 66 50 77 65 71 23 51 14 79 98 70 60 72 63 68 97
28 42 56 20 45 30 42 42 30 24 30 51 57 5 98 37 13 50 100 13 60 52 27 5 47 15 41 78 26 92 16
29 7 75 86 25 45 74 16 25 67 100 98 88 35 77 46 68 38 31 7 46 49 100 1 46 32 29 52 51 54 20
30 91 21 40 63 39 17 96 85 88 54 7 33 64 70 9 88 73 86 82 14 15 3 44 83 66 40 88 69 15 60
31 90 76 18 29 90 8 80 22 11 7 10 3 4 37 20 21 56 5 76 92 37 52 58 34 12 3 53 87 82 60
32 18 29 66 23 48 35 40 78 72 98 30 5 50 98 88 11 87 61 77 37 44 72 98 72 16 12 68 39 92 76
33 24 25 83 87 47 35 48 60 28 87 15 94 69 86 43 41 55 92 62 32 7 38 30 97 92 34 23 9 31 44
34 59 44 78 58 57 15 91 66 70 20 66 1 6 91 37 45 64 47 26 88 53 56 28 93 47 70 37 16 13 5
35 63 93 30 30 97 11 67 67 52 99 74 99 87 75 13 72 33 68 88 54 13 59 20 52 63 80 35 22 47 94
36 50 85 63 85 34 98 93 29 8 32 29 58 71 23 68 63 53 98 24 38 46 100 25 13 78 7 27 92 29 53
37 16 9 100 45 33 67 59 23 96 95 44 45 35 94 37 62 31 89 51 46 53 73 78 14 11 70 2 40 90 79
38 63 97 19 35 53 41 17 40 67 64 82 57 19 62 11 51 64 44 12 86 45 46 59 8 22 91 2 17 80 90
39 88 51 23 7 72 31 19 30 18 54 66 31 1 44 69 47 87 86 61 62 7 49 70 23 17 38 62 3 1 4
40 21 25 81 1 55 23 66 28 80 46 42 31 48 25 31 77 7 19 43 99 8 24 94 7 38 93 85 12 2 32
41 90 71 13 56 93 86 65 46 91 43 75 72 66 71 71 57 47 68 59 87 24 67 38 53 63 15 68 9 61 81
42 55 53 1 24 99 41 32 92 8 46 59 24 18 30 59 83 70 15 98 12 9 32 5 7 37 19 22 8 25 94
43 48 74 39 16 88 62 73 60 54 26 56 23 56 87 21 19 12 63 59 92 43 90 18 87 42 14 30 76 98 47
44 74 32 16 82 23 60 62 87 55 9 32 43 78 69 29 77 22 50 10 100 19 48 40 18 5 54 89 96 93 90
45 21 97 88 43 18 40 91 82 41 28 13 28 2 50 12 19 96 16 97 94 10 3 66 70 30 29 25 38 69 15
46 76 34 94 63 95 56 40 80 32 9 17 78 25 78 63 48 24 63 48 13 67 28 30 24 25 89 31 8 79 58
47 91 80 51 60 63 91 44 82 36 90 3 39 87 45 96 64 90 38 71 88 64 85 91 60 3 64 99 83 7 73
48 35 58 11 40 12 57 10 91 37 20 90 50 1 16 74 74 16 10 43 83 79 98 6 77 40 60 69 78 24 43
49 6 64 72 33 71 82 38 78 59 47 82 84 60 5 78 25 27 63 68 62 16 11 52 72 2 57 52 53 65 42
50 89 51 20 99 31 92 48 45 21 51 53 80 37 57 69 34 3 41 36 87 28 40 12 16 30 74 77 40 71 23
51 80 42 25 39 34 62 24 16 95 83 66 34 65 36 51 98 19 12 68 51 77 4 88 10 65 40 8 46 20 27
52 91 75 43 8 87 2 48 37 90 15 80 42 44 31 9 41 13 80 47 89 43 33 55 45 27 48 11 76 85 50
53 10 19 60 95 78 73 82 79 68 33 20 73 29 64 13 34 29 97 81 73 50 28 55 53 80 17 14 87 48 83
54 17 34 49 34 83 47 63 1 69 91 6 28 18 11 14 78 60 100 19 74 53 79 48 97 78 39 39 37 97 90
55 51 28 55 42 26 64 37 57 82 82 61 38 92 79 26 20 55 62 61 61 19 80 83 63 93 14 31 18 64 79
56 36 65 6 37 83 69 59 75 85 85 46 61 53 90 53 4 93 79 96 93 73 61 24 25 28 86 95 11 85 23
57 75 44 30 44 43 88 9 98 62 82 72 82 85 69 73 57 19 4 48 32 32 14 97 65 60 62 52 97 33 5
58 47 21 7 59 6 59 100 57 96 70 93 54 97 91 39 51 57 81 90 51 61 69 60 19 64 18 8 9 5 87
59 90 73 53 12 33 69 37 55 74 44 93 99 28 42 43 52 98 77 61 82 80 22 17 30 77 60 73 21 25 35
60 36 34 4 32 74 44 46 42 81 44 94 72 34 6 6 6 82 96 33 77 72 20 79 1 1 18 77 5 27 92
61 48 52 77 24 50 48 1 44 49 32 62 99 46 31 98 97 88 31 22 29 37 57 93 38 75 67 21 38 22 18
62 22 77 30 72 55 68 97 42 81 98 28 40 69 61 26 26 57 53 50 68 61 83 48 15 27 39 93 80 10 18
63 71 59 98 98 93 33 28 68 38 43 67 22 47 28 53 51 86 42 74 6 19 2 55 83 8 26 79 98 63 76
64 46 100 57 71 92 24 58 79 30 84 31 90 90 49 93 32 81 83 24 13 73 31 13 93 26 52 19 15 66 58
65 39 45 18 65 36 83 52 50 5 77 79 54 85 51 62 34 87 91 82 41 96 49 4 52 43 79 59 2 90 16
66 40 1 92 74 80 97 72 93 3 4 92 14 39 68 89 67 22 85 60 48 34 4 37 69 62 44 39 20 68 3
67 60 8 79 15 17 94 11 56 90 14 74 89 84 26 30 81 43 80 26 77 16 21 91 10 15 70 69 98 74 17
68 8 22 22 28 50 1 57 74 33 31 59 64 12 100 51 77 55 85 77 58 40 58 18 29 67 69 6 42 33 84
69 32 35 70 59 83 11 19 11 94 58 30 54 62 80 50 13 46 9 27 65 53 21 59 62 38 39 3 50 90 52
70 3 35 20 79 50 100 30 41 75 55 43 13 21 24 78 69 68 74 49 45 7 38 71 78 65 37 18 3 46 60
71 12 79 79 71 86 15 72 36 55 13 65 34 78 12 91 43 67 90 98 67 57 12 25 72 72 50 59 87 28 19
72 11 63 46 30 50 32 21 40 58 92 90 54 83 88 44 71 78 65 54 60 59 93 17 91 15 30 66 89 31 14
73 63 9 14 7 66 29 100 47 53 32 98 71 16 32 41 25 2 45 75 68 68 100 56 97 11 79 3 52 32 89
74 52 78 59 87 1 65 80 67 54 51 47 44 53 44 61 99 39 15 15 32 49 52 79 69 6 95 69 30 34 97
75 90 50 20 91 70 53 49 71 87 21 95 47 43 76 46 29 30 38 59 69 85 95 6 23 14 78 42 58 17 71
76 66 100 28 37 82 81 55 82 66 28 48 5 69 97 74 67 95 12 95 85 54 24 25 54 21 99 69 85 58 24
77 38 37 26 76 43 79 20 53 48 22 50 91 33 49 50 55 44 1 47 74 5 32 64 7 35 45 94 74 18 98
78 15 44 75 67 56 91 7 56 69 77 87 45 65 34 76 26 24 17 8 9 3 34 17 50 28 75 53 36 7 33
79 48 52 78 84 39 86 66 13 27 47 77 19 69 80 60 69 1 42 84 56 12 27 23 77 97 14 97 35 29 99
80 66 43 56 70 86 56 91 52 43 35 55 84 93 45 84 41 15 97 93 38 18 9 78 28 36 94 87 96 72 47
81 22 37 3 74 20 77 58 27 9 12 45 27 49 79 33 17 83 10 96 81 25 48 19 93 39 53 84 8 90 56
82 33 13 19 65 58 19 62 88 75 91 27 54 97 26 41 94 97 3 81 30 44 27 91 92 12 16 8 87 6 67
83 92 80 24 8 74 16 46 56 33 99 77 59 69 22 30 96 90 32 58 21 68 56 18 20 35 77 14 12 85 100
84 96 73 68 61 41 62 4 8 98 70 83 5 5 76 29 75 19 11 8 24 55 45 26 69 34 72 37 17 85 4
85 68 70 10 29 97 76 58 40 91 97 98 90 74 10 60 98 72 11 7 76 55 73 94 85 22 75 47 63 29 1
86 72 47 84 31 32 89 20 16 100 5 29 50 72 17 66 9 70 9 64 68 58 72 4 77 59 92 13 77 33 38
87 59 2 77 91 1 11 34 42 38 2 91 26 91 37 62 90 5 13 19 6 51 29 1 63 2 3 97 18 54 49
88 56 85 93 39 41 4 80 66 65 45 36 34 81 35 64 76 15 21 98 50 38 14 88 96 81 45 11 8 48 50
89 40 38 12 24 42 49 24 83 50 4 30 15 41 12 30 49 94 34 72 18 49 19 2 19 50 75 59 71 48 64
90 70 37 92 80 20 52 52 99 92 38 54 52 55 22 35 86 18 83 80 51 72 94 61 15 88 36 55 90 15 93
91 14 35 16 77 40 94 77 8 68 55 64 54 39 78 84 65 44 43 71 93 96 21 12 95 13 32 95 33 38 27
92 63 84 58 51 21 1 43 11 66 37 43 12 80 8 78 67 60 100 68 53 27 40 36 36 51 25 91 81 12 55
93 12 83 48 68 23 44 18 24 91 6 79 93 91 54 100 78 47 60 41 97 93 52 23 14 71 33 95 29 77 11
94 9 68 11 55 36 97 59 49 44 16 12 92 99 69 59 61 57 55 7 91 77 60 24 83 9 44 85 14 38 59
95 71 53 13 83 40 59 22 16 55 54 36 58 10 5 33 50 72 64 74 43 60 92 97 66 63 25 71 90 99 49
96 5 69 24 70 11 27 12 26 46 79 42 39 68 25 29 17 40 39 5 22 58 81 22 37 77 84 38 49 87 10
97 10 29 21 34 54 31 48 46 27 37 59 25 35 51 62 97 61 48 65 37 79 37 87 80 90 74 22 67 76 39
98 19 26 75 6 33 70 70 4 24 33 32 83 22 26 45 43 22 81 19 15 9 76 1 7 19 41 45 68 62 23
99 56 7 80 100 62 100 73 8 40 47 50 67 62 11 77 64 88 98 12 57 85 78 5 9 13 99 17 39 40 98
