8 100
3654 4085 4331 3829 4103 4035 4550 3747
0 87 31 81 48 94 68 46 27 74 100 86 95 64 71 41 40 69 66 98 79 61 85 13 83 84 47 71 79 22 100 10 69 81 10 26 6 10 82 79 30 23 35 58 68 44 86 15 49 99 74 7 75 96 21 86 12 18 3 57 79 54 92 8 76 7 15 68 65 3 37 89 85
1 91 34 63 26 16 95 7 34 71 75 97 62 54 47 2 26 30 66 94 88 97 58 71 50 59 74 44 28 72 56 74 58 51 59 85 60 31 93 38 10 67 21 88 48 2 18 35 10 27 88 67 16 93 63 50 4 83 72 33 23 41 82 83 16 86 95 79 29 1 70 23 100
2 54 7 80 31 2 73 57 44 97 18 94 60 64 25 49 89 75 68 17 57 51 80 19 76 76 22 77 87 43 42 95 98 6 17 29 6 22 18 97 6 8 2 65 34 80 2 2 19 56 51 10 56 90 43 72 44 54 63 74 59 16 46 37 92 5 66 74 17 52 49 79 26
3 93 39 58 53 43 100 54 43 23 100 69 72 63 67 33 31 32 7 31 57 5 62 66 12 2 7 74 33 75 65 66 60 9 51 29 8 98 17 72 23 31 94 66 39 35 5 12 65 26 36 80 25 53 82 23 60 61 46 47 92 59 79 1 4 100 40 44 58 11 28 41 45
4 13 29 74 91 34 50 32 99 45 69 6 23 5 65 29 48 53 52 99 34 36 75 39 13 74 96 73 59 27 86 100 52 37 49 68 79 31 16 45 9 85 98 88 13 6 11 86 77 47 32 17 35 69 13 17 61 57 96 81 5 57 35 58 39 75 35 52 91 100 9 48 96
5 33 38 45 95 18 14 79 72 95 47 6 90 66 93 70 22 24 13 11 6 78 76 19 39 77 78 84 24 57 10 11 89 99 60 16 41 40 25 63 63 30 73 34 34 40 11 20 58 41 8 78 30 78 90 16 17 41 74 42 61 39 55 28 22 30 52 74 1 86 33 82 96
6 29 46 48 46 52 51 46 73 74 29 53 16 84 26 44 78 52 10 29 37 51 69 57 69 51 37 58 78 46 27 91 58 72 80 55 59 96 26 13 45 39 15 26 79 53 15 20 67 1 63 83 72 55 45 62 88 12 47 97 99 41 66 58 78 85 42 56 27 65 64 34 94
7 89 28 99 8 21 30 7 54 50 61 27 39 74 89 17 38 13 80 55 50 32 90 40 76 93 34 95 16 28 26 64 56 42 56 29 92 16 53 35 26 74 18 10 93 41 66 79 61 70 100 51 3 18 56 87 2 61 94 30 60 90 35 38 37 62 38 75 94 76 33 7 39
8 40 68 61 98 22 15 27 66 86 54 66 69 88 3 9 63 70 57 28 4 26 43 26 40 19 63 24 53 98 81 67 53 95 21 31 92 57 50 20 10 51 85 28 61 33 29 80 94 21 71 58 72 57 11 58 52 77 40 63 77 53 8 53 14 88 100 34 8 17 72 22 100
9 62 98 30 30 54 4 58 36 9 83 49 59 60 5 11 54 76 20 8 18 26 3 90 62 56 22 76 44 82 33 32 46 7 95 31 84 25 56 21 40 29 13 49 93 69 41 2 39 42 84 8 80 10 85 31 31 26 12 70 5 49 83 74 49 86 98 31 10 10 51 57 3
10 16 86 94 2 51 84 77 69 14 44 84 53 14 91 50 33 18 3 5 47 95 19 54 59 5 16 30 66 72 63 90 36 68 44 2 50 96 97 15 88 76 61 3 89 9 86 66 51 37 54 65 26 34 9 40 44 80 81 3 64 14 27 68 66 23 30 39 2 47 13 51 11
11 17 52 11 90 60 77 5 10 10 62 48 89 11 84 1 23 46 72 86 1 81 38 29 2 64 67 3 33 63 74 72 46 9 92 100 18 69 86 1 8 5 12 52 60 40 59 24 29 43 91 30 59 33 21 6 36 69 87 98 37 65 75 39 35 74 12 47 45 1 88 74 33
12 49 49 36 60 64 43 42 43 39 41 57 78 78 11 76 53 20 61 72 97 71 80 18 8 7 2 44 11 70 71 19 37 9 79 18 91 50 24 83 27 43 4 99 12 2 21 96 12 2 65 71 81 49 63 59 96 15 14 80 88 85 54 37 18 75 46 92 64 2 57 91 39
13 90 44 15 28 21 33 70 40 48 19 90 68 51 99 16 82 54 99 38 85 100 84 96 90 51 36 33 90 62 69 56 53 36 82 70 84 45 92 31 19 8 22 16 15 25 42 84 51 24 46 55 56 60 66 100 18 17 42 60 30 30 5 77 81 6 4 87 57 20 91 5 1
14 71 78 100 21 97 96 27 85 28 87 99 55 84 41 23 2 73 1 6 38 93 31 29 7 63 74 9 8 52 6 1 85 95 7 48 74 85 20 54 62 65 42 84 83 11 16 30 8 58 40 86 37 43 83 20 40 16 88 67 42 21 58 86 22 31 4 69 14 62 97 89 65
15 19 62 44 65 28 29 20 51 20 7 50 20 60 78 68 49 2 71 5 31 15 68 60 72 27 15 38 24 78 10 29 26 91 90 100 26 86 45 6 88 89 9 53 14 92 87 50 62 43 52 48 25 89 66 84 99 81 24 95 1 78 48 78 58 89 20 75 9 79 43 51 82
16 41 7 45 51 78 85 17 68 91 22 23 11 81 47 48 5 4 4 87 60 39 25 31 37 98 41 83 96 85 72 6 17 24 50 32 21 14 35 16 73 78 55 79 26 51 90 82 48 60 9 3 1 92 2 77 43 57 71 60 77 64 65 47 68 83 6 85 76 91 13 20 99
17 37 22 76 45 17 63 10 51 81 23 18 57 40 27 78 19 71 34 22 28 45 83 23 25 24 2 25 27 59 32 25 65 10 20 26 6 38 21 31 78 62 14 2 22 45 1 97 68 87 4 91 96 82 72 42 44 77 66 88 34 10 59 6 63 19 73 56 45 72 34 10 88
18 22 42 95 69 85 56 48 64 93 95 67 53 38 77 63 81 81 70 65 49 46 12 59 5 46 49 40 28 11 41 93 12 73 6 10 53 57 68 62 85 80 47 13 62 3 58 43 18 74 79 1 84 20 55 59 24 44 72 44 40 97 45 28 58 30 86 42 89 35 34 52 34
19 54 91 96 70 92 4 44 95 43 67 74 43 29 91 67 90 82 65 41 14 81 5 43 75 64 60 14 4 93 24 16 6 76 89 90 54 97 85 48 74 13 35 73 41 45 53 84 60 32 79 41 17 62 90 52 18 53 32 85 75 69 1 18 15 58 34 21 57 75 84 24 87
20 72 15 20 60 97 67 76 22 8 24 37 46 66 60 78 14 41 14 59 23 59 55 5 31 48 14 53 64 25 17 14 81 39 66 11 40 95 76 27 58 82 43 66 73 74 53 38 39 7 8 21 34 89 65 9 78 1 32 71 67 92 24 38 23 20 53 55 60 51 55 91 53
21 49 3 90 56 18 77 83 47 85 73 7 35 39 56 46 78 33 58 17 96 26 22 86 99 35 81 22 62 3 46 11 100 30 93 71 70 3 62 13 75 52 6 50 78 83 48 15 31 26 11 33 66 94 39 79 34 10 87 17 45 44 94 33 63 52 5 96 50 1 53 2 4
22 68 33 38 28 64 1 35 33 34 26 73 65 31 83 96 55 73 56 58 28 19 3 38 44 75 11 60 21 38 64 54 11 43 34 37 46 84 41 1 17 36 71 83 35 26 46 46 30 57 56 67 52 60 100 18 4 98 35 44 47 54 62 93 94 64 52 11 17 89 16 10 64
23 81 50 57 89 14 87 23 15 6 20 56 60 66 8 38 78 95 93 17 60 64 80 12 72 72 65 3 100 30 46 88 62 26 35 69 85 23 4 91 2 73 30 96 75 9 81 15 31 71 92 49 7 12 92 82 98 89 61 87 42 41 10 57 89 28 68 2 35 2 27 48 38
24 87 47 4 65 17 95 25 99 64 89 34 100 10 64 91 88 16 96 8 32 87 96 97 20 6 92 69 13 36 39 8 9 45 20 61 44 83 37 27 69 57 41 85 66 61 88 49 82 31 26 76 100 47 2 75 1 47 13 76 59 100 4 52 31 24 4 11 94 97 64 92 64
25 83 44 10 93 14 69 20 95 48 92 78 16 64 66 10 17 87 19 83 78 25 66 84 37 80 31 2 62 76 38 57 62 97 33 36 52 49 88 80 97 35 63 37 91 69 99 92 45 74 41 49 60 68 28 16 22 81 22 39 93 56 79 95 25 83 34 29 89 31 56 40 99
26 45 65 23 52 70 57 53 60 60 27 17 94 31 52 23 31 74 32 71 61 1 18 74 33 43 80 35 36 84 16 23 42 91 3 73 9 74 89 35 50 31 46 78 100 5 29 34 62 23 35 90 37 59 58 90 72 99 83 70 49 38 30 56 68 54 19 94 67 70 39 93 88
27 63 58 15 89 26 9 72 17 21 66 38 4 61 42 79 31 96 92 86 5 74 96 65 49 50 26 100 100 65 84 11 84 96 66 100 16 88 1 62 84 25 21 66 25 15 37 35 64 31 98 100 45 17 18 97 84 65 29 86 25 62 93 57 14 8 4 48 6 95 31 58 82
28 73 100 50 4 9 77 64 86 28 10 81 69 89 57 17 2 41 37 26 70 24 53 83 60 43 89 92 57 19 82 93 60 53 81 15 42 47 43 6 62 10 15 96 5 22 24 23 51 82 63 26 39 31 29 23 28 54 73 33 97 86 38 57 51 53 83 97 38 72 84 100 46
29 97 28 4 94 22 87 41 66 28 17 31 28 72 62 79 70 71 11 70 1 75 8 46 11 97 35 98 73 82 63 47 77 25 3 35 8 50 43 36 13 29 17 96 9 57 55 76 59 34 56 57 23 25 25 71 45 25 97 86 58 76 72 16 39 58 1 76 17 46 35 36 88
30 58 28 21 20 88 18 4 10 26 49 62 63 29 87 59 10 32 36 33 55 1 95 91 76 4 21 43 10 40 17 64 83 12 31 10 49 93 40 2 8 94 21 24 58 69 26 9 53 46 20 94 38 77 34 75 35 75 11 85 65 8 29 5 80 96 89 68 65 26 41 42 18
31 56 6 4 91 63 8 39 3 77 69 87 33 97 62 57 77 57 89 53 12 33 20 15 46 44 84 39 14 26 72 76 93 63 67 16 73 75 99 96 3 12 68 82 19 43 17 72 41 11 54 29 27 26 82 30 29 30 32 37 50 82 62 44 69 64 15 53 88 78 80 49 35
32 98 27 96 42 23 14 87 14 2 100 82 87 15 3 34 26 78 11 67 100 35 68 34 19 94 25 34 63 69 95 82 57 36 92 71 34 16 4 60 96 38 78 9 56 80 20 88 36 56 68 61 56 99 15 15 17 7 98 78 48 39 100 10 24 66 95 76 95 40 21 30 68
33 60 59 44 60 11 84 13 88 20 14 80 24 53 30 91 63 50 95 50 80 48 63 54 83 99 2 54 87 44 60 7 17 32 65 27 13 65 42 47 55 99 58 88 87 57 10 32 58 75 26 97 37 89 15 42 15 63 28 84 74 63 21 83 44 71 96 30 54 24 76 81 11
34 76 78 18 22 31 63 31 37 29 93 45 59 83 55 48 83 44 21 25 25 56 25 69 62 31 27 62 50 34 72 75 5 65 97 43 56 53 88 48 25 15 93 47 31 89 10 64 95 89 33 94 8 67 88 42 12 11 62 24 40 7 32 37 18 98 13 22 97 65 83 70 24
35 70 19 21 83 6 93 26 56 54 29 24 12 73 73 94 33 35 15 45 48 74 53 50 95 37 42 2 28 74 87 51 15 83 65 30 82 12 100 63 2 71 94 85 11 81 94 53 59 84 99 55 10 33 33 80 75 1 64 60 1 34 47 58 27 28 46 37 74 70 55 83 87
36 85 41 57 85 58 92 81 58 28 1 54 88 89 65 41 6 34 3 74 78 71 79 10 66 16 85 77 29 59 67 78 88 87 33 60 11 81 59 63 92 30 86 6 66 50 96 34 30 87 33 88 30 86 50 65 47 87 95 66 72 39 93 16 23 10 99 26 67 31 46 53 7
37 12 10 11 72 23 95 51 13 34 87 35 6 12 89 5 100 17 74 90 53 41 12 17 47 78 79 62 9 82 49 55 86 72 7 28 2 4 91 26 49 11 73 23 46 85 16 56 10 4 41 9 100 57 15 65 49 63 97 95 67 61 43 41 19 82 80 74 96 11 41 71 3
38 38 8 96 31 50 89 65 98 29 85 92 31 19 5 61 3 70 98 79 66 59 5 51 50 20 13 33 33 11 85 89 42 41 92 60 94 29 15 91 70 100 61 50 64 25 67 21 1 88 5 14 39 3 13 8 89 6 64 17 84 46 84 7 92 11 80 82 40 55 8 71 3
39 83 77 69 48 26 79 81 93 48 61 100 76 71 14 75 31 13 14 51 67 21 62 94 3 24 13 51 15 92 84 22 64 66 18 9 86 32 4 1 97 69 61 70 1 66 39 49 77 22 48 31 73 17 46 54 67 98 75 20 92 15 86 71 35 96 16 66 45 45 98 66 15
40 86 80 76 3 85 45 25 7 35 80 25 20 7 72 79 12 49 52 45 91 59 52 12 5 46 17 5 19 83 5 25 18 96 44 10 53 3 61 54 62 82 70 53 31 94 19 43 52 51 4 53 75 26 91 7 78 21 79 61 8 25 73 26 95 2 63 62 5 50 51 86 74
41 74 4 49 6 92 29 12 20 41 84 39 84 19 41 66 83 30 12 51 86 79 7 76 4 19 73 70 62 96 92 18 80 67 5 90 3 37 12 91 34 60 15 63 83 52 51 69 79 78 7 41 92 33 73 58 92 40 24 82 73 31 67 11 88 48 57 23 1 77 69 52 79
42 29 28 84 98 75 85 100 54 27 70 51 56 33 56 28 49 2 55 24 68 21 84 3 97 25 45 89 49 44 67 49 54 87 50 99 98 25 16 81 35 48 55 61 60 75 53 100 56 7 100 86 31 57 11 33 15 10 83 28 33 83 54 27 8 45 58 72 19 45 33 57 1
43 88 98 81 5 66 52 88 49 37 91 40 100 26 42 42 45 92 52 71 58 96 79 100 78 60 75 90 19 20 83 35 87 28 61 69 14 83 86 68 90 79 86 8 60 91 51 2 23 65 58 95 33 93 54 74 37 16 76 72 23 86 18 49 15 44 59 51 50 64 57 44 72
44 94 85 32 80 5 61 45 78 43 61 83 99 74 79 17 65 25 94 33 83 79 60 48 84 41 55 89 76 81 4 63 15 41 82 35 75 92 45 82 80 14 95 45 37 54 65 9 31 40 59 35 7 36 92 41 94 92 9 58 83 64 60 87 33 26 100 28 91 9 87 61 35
45 47 14 98 34 8 83 70 50 16 28 36 49 70 71 28 85 14 50 94 55 68 53 83 85 70 58 34 48 78 44 12 25 37 50 86 11 6 67 21 23 90 30 74 83 77 91 99 76 46 23 97 99 88 60 36 66 1 79 77 83 60 56 36 85 45 18 76 85 11 30 87 29
46 14 46 97 29 41 5 98 78 62 48 55 43 22 87 39 30 9 19 82 34 46 34 34 1 32 84 47 58 26 45 53 53 47 61 6 74 23 18 57 18 13 34 30 6 8 82 9 45 6 11 100 18 88 92 65 50 50 64 41 75 3 57 23 55 4 42 4 14 60 5 28 81
47 15 79 2 40 7 29 12 77 3 78 95 6 62 7 96 95 77 69 12 10 39 89 19 50 3 52 35 12 17 13 91 62 55 72 59 35 73 83 56 81 19 24 74 3 98 67 20 18 74 34 16 100 45 2 66 44 64 14 32 84 44 35 100 91 1 90 69 21 13 81 84 12
48 17 65 15 68 38 96 55 20 15 84 99 35 22 90 76 23 15 1 82 66 52 79 90 45 7 75 28 92 80 33 64 81 46 90 52 40 5 58 22 81 19 71 97 8 41 75 94 81 94 23 71 33 75 48 5 18 51 99 84 45 82 33 67 67 53 17 5 87 44 70 85 29
49 57 69 92 16 3 58 8 23 9 41 84 52 87 67 17 30 67 94 1 24 53 56 76 6 1 48 27 27 9 24 19 14 10 43 58 17 63 23 74 48 39 51 8 15 74 62 15 82 77 79 36 58 68 29 59 55 76 70 61 53 37 58 21 3 39 20 8 51 49 92 92 6
50 45 18 24 59 29 16 70 75 42 54 6 73 29 96 22 4 34 40 28 70 24 76 79 75 36 74 58 100 6 19 30 82 61 37 93 53 2 6 60 49 61 57 12 1 34 6 61 51 64 87 74 77 84 83 37 8 41 68 3 25 83 81 73 35 59 10 64 81 29 29 65 68
51 26 72 93 58 85 49 27 33 29 68 62 97 11 58 13 42 23 78 61 73 80 8 5 28 85 74 87 91 33 1 64 28 10 82 77 36 66 54 52 45 86 44 13 50 60 90 35 13 89 34 39 35 43 1 97 10 13 22 81 90 60 29 26 18 58 16 1 25 72 27 40 72
52 33 17 41 31 81 19 27 57 93 58 29 98 86 9 96 54 13 6 17 75 92 23 31 35 17 31 73 36 4 3 88 100 14 76 64 6 62 24 6 53 8 21 91 38 83 62 32 92 37 10 21 96 87 87 56 17 35 54 35 7 23 65 6 22 8 89 79 7 98 56 59 20
53 73 21 78 24 56 20 46 25 50 80 41 46 51 53 85 11 51 15 30 61 54 77 89 63 36 65 4 93 37 75 18 100 61 44 85 82 19 58 61 86 87 89 4 62 1 95 36 36 66 100 85 64 31 32 20 67 24 12 28 36 58 37 13 42 26 27 82 85 81 5 96 25
54 5 44 9 4 89 22 69 8 8 88 16 71 53 77 8 43 25 37 48 60 46 41 72 84 30 27 88 55 1 11 83 87 30 61 72 36 14 2 44 19 60 79 23 43 27 18 34 42 50 29 33 51 39 81 77 35 17 79 56 98 16 56 77 29 88 2 2 8 67 54 15 29
55 56 26 27 86 90 36 11 22 62 27 57 21 17 30 68 1 97 37 27 95 33 20 47 81 26 64 67 7 7 62 18 72 92 19 52 17 83 8 8 68 51 11 79 67 70 86 95 65 74 66 97 89 86 94 2 42 61 3 43 55 24 79 10 34 72 13 91 78 19 65 85 61
56 75 34 66 83 6 15 76 27 65 89 56 5 3 80 3 63 90 59 79 85 4 39 30 82 55 93 10 72 21 9 62 69 48 43 97 7 84 25 52 62 8 91 26 90 27 21 83 92 5 65 56 10 57 5 9 89 15 45 41 62 74 53 55 91 48 68 27 5 95 38 88 84
57 80 20 54 44 19 61 76 76 81 2 91 61 42 24 41 85 43 80 46 7 83 71 58 76 76 10 81 27 85 19 97 65 43 54 44 90 91 93 100 55 74 67 21 15 39 66 99 50 60 66 76 37 34 85 7 83 100 44 90 60 45 68 44 58 48 35 43 14 79 57 3 43
58 54 99 72 70 68 91 45 63 66 13 48 99 43 73 24 54 91 44 38 8 40 28 94 65 37 11 92 22 12 5 29 30 2 14 80 34 10 48 12 19 7 98 54 59 73 9 21 67 94 69 62 9 19 79 95 44 69 79 48 52 48 36 70 37 21 46 59 26 31 47 6 24
59 56 100 75 3 64 30 15 27 18 10 3 14 4 55 9 73 86 40 36 82 26 22 10 70 35 58 29 58 86 6 70 97 79 76 33 75 66 70 68 53 5 64 12 16 100 37 10 35 94 1 61 20 72 36 34 27 13 86 96 87 81 88 20 23 29 64 25 95 94 1 63 80
60 14 19 74 96 49 24 45 83 67 72 33 89 20 29 96 31 50 67 95 69 100 10 43 20 24 64 83 18 88 23 79 11 13 63 87 25 26 28 63 11 29 21 92 48 47 44 90 17 88 14 54 27 52 13 63 26 39 76 47 70 87 95 7 26 1 82 98 79 44 9 50 53
61 87 56 35 11 90 28 46 48 85 51 63 77 95 33 76 42 42 37 58 69 91 16 33 86 50 25 54 11 3 26 94 29 68 18 59 64 6 81 51 39 34 45 48 46 53 63 60 70 14 50 29 68 8 68 37 85 60 92 66 21 83 44 86 16 68 59 20 51 7 38 62 47
62 4 18 81 52 8 33 20 6 12 83 83 98 27 85 75 36 8 14 32 5 74 33 39 92 91 73 1 70 95 80 44 69 40 4 37 71 91 91 81 23 20 59 72 66 20 72 32 89 84 32 11 14 43 98 2 15 10 99 64 31 100 50 15 11 96 93 52 98 29 80 47 21
63 2 38 32 54 63 1 65 12 40 7 53 1 13 52 69 1 7 49 54 14 50 50 17 82 24 1 56 53 46 79 1 27 40 2 76 56 85 67 37 55 30 92 38 61 2 5 80 59 12 53 97 76 55 95 27 95 3 78 20 74 75 83 99 91 72 30 14 96 93 11 72 36
64 50 54 48 97 25 98 72 70 73 85 41 53 20 46 36 71 48 17 62 27 34 92 18 23 84 63 70 9 69 6 95 2 72 24 75 25 69 58 79 5 32 88 8 33 62 37 96 59 31 98 74 56 96 74 16 11 25 4 45 75 23 28 79 86 49 30 78 85 70 96 22 60
65 82 18 46 6 28 88 23 64 42 35 61 6 31 10 87 8 78 12 67 85 10 85 88 97 28 38 99 50 31 66 48 36 79 34 69 33 42 89 38 32 86 96 55 34 95 31 87 21 5 94 70 8 14 79 91 80 75 66 78 14 46 42 28 21 100 59 84 2 58 90 18 10
66 8 74 13 87 92 96 99 45 38 13 5 28 45 97 34 43 37 29 18 48 68 10 96 74 96 88 63 94 95 13 51 60 97 23 90 54 18 20 60 39 84 82 53 87 53 100 40 1 13 85 36 25 54 37 21 55 54 69 43 47 81 45 7 97 76 8 91 99 100 60 34 76
67 52 64 38 40 88 83 18 23 62 83 58 63 97 4 91 61 96 31 76 78 89 57 26 73 51 13 99 6 10 40 67 58 21 80 20 49 12 86 94 32 35 96 30 59 44 41 65 53 29 56 78 32 34 90 60 31 33 48 10 50 71 8 83 52 83 86 30 68 50 67 81 69
68 98 60 57 2 68 46 72 42 90 17 95 87 69 43 29 2 63 78 61 51 59 29 37 60 69 76 15 65 7 34 1 68 90 5 13 83 56 55 23 64 91 70 74 61 64 5 96 50 49 78 95 54 58 6 29 40 13 77 93 55 20 75 33 12 86 6 14 87 58 65 30 64
69 39 60 78 43 29 33 85 8 33 45 67 3 80 97 58 52 79 8 41 49 16 11 29 80 45 90 68 70 65 64 18 23 3 6 4 94 10 100 5 22 66 52 77 31 5 1 93 43 87 30 73 19 1 97 33 19 28 62 52 78 68 35 12 57 18 48 59 77 96 67 25 55
70 84 46 69 89 93 94 18 74 85 20 6 5 1 58 14 42 87 83 53 14 36 94 53 8 2 91 69 97 4 81 92 93 53 91 73 100 95 72 22 42 66 37 98 79 47 69 34 87 38 63 16 71 12 29 23 61 66 16 12 17 63 60 31 12 94 88 48 41 61 26 59 98
71 75 98 80 72 20 26 98 33 7 76 12 61 16 82 34 73 66 73 15 89 85 62 16 88 87 13 74 60 61 30 95 60 8 87 20 14 48 65 80 7 94 45 12 20 55 62 80 61 70 11 26 79 69 91 99 89 85 56 56 83 39 15 87 6 50 66 51 79 1 10 92 61
72 70 51 25 13 35 89 30 26 100 60 18 95 78 91 57 53 17 68 37 80 86 3 55 49 66 52 22 73 49 8 28 32 39 87 30 16 86 23 95 2 48 56 15 38 74 9 65 92 63 26 57 14 38 64 30 34 46 79 85 49 52 38 93 34 38 16 15 33 26 9 9 59
73 70 51 73 4 35 35 67 60 40 29 78 89 3 31 26 57 86 85 92 18 78 27 66 52 3 52 30 4 34 57 94 55 82 70 79 96 13 80 6 18 62 57 1 9 78 23 90 67 83 16 11 31 39 9 1 99 50 96 65 16 51 3 20 22 23 31 11 15 12 80 43 3
74 29 90 91 10 68 21 88 4 78 56 61 94 8 93 78 25 63 64 71 88 33 97 5 100 69 38 82 49 65 36 45 89 20 42 46 64 27 50 23 32 80 3 37 66 93 27 53 33 72 15 47 30 45 15 16 56 73 53 11 55 61 82 66 59 71 86 100 67 94 80 6 70
75 44 33 13 97 94 44 27 82 22 83 15 15 93 83 77 87 21 35 14 98 30 91 34 30 88 58 24 36 64 36 35 94 84 25 4 77 96 94 82 59 87 69 32 53 44 44 38 5 58 34 84 93 92 86 65 31 26 17 59 57 66 66 63 97 3 42 46 81 77 55 56 1
76 60 69 88 38 44 52 44 3 16 4 6 40 29 95 13 34 23 51 86 21 60 37 91 79 9 79 43 57 43 9 10 92 34 12 96 44 22 84 39 80 75 38 29 79 45 24 65 10 76 51 100 18 25 11 9 80 45 97 57 32 69 19 63 41 41 36 26 5 95 88 8 86
77 2 93 43 92 25 54 28 79 49 66 75 34 68 79 100 5 20 27 83 21 97 73 56 31 11 57 26 11 99 95 64 78 25 75 1 90 68 70 24 91 2 35 21 58 14 82 85 11 55 18 63 14 34 83 20 92 66 62 88 76 5 46 35 91 25 91 77 97 14 99 50 9
78 29 72 61 2 40 23 43 45 83 1 83 43 98 47 26 55 87 56 26 89 24 26 20 59 92 39 59 17 53 1 18 58 63 21 4 94 40 92 63 64 80 83 58 6 15 31 38 29 35 82 14 39 75 38 17 81 99 5 90 73 91 90 100 97 30 4 83 29 13 25 72 43
79 44 49 52 49 12 9 59 30 32 8 74 3 94 93 52 7 48 36 50 93 12 17 73 39 91 98 53 42 65 4 60 94 46 93 9 75 39 54 9 55 82 100 63 31 45 74 22 46 13 53 59 16 74 57 60 58 77 92 63 51 65 49 57 84 76 48 14 84 73 29 42 92
80 17 40 79 90 43 57 96 4 81 33 82 5 8 41 19 83 96 40 96 68 6 74 74 17 78 97 36 46 35 54 13 57 43 46 24 15 14 5 61 80 89 99 77 38 44 43 20 1 32 49 82 91 92 56 25 80 14 92 75 86 83 49 88 48 38 46 73 21 80 80 10 41
81 89 79 6 47 91 19 69 38 44 73 48 50 85 91 9 41 89 11 43 50 99 9 83 12 55 28 38 5 76 65 87 95 66 50 24 28 25 13 26 44 69 23 52 25 42 2 63 68 70 28 33 36 27 47 14 37 51 15 77 81 64 74 52 75 40 14 82 69 30 42 64 39
82 18 1 66 46 75 42 83 51 41 25 46 49 75 82 56 69 85 31 39 79 51 2 81 84 74 78 7 16 52 96 48 58 80 71 25 13 80 11 18 23 61 90 50 56 21 58 22 7 33 43 40 94 76 89 86 45 14 7 81 18 89 56 64 68 2 19 54 6 82 40 98 36
83 36 65 17 55 16 86 34 40 33 38 86 21 22 34 41 49 51 52 80 29 46 62 45 99 14 18 73 12 5 86 40 23 26 82 53 22 41 29 12 79 42 5 50 87 73 36 63 7 40 24 53 19 9 82 42 75 83 98 83 27 3 11 83 81 83 28 5 83 99 43 83 27
84 27 52 65 3 31 64 96 99 27 36 21 65 7 7 20 51 73 32 88 65 47 47 100 79 42 10 65 2 35 66 21 30 50 74 53 94 100 26 9 86 78 31 70 30 51 92 27 88 72 89 39 14 58 15 74 5 1 17 74 57 22 76 20 4 27 31 12 87 49 1 52 16
85 25 9 63 60 23 93 99 47 76 87 11 46 61 32 71 39 21 14 74 58 77 86 38 68 39 89 13 79 72 85 84 65 20 74 87 82 100 26 75 66 87 68 87 53 91 11 1 92 95 74 83 53 36 82 31 72 15 64 34 68 73 51 2 73 76 30 72 57 7 17 43 44
86 58 46 82 83 21 63 70 81 17 59 98 67 84 38 2 65 73 95 40 54 43 62 91 7 74 36 23 35 93 85 59 8 80 82 58 55 14 50 69 62 77 92 55 72 66 66 78 68 32 98 99 90 85 31 86 4 53 70 63 13 2 52 46 51 41 89 49 61 95 51 84 48
87 15 36 9 100 73 88 46 42 61 64 97 38 76 100 89 71 14 48 25 50 43 58 58 24 79 28 46 28 28 39 90 39 52 77 17 96 43 69 46 43 60 6 43 90 41 81 28 68 96 100 78 87 85 14 70 75 40 79 81 74 16 63 32 81 58 85 23 93 36 24 31 48
88 35 38 28 61 18 85 82 53 40 87 38 1 5 83 60 67 15 98 92 10 21 11 61 18 20 21 85 19 37 2 71 39 92 48 19 84 77 24 9 88 46 72 10 35 51 1 10 100 27 66 35 97 49 25 4 11 26 38 50 85 13 30 11 96 35 18 84 6 83 6 60 69
89 58 32 96 56 92 35 72 58 43 66 57 76 87 95 48 92 30 51 46 22 38 87 38 1 18 62 50 7 73 78 61 55 99 51 55 44 57 30 62 1 31 75 45 12 38 65 44 13 5 35 86 44 82 99 34 43 31 30 50 59 99 50 3 10 64 50 12 36 7 42 3 89
90 18 30 86 15 72 36 29 67 48 2 16 63 21 69 48 87 82 35 19 69 39 49 54 82 27 89 1 13 63 91 43 36 74 25 30 24 58 9 39 34 10 71 72 55 91 34 65 24 98 37 60 90 38 89 63 21 76 28 8 74 72 49 59 37 84 100 54 16 27 14 48 54
91 80 41 29 72 48 50 88 6 77 40 99 23 8 99 62 91 32 38 73 21 37 71 99 32 60 68 42 1 28 84 95 30 38 43 39 70 18 81 16 71 69 18 4 79 71 17 88 50 30 75 25 87 41 90 49 39 7 55 12 85 22 51 65 64 31 34 79 26 70 62 51 16
92 70 7 27 18 42 67 80 71 53 19 11 36 72 96 28 24 10 25 49 32 13 21 54 38 84 51 46 98 25 73 47 44 70 3 14 66 76 43 45 27 18 64 17 21 69 76 26 67 5 34 93 21 44 93 19 9 83 72 66 95 84 4 62 64 55 71 49 9 77 27 23 67
93 66 59 76 94 94 46 5 5 30 83 48 29 52 29 18 33 74 93 2 88 89 84 88 1 59 90 79 2 20 5 94 89 2 55 4 70 12 31 2 70 55 19 67 73 31 92 39 83 70 92 80 18 63 32 29 67 4 67 3 9 55 50 82 27 77 38 54 53 98 10 4 78
94 57 10 12 80 68 38 86 57 59 48 63 91 39 44 29 87 34 17 3 23 41 91 11 4 6 40 25 1 96 59 55 44 77 38 12 73 41 58 34 25 41 58 90 99 10 85 54 70 79 70 73 30 78 68 58 98 62 84 84 95 45 9 82 68 89 72 18 26 74 5 42 2
95 91 22 61 72 24 91 51 41 84 6 96 7 80 33 42 93 16 96 68 79 30 13 100 78 1 98 75 64 22 95 11 34 18 39 32 35 83 29 100 95 100 95 19 86 22 80 39 58 36 49 37 80 67 69 46 54 73 41 68 25 21 84 27 35 60 95 34 26 57 21 6 74
96 44 22 35 53 91 10 6 26 28 8 42 16 6 16 63 5 56 31 28 59 19 92 96 64 42 18 94 90 79 90 13 27 61 3 40 28 30 23 77 3 45 2 63 6 77 5 90 79 25 73 34 6 19 52 85 90 18 45 31 10 98 63 47 4 20 20 77 18 19 7 20 78
97 16 9 12 76 8 92 18 51 58 74 35 19 22 41 76 24 30 31 87 89 39 47 59 79 25 64 14 10 87 76 65 91 54 69 30 67 5 57 92 53 64 83 4 23 65 50 19 64 86 55 26 59 26 84 39 26 60 7 18 69 88 36 5 78 4 65 45 9 1 99 43 49
98 7 14 28 8 13 81 28 29 46 57 35 57 20 36 71 43 83 3 88 56 14 66 84 65 8 94 11 9 15 19 68 40 13 17 55 83 93 21 46 40 42 58 56 29 26 33 88 53 27 92 13 84 25 74 41 10 85 42 18 31 15 62 25 18 18 55 20 8 72 30 60 25
99 10 77 44 12 37 61 100 81 59 41 58 64 18 37 49 16 20 48 69 78 89 55 50 18 99 61 53 46 23 49 13 23 43 25 80 59 38 56 57 55 78 67 64 10 19 89 24 60 7 5 81 55 32 43 48 73 70 15 94 1 1 46 40 41 99 31 69 60 39 60 65 71
