8 100
2284.5 2478.0 2099.5 2751.5 2493.0 2873.5 2725.5 2497.5
0 1 39 89 74 72 39 92 44 82 35 66 16 82 67 93 91 14 67 30 29 37 56 2 23 15 4 76 77 7 77 77 19 31 74 34 93 80 37 78 89 91 90 87 2 26 8 30 39 65 95 24 27 58 27 53 48 85 22 34 20 85 92 75 86 7 44 38 24 4 42 37 83
1 9 99 60 8 96 40 33 71 28 56 90 53 69 93 22 15 79 18 57 47 100 100 93 83 34 88 91 69 26 69 44 59 99 51 30 1 35 97 53 72 11 8 78 46 85 79 39 13 77 33 54 69 45 58 76 43 35 62 77 85 82 18 76 89 86 1 75 73 14 52 21 80
2 50 38 93 71 47 15 24 73 2 4 82 49 20 59 7 17 94 19 86 17 19 94 69 11 100 80 90 85 46 43 38 46 14 28 18 10 84 79 31 92 32 28 36 53 75 49 96 99 88 49 7 67 6 82 100 93 64 48 29 9 22 99 95 49 16 86 60 41 75 30 12 50
3 36 61 39 25 1 2 72 66 18 36 80 50 51 47 23 24 30 89 52 28 63 67 37 19 23 54 55 74 59 26 21 67 9 66 80 38 50 2 50 27 9 92 60 100 13 62 62 13 76 31 86 87 18 9 55 20 61 83 98 58 77 51 7 56 100 53 13 17 3 62 87 13
4 27 25 21 98 99 43 57 38 35 22 45 100 34 70 5 73 90 71 17 13 64 30 55 79 37 64 30 31 46 50 75 23 21 67 90 33 62 80 1 44 72 51 97 98 29 90 62 2 80 51 97 38 43 57 72 94 96 46 33 65 63 39 29 2 46 100 10 3 100 97 36 71
5 19 16 24 13 94 59 26 26 2 91 18 43 13 96 78 73 18 1 78 43 10 19 19 95 13 63 5 24 7 61 60 38 57 62 46 37 48 98 16 68 94 84 70 81 55 8 39 60 21 76 62 41 90 29 4 69 21 97 50 4 18 91 3 4 59 15 5 26 4 55 80 23
6 50 38 30 73 64 25 2 98 64 66 61 78 39 50 97 85 33 45 55 91 97 52 43 6 32 73 40 50 62 16 70 6 30 90 39 5 94 97 59 90 84 19 10 67 49 71 78 2 86 47 56 92 17 33 40 14 6 57 20 1 56 17 41 74 3 8 95 94 91 29 14 94
7 4 58 82 94 43 61 84 63 22 37 73 85 79 37 49 17 99 86 69 43 43 11 4 42 22 100 58 75 72 69 44 44 38 50 44 39 16 70 14 73 54 60 99 16 39 78 64 37 89 95 34 8 90 57 13 19 26 17 58 18 20 53 48 5 3 20 88 34 74 12 47 3
8 20 17 85 4 44 78 58 66 74 8 56 44 89 61 74 20 14 38 76 19 2 54 100 43 68 83 40 73 71 28 23 7 10 14 59 50 93 36 51 46 90 8 47 71 14 97 7 82 61 4 56 95 63 16 37 15 96 89 18 22 46 95 70 43 31 94 15 40 46 55 8 58
9 14 46 66 26 56 11 61 9 68 82 27 92 5 98 33 77 40 59 26 59 72 19 89 40 36 46 57 88 18 6 43 3 98 8 11 61 74 7 6 13 3 9 71 70 81 94 51 44 20 43 17 70 91 46 68 58 32 47 2 14 20 41 40 98 45 65 57 99 100 65 70 58
10 92 44 69 7 16 37 34 72 33 35 25 88 54 83 50 23 94 34 3 19 16 12 34 7 3 80 92 67 40 13 8 92 68 41 76 32 84 80 91 34 45 98 87 4 29 39 71 76 36 77 12 65 83 83 99 57 16 86 46 68 86 60 71 54 65 35 72 4 94 38 56 80
11 58 19 86 19 26 94 29 56 51 78 98 53 99 55 5 27 92 88 91 78 2 39 19 10 16 35 61 55 94 27 71 21 44 16 59 13 50 98 80 8 58 71 73 7 2 67 61 22 95 17 48 67 30 83 67 56 94 40 22 95 100 49 55 42 46 23 6 55 56 11 100 85
12 94 84 97 53 21 13 49 43 63 62 1 79 9 14 62 30 10 42 99 86 13 46 90 12 19 88 12 70 94 28 56 2 53 52 36 34 52 80 83 22 67 95 3 40 69 33 12 15 32 14 17 51 98 30 35 81 87 21 30 45 74 69 38 99 95 52 78 31 95 32 18 26
13 73 61 21 39 27 13 12 15 34 18 35 18 67 54 81 80 32 85 63 85 96 95 53 22 81 40 22 13 5 3 67 3 51 40 55 82 10 79 19 52 83 50 85 40 100 52 51 67 71 73 41 3 60 99 90 40 24 60 77 4 57 72 34 42 24 51 8 64 38 98 41 43
14 73 63 6 87 19 41 66 30 24 88 60 1 93 29 7 78 93 27 42 81 93 96 58 68 20 9 95 63 18 99 3 98 5 16 28 38 87 39 45 71 42 14 58 54 54 73 13 65 20 48 94 57 61 82 75 85 43 43 11 64 78 26 75 60 41 28 21 33 5 25 97 24
15 75 38 51 29 28 11 11 53 69 20 36 49 88 9 77 49 95 68 90 9 3 92 13 77 18 61 44 91 94 52 55 37 39 53 40 49 82 71 76 58 41 75 95 14 82 62 72 66 92 10 80 44 54 61 29 10 11 9 34 93 31 94 89 52 78 71 31 13 81 92 17 13
16 1 22 92 77 13 48 4 48 79 50 71 89 45 41 82 12 52 58 8 27 3 55 100 73 58 8 36 47 13 59 10 75 98 86 96 88 84 15 57 74 100 52 58 3 29 49 7 43 72 20 31 19 89 49 90 49 12 83 7 12 84 10 47 42 83 69 88 73 14 83 73 28
17 82 63 70 50 74 22 71 41 82 95 66 48 10 68 38 88 55 64 50 98 69 43 7 95 71 84 47 11 94 88 32 92 66 26 64 27 44 98 32 87 16 66 58 37 94 29 85 69 48 28 49 89 19 1 6 4 6 15 50 38 84 63 43 26 33 14 36 37 11 89 81 82
18 42 77 85 51 58 1 14 81 78 33 53 77 30 91 48 58 30 25 20 2 12 98 88 88 24 51 28 14 7 4 39 85 38 35 3 43 90 56 11 74 4 15 76 20 19 54 97 52 76 88 94 75 7 22 33 16 8 81 75 87 81 43 19 82 96 34 72 65 60 56 73 8
19 27 100 56 14 4 69 73 81 19 50 26 98 29 21 50 86 47 32 70 92 56 43 29 21 44 69 42 55 77 95 66 15 3 25 65 30 32 35 62 48 4 70 16 26 74 22 26 61 37 92 40 47 8 52 19 37 17 86 99 71 11 48 69 10 66 53 57 17 5 2 98 82
20 17 65 60 17 26 24 66 40 60 75 52 21 55 89 14 1 7 25 50 22 91 82 12 25 42 26 12 66 62 13 94 20 33 48 68 74 3 27 97 63 16 74 93 39 10 2 3 28 5 2 21 18 42 38 98 25 5 73 93 49 1 45 67 1 52 2 29 6 62 31 86 15
21 27 20 7 9 13 29 58 23 85 9 69 58 63 64 78 32 30 1 22 42 60 96 35 44 40 14 21 91 72 34 48 23 99 18 89 88 61 11 30 53 58 63 12 14 31 87 12 12 17 100 95 94 93 87 77 21 52 55 5 76 63 13 39 67 62 57 16 13 56 43 11 80
22 10 45 52 1 24 45 33 66 2 90 49 59 68 86 86 34 68 73 71 63 84 80 57 13 82 62 42 9 98 93 47 39 98 95 28 78 2 57 92 84 10 91 98 83 30 84 47 1 7 68 73 97 66 11 86 43 36 68 31 88 93 3 49 12 5 46 1 31 61 24 73 65
23 11 80 21 41 41 14 22 90 63 57 77 74 17 62 54 11 7 44 19 97 48 88 15 93 29 70 91 16 78 84 75 73 24 20 95 15 6 79 90 79 38 95 3 69 93 37 89 98 76 35 57 86 11 1 23 28 19 23 2 77 71 16 90 90 94 72 36 30 53 31 16 90
24 12 93 74 58 3 9 71 26 20 81 90 90 70 74 3 4 37 36 38 88 61 78 62 57 20 21 56 3 93 86 22 12 33 15 91 90 32 39 71 72 92 48 69 59 37 15 15 78 29 62 78 71 91 11 52 91 9 4 79 71 45 58 79 82 46 86 53 17 51 40 87 14
25 100 15 30 45 100 74 43 59 9 56 47 84 35 95 85 93 94 51 69 29 88 75 33 17 53 10 59 63 63 50 91 73 4 93 58 11 78 85 48 7 34 76 90 92 1 68 50 57 3 28 10 45 85 36 11 53 64 55 3 87 94 89 69 74 93 10 10 65 11 66 44 27
26 18 22 66 48 68 58 24 47 67 9 52 99 19 3 82 42 96 24 91 34 72 3 26 69 70 45 54 65 65 5 98 80 10 3 42 20 41 42 11 97 60 84 20 82 65 29 71 50 78 7 78 30 60 35 20 20 91 6 26 39 40 71 98 43 53 83 48 85 55 42 54 90
27 8 42 26 24 39 43 9 3 85 76 82 57 43 68 77 95 62 20 19 42 65 64 64 25 23 62 99 4 44 80 81 95 11 51 48 7 79 45 87 88 13 70 63 6 21 27 21 51 29 89 65 20 59 8 82 95 15 72 77 8 83 13 58 39 48 86 58 28 11 97 99 63
28 78 5 20 59 97 28 28 47 44 28 69 95 75 92 88 46 98 19 37 4 44 9 58 82 68 23 68 93 17 26 75 61 45 36 71 87 12 49 81 87 65 78 59 82 89 8 40 92 23 63 19 1 60 60 74 20 95 70 48 38 88 10 85 15 66 28 12 32 10 5 88 47
29 82 98 20 18 15 8 20 42 75 75 58 56 61 35 38 59 77 92 20 70 7 92 33 72 59 37 85 24 27 13 9 22 51 100 4 74 74 47 92 70 47 41 56 54 88 62 62 55 79 16 22 90 60 18 98 15 56 85 88 90 15 73 11 88 39 77 36 5 74 22 48 56
30 86 15 19 51 14 2 39 64 27 100 76 39 51 62 4 48 13 21 1 56 44 39 83 30 85 12 70 75 21 14 38 24 5 2 89 36 39 47 47 37 56 11 75 62 28 28 40 86 14 45 52 6 8 31 31 29 34 22 78 65 88 5 29 3 21 28 73 51 52 39 88 2
31 49 5 48 8 79 100 48 26 11 16 19 82 2 89 10 98 78 25 62 2 23 15 55 52 50 21 95 84 12 2 71 43 24 17 66 89 31 22 80 40 27 10 73 20 62 28 25 41 91 22 7 10 31 49 72 8 45 59 86 17 72 19 47 70 68 94 78 43 61 44 46 15
32 11 33 86 88 88 33 6 99 100 61 10 40 88 42 13 64 84 13 82 26 90 83 80 92 19 73 64 100 65 65 17 55 44 6 58 6 26 20 53 22 57 27 5 57 66 82 36 34 96 78 31 56 22 39 15 82 27 48 47 48 40 68 2 68 91 100 25 10 100 3 76 50
33 92 27 21 92 88 2 54 45 41 67 10 53 13 54 36 69 4 56 1 28 52 30 16 80 13 86 3 36 70 82 26 77 47 15 87 33 42 29 13 29 61 78 26 45 20 54 100 59 31 38 9 95 73 93 27 8 16 30 27 50 4 15 88 51 24 23 8 41 79 66 51 70
34 28 5 24 19 99 63 97 64 95 64 38 37 92 48 13 84 79 45 17 67 35 7 17 39 54 49 98 78 71 6 89 1 72 78 57 3 51 5 93 89 39 25 18 10 48 19 98 52 6 57 86 23 21 26 80 65 63 19 98 64 37 40 84 97 40 95 89 5 19 6 46 72
35 35 5 1 42 24 42 92 25 44 75 95 41 86 18 73 1 9 76 86 56 29 91 100 7 58 69 17 75 59 90 39 15 12 16 88 93 20 3 65 93 32 14 21 29 84 99 1 68 67 86 87 100 4 37 13 78 63 75 42 31 9 44 42 46 32 55 97 44 84 97 17 84
36 12 7 3 1 37 28 59 41 77 35 50 57 88 44 38 70 51 73 82 1 16 95 52 89 72 51 40 48 5 77 52 85 91 40 68 78 3 7 59 85 80 21 82 44 50 96 22 92 98 59 73 66 66 98 96 94 87 40 93 16 47 89 5 11 74 86 10 20 56 76 18 87
37 39 5 29 84 95 51 39 75 2 32 58 61 82 89 8 93 24 12 23 96 49 54 40 45 52 92 51 66 33 48 54 14 63 19 86 46 89 85 89 24 57 24 51 41 8 61 27 80 33 76 61 65 46 98 64 49 65 71 23 56 28 90 18 21 48 77 78 99 3 47 80 40
38 48 11 75 49 28 15 22 16 60 10 41 63 78 44 6 93 40 81 86 95 95 24 27 3 81 11 36 23 44 92 78 15 56 64 6 43 81 98 45 30 54 19 33 87 4 20 66 4 3 22 62 16 65 18 9 54 9 54 81 24 79 24 97 26 8 87 32 88 29 13 31 92
39 25 59 70 92 65 17 65 34 74 15 52 79 98 72 71 32 92 6 6 1 74 16 68 35 25 97 38 46 55 8 43 92 80 11 70 22 26 50 86 75 10 22 7 86 79 64 93 91 80 24 49 94 19 12 55 99 83 97 7 63 88 87 51 90 5 3 75 3 64 52 23 57
40 88 82 99 80 99 17 84 22 51 66 84 61 8 11 64 86 14 59 43 46 66 58 49 96 72 61 16 82 39 9 70 48 29 89 33 24 17 2 15 11 72 7 59 1 40 88 76 61 73 90 21 20 88 95 58 2 48 84 58 87 65 27 43 92 83 18 8 43 8 98 73 10
41 55 15 21 15 61 7 79 93 37 66 56 25 34 29 53 38 72 32 65 83 98 91 97 9 71 63 75 45 73 54 87 78 97 8 35 24 2 59 2 75 53 77 93 78 76 1 71 48 17 60 71 89 94 19 13 57 53 22 44 57 63 3 72 71 60 89 20 45 9 84 90 28
42 73 12 70 9 39 48 14 80 48 56 57 79 28 97 41 2 22 63 6 14 93 36 65 6 60 35 69 97 17 72 49 82 23 32 100 36 19 38 58 37 77 68 79 28 18 16 87 84 26 99 41 29 47 50 9 84 42 88 16 39 44 58 42 47 22 56 69 98 16 99 93 96
43 27 9 43 27 42 21 17 5 28 71 53 75 4 5 80 98 1 73 16 80 85 54 100 90 38 58 3 66 4 84 7 16 97 27 64 87 99 70 10 75 23 19 24 40 84 96 88 1 65 48 16 69 16 46 28 59 28 72 19 51 97 51 29 29 94 22 91 73 100 54 47 53
44 57 97 59 62 74 37 64 81 33 98 21 35 80 77 67 14 72 2 34 92 85 5 62 62 95 62 55 44 53 55 69 45 46 19 85 58 95 3 2 69 98 18 53 69 48 84 78 30 50 88 12 55 68 97 39 4 19 1 63 6 98 73 21 26 71 38 54 83 99 15 23 25
45 50 100 1 21 98 27 48 34 48 8 69 92 79 12 30 60 99 32 3 47 54 71 74 40 62 94 68 73 100 92 17 49 57 16 55 86 80 62 19 81 100 83 68 100 44 44 91 95 62 61 84 14 100 1 7 21 44 72 36 95 90 3 71 69 42 39 89 15 19 4 24 74
46 62 54 70 94 27 100 52 42 25 24 28 13 7 68 35 90 6 29 97 24 24 96 39 20 44 20 51 8 48 100 63 74 40 98 20 74 78 37 76 29 38 15 87 8 80 87 20 69 66 29 37 97 81 15 73 2 100 7 32 89 96 35 12 90 17 13 71 61 1 8 94 53
47 59 31 40 30 39 86 78 10 100 54 66 83 15 65 36 43 11 78 20 17 89 83 73 43 77 99 82 2 10 36 38 65 11 90 56 87 9 5 41 33 41 98 15 10 92 100 5 28 95 94 81 93 35 1 26 38 15 83 72 23 65 13 33 77 80 10 23 69 92 92 33 4
48 28 47 71 66 75 88 63 75 36 12 74 17 62 20 4 11 50 38 73 6 17 91 77 45 6 16 88 77 23 4 37 6 5 56 4 43 60 55 63 54 81 4 1 91 40 65 32 60 52 81 52 82 50 87 76 2 61 64 19 18 27 15 23 3 57 59 15 73 10 27 77 21
49 75 5 17 25 21 27 95 79 100 69 91 22 31 14 34 23 76 33 69 74 85 9 88 14 14 89 77 51 23 68 61 50 35 19 44 32 12 20 1 45 90 20 50 52 63 10 47 94 46 96 22 27 6 6 75 34 6 44 21 66 4 38 90 36 7 25 90 26 86 53 14 60
50 18 2 48 30 7 72 88 19 88 50 11 14 50 48 60 74 76 38 67 74 83 33 58 8 7 93 90 24 8 2 99 93 17 29 55 66 5 32 33 54 57 35 3 15 37 47 16 17 17 72 35 53 43 11 15 68 88 93 94 10 86 1 22 52 3 88 24 39 64 70 14 47
51 60 24 95 81 2 48 16 58 31 87 40 13 97 99 32 31 4 12 38 28 77 100 81 80 14 22 65 22 66 5 14 42 41 58 36 48 18 19 79 3 22 1 41 15 68 64 49 19 54 56 13 26 93 13 60 31 66 89 29 46 82 71 51 33 36 7 57 18 70 42 41 89
52 40 85 66 68 78 71 33 83 56 5 58 73 88 22 61 71 41 1 46 74 58 34 56 7 80 58 44 100 87 14 76 62 66 93 26 53 98 80 19 72 9 62 3 100 48 94 31 43 72 73 65 53 63 11 80 72 16 8 29 4 63 40 5 75 34 21 80 89 11 68 18 14
53 98 24 81 62 93 63 44 37 37 93 77 89 79 71 82 98 72 55 43 9 57 30 10 84 2 13 98 96 65 71 99 5 56 48 20 61 23 84 13 95 6 6 16 78 63 100 81 19 94 83 61 42 65 44 16 30 7 58 37 62 92 14 7 70 28 15 18 84 88 10 70 41
54 69 41 66 1 32 38 21 98 13 92 20 93 81 95 85 63 9 27 87 89 80 44 40 73 9 94 66 65 62 6 22 88 53 100 62 35 9 13 91 53 83 28 55 55 39 18 76 49 81 77 95 30 52 58 78 87 6 2 24 90 9 74 14 65 55 71 34 91 96 45 78 45
55 51 80 20 58 96 96 1 74 36 84 32 48 92 68 53 8 84 22 40 59 51 97 22 52 14 38 10 36 66 97 18 4 38 7 25 88 20 40 25 11 40 59 6 7 33 23 5 50 46 25 90 79 76 44 99 79 27 97 76 58 89 33 35 88 88 78 31 26 69 12 63 8
56 49 82 63 66 23 11 46 30 62 9 64 35 91 95 12 13 73 16 32 90 36 18 36 94 9 83 41 79 77 66 67 7 24 78 91 38 72 35 74 90 55 75 59 76 26 4 81 7 64 89 50 71 10 54 9 78 89 72 29 90 88 17 88 42 24 44 59 62 1 85 28 77
57 88 83 68 43 72 27 44 9 25 99 91 91 74 90 14 61 99 59 59 73 62 96 54 85 62 76 32 25 91 81 46 7 49 71 34 9 48 50 35 61 17 33 42 48 43 33 57 58 52 27 20 56 46 100 81 90 3 81 38 42 38 92 86 48 12 9 2 18 1 44 78 75
58 11 51 66 7 46 8 97 74 67 85 97 60 38 51 46 42 82 96 70 21 5 58 54 35 61 51 11 79 27 69 78 11 97 78 32 75 5 61 75 79 81 61 100 89 81 41 3 47 12 28 36 71 7 10 9 46 73 12 30 40 14 22 54 46 82 98 3 51 40 96 28 26
59 61 62 3 49 9 76 41 58 90 83 93 26 6 25 64 93 85 87 2 23 43 23 58 14 93 29 36 38 46 21 13 49 56 11 65 42 82 12 37 90 30 61 6 97 97 24 72 93 10 25 62 74 65 37 93 90 64 23 60 70 56 8 50 15 4 29 80 2 48 59 54 4
60 31 70 61 37 23 97 67 100 53 66 78 11 74 74 67 61 99 18 39 13 13 30 47 61 43 97 26 32 35 4 100 48 95 39 43 71 6 30 16 82 32 44 36 78 12 27 24 13 28 12 97 74 49 45 76 4 39 83 31 38 33 37 22 31 38 64 60 6 89 91 51 56
61 97 48 81 18 26 50 11 100 66 99 93 97 77 72 26 64 42 81 25 18 31 37 84 55 29 65 66 7 55 89 76 84 53 64 14 54 54 79 99 73 94 46 74 27 3 86 62 70 48 12 41 42 10 27 11 52 85 46 26 100 40 92 39 50 35 28 21 78 43 68 96 62
62 50 47 81 59 11 21 25 43 16 25 100 88 15 10 48 85 50 20 92 30 74 50 56 66 48 24 44 19 27 55 1 10 86 41 60 97 27 43 80 20 74 82 34 19 8 55 23 11 38 56 71 21 35 74 76 18 3 29 20 68 28 52 74 53 12 38 45 68 10 61 84 83
63 7 41 13 99 39 99 75 18 31 39 75 71 12 36 30 34 71 68 49 50 16 41 63 39 92 64 82 25 67 52 28 7 38 21 27 92 53 14 36 41 16 89 44 58 66 16 60 39 97 36 96 23 99 1 53 15 8 78 97 3 60 68 35 99 18 91 80 95 23 64 17 61
64 27 66 18 39 70 19 46 44 13 96 83 70 99 44 82 16 3 72 84 79 4 47 40 53 37 10 62 15 2 81 69 57 97 79 81 57 1 99 78 59 95 56 89 27 1 88 52 12 75 79 59 40 100 59 49 89 49 9 4 79 28 85 41 12 26 39 36 15 51 70 91 21
65 20 55 11 64 100 23 57 68 97 98 14 96 77 48 85 32 25 87 75 76 26 12 1 76 75 44 33 26 11 49 30 75 58 4 98 46 58 21 35 42 71 20 50 59 22 94 52 19 8 92 88 100 49 70 51 21 69 20 14 68 21 60 41 66 57 47 77 41 6 31 24 4
66 11 14 28 64 70 7 83 37 39 5 81 36 46 16 85 57 78 55 47 37 10 78 16 76 29 21 36 38 47 23 100 79 66 31 31 3 55 48 26 96 56 80 53 72 22 27 73 65 13 11 38 30 72 95 56 63 36 84 100 21 32 20 6 73 53 44 56 32 44 54 3 7
67 24 99 86 20 65 55 62 77 55 9 48 64 65 81 85 40 97 37 51 7 50 26 42 40 44 56 49 69 100 64 62 11 45 49 77 44 17 16 21 26 82 18 75 84 79 26 87 18 97 6 39 47 50 27 4 45 81 59 31 50 84 80 34 91 25 94 42 43 4 68 5 33
68 1 20 76 6 40 91 45 46 71 69 48 29 39 77 96 17 35 100 37 55 72 26 57 83 15 39 64 59 8 80 72 21 95 57 1 52 43 91 29 47 67 65 25 66 40 46 71 79 59 49 87 49 88 59 10 80 50 27 100 46 2 52 30 28 2 94 4 5 28 60 10 53
69 66 74 84 45 8 14 74 51 30 27 33 91 69 89 72 62 70 16 75 81 35 96 75 73 51 99 10 72 92 40 62 87 77 87 8 39 12 12 91 6 35 33 65 49 88 67 22 94 53 56 86 86 94 100 14 97 97 31 38 65 86 59 100 79 25 30 72 94 21 85 34 9
70 46 56 10 67 33 43 22 73 27 51 59 47 86 72 27 80 3 21 64 60 19 62 12 29 39 17 11 27 48 75 92 21 46 16 46 10 68 12 48 88 77 87 16 7 71 49 76 32 74 85 59 67 57 81 93 22 67 48 42 15 96 42 45 7 3 58 56 42 34 23 91 52
71 40 8 93 75 57 78 33 61 88 48 70 90 38 70 12 28 41 21 96 2 41 7 100 49 36 72 11 65 4 88 73 69 35 44 54 77 27 43 49 57 90 61 60 76 3 82 90 88 17 86 32 59 30 74 91 80 63 45 45 56 46 67 71 36 88 65 90 85 49 16 8 42
72 29 56 76 34 23 60 71 20 1 29 66 17 60 8 84 52 41 93 92 61 42 11 89 46 35 35 77 83 55 1 95 11 2 61 90 73 4 67 66 13 15 30 74 32 100 98 94 55 22 88 87 61 29 82 93 61 11 78 32 39 44 46 16 64 59 13 99 29 12 39 32 16
73 1 61 47 60 30 59 76 42 45 70 50 31 1 47 90 95 28 93 49 23 62 29 42 68 38 66 95 59 10 99 60 41 18 65 92 4 66 10 56 35 15 72 18 100 29 70 60 9 26 67 86 52 25 61 95 40 83 78 38 91 92 80 48 46 24 69 71 64 1 41 65 1
74 73 56 64 18 1 42 12 34 55 27 36 59 75 32 89 10 13 99 22 71 68 15 29 66 36 27 95 66 73 42 30 83 39 18 36 46 95 24 47 99 45 42 75 59 7 10 11 74 70 85 38 95 74 19 7 32 46 58 44 75 34 50 58 53 56 47 11 26 68 3 78 88
75 52 91 98 98 26 93 91 11 14 65 13 88 66 35 43 12 84 60 65 20 72 73 62 4 74 22 87 73 60 44 27 40 81 26 38 36 94 86 97 5 50 40 75 82 66 13 39 43 22 15 31 73 28 54 52 19 84 96 34 91 77 17 25 60 56 61 46 45 74 19 59 68
76 45 73 35 85 89 16 46 18 61 32 56 3 8 2 68 4 76 42 32 62 92 47 1 96 80 41 22 2 72 72 77 40 13 36 69 80 22 28 26 29 43 67 30 81 71 90 48 49 57 72 43 81 37 91 42 39 100 31 41 76 22 77 58 88 17 29 26 15 41 92 63 6
77 76 48 60 100 17 7 53 91 66 15 32 56 42 45 90 58 62 55 21 12 2 99 18 87 58 21 19 87 72 77 67 14 71 32 14 36 11 91 55 48 48 75 8 60 20 99 62 86 15 63 70 83 30 34 78 2 54 71 60 94 34 55 79 19 64 43 45 44 84 85 76 80
78 28 59 75 72 22 81 13 80 65 23 41 22 44 80 8 17 22 20 24 61 89 16 28 38 13 5 10 45 21 47 43 88 93 25 63 37 39 75 28 53 57 63 26 31 85 99 74 39 77 28 7 75 58 13 65 31 27 27 17 43 57 17 10 64 20 83 12 27 24 19 52 6
79 62 56 38 60 28 43 60 55 41 23 28 38 9 54 90 50 82 63 85 20 6 52 69 96 100 44 87 96 54 20 48 18 11 69 88 50 55 6 44 95 86 52 69 77 97 90 36 33 84 15 75 69 98 56 59 23 15 16 3 51 23 13 98 6 18 26 96 83 52 12 56 17
80 37 66 85 56 20 77 70 98 88 2 64 20 53 81 93 79 7 86 17 96 81 96 99 89 50 97 76 54 73 12 76 60 43 27 8 43 91 44 32 65 55 2 1 76 51 57 29 63 79 61 16 19 90 60 9 19 92 15 84 73 71 15 17 88 61 53 38 87 99 30 98 13
81 29 3 75 91 47 60 23 92 61 31 47 57 91 29 84 31 82 4 4 51 22 87 48 74 14 78 60 39 37 15 17 83 42 3 54 67 92 16 8 10 72 56 99 83 90 29 91 57 16 80 89 36 87 73 14 33 14 26 20 63 29 35 5 100 43 6 61 1 16 49 74 87
82 79 50 33 84 28 1 14 80 68 51 94 69 10 96 17 65 11 5 2 53 54 3 87 48 48 68 1 19 20 82 23 37 21 59 84 94 84 63 3 89 34 53 88 32 83 88 68 85 95 20 100 82 77 45 20 93 23 45 34 5 34 50 20 13 39 100 40 43 44 54 90 87
83 83 36 98 87 56 17 42 59 83 75 52 60 67 84 48 6 81 82 70 48 71 11 6 12 50 7 33 14 75 65 45 99 86 87 63 82 95 76 86 34 67 93 41 54 71 5 46 3 84 5 2 39 18 64 26 61 4 57 52 76 87 62 28 12 25 84 78 85 70 23 94 35
84 80 5 38 63 93 44 9 84 92 80 48 87 7 73 66 80 46 61 26 89 18 13 49 32 5 30 65 17 75 49 89 79 60 79 67 39 99 49 49 59 51 54 97 5 63 63 99 14 99 70 65 56 20 90 9 68 15 12 34 67 19 23 61 55 32 1 22 4 5 91 10 100
85 79 39 30 31 5 55 18 92 40 30 71 83 4 85 55 45 37 54 18 22 39 64 69 32 77 27 98 46 10 79 78 98 97 18 30 44 7 98 77 42 21 58 10 9 43 6 76 48 36 50 19 100 68 58 74 3 59 33 29 35 63 41 20 5 55 13 47 18 16 70 2 16
86 26 71 7 87 46 51 34 83 2 36 53 85 59 22 87 44 19 28 54 95 78 1 69 80 18 54 85 24 10 38 64 78 65 81 23 75 59 17 79 78 37 82 37 57 98 41 49 37 96 3 7 20 15 87 63 80 81 66 21 57 82 10 25 2 65 12 9 39 93 43 31 84
87 85 28 42 23 62 64 61 6 79 24 37 73 58 47 29 11 20 78 92 57 59 25 61 53 71 88 53 89 51 11 70 64 45 71 66 38 60 49 98 31 27 63 81 52 65 24 37 67 10 20 57 67 44 39 41 29 77 100 81 1 32 23 65 84 21 50 78 18 31 95 80 36
88 99 14 54 90 11 54 31 90 5 71 55 70 64 40 27 99 32 36 2 11 89 47 70 39 95 22 61 94 9 48 16 93 93 99 48 65 4 57 30 13 39 82 85 50 59 35 3 6 25 52 29 13 36 20 72 30 64 38 54 67 4 17 28 70 4 27 19 37 44 44 93 71
89 48 8 58 39 79 41 60 79 52 46 81 29 68 10 3 34 98 82 47 50 85 66 64 12 81 81 44 22 64 56 95 6 9 82 27 77 21 17 16 37 56 85 59 66 14 28 81 33 35 18 38 50 69 88 70 76 36 51 98 85 20 63 81 80 83 10 83 79 76 49 37 50
90 37 27 43 44 15 27 60 94 67 30 72 26 63 84 46 15 30 54 53 29 68 64 4 46 42 34 79 79 62 54 61 17 26 83 28 4 28 96 24 71 86 92 19 34 17 16 35 58 59 19 65 76 49 91 79 3 25 14 12 25 9 75 28 94 42 86 80 21 39 49 24 100
91 19 61 13 99 74 8 98 80 6 96 94 99 25 4 47 79 31 43 25 66 19 8 82 52 80 95 38 88 22 43 87 50 43 76 40 46 100 88 65 83 51 79 56 31 81 6 87 60 89 50 97 61 88 82 23 54 22 6 39 70 31 23 74 26 87 33 59 78 51 29 13 64
92 69 47 66 50 74 90 79 94 64 28 86 49 79 58 43 100 76 82 86 82 49 35 100 28 89 8 92 44 68 63 14 8 99 6 40 95 67 34 31 38 51 86 78 100 20 14 90 11 99 85 75 63 36 51 65 28 35 100 33 94 30 38 6 5 26 41 79 78 98 62 9 73
93 1 82 28 20 66 11 9 46 19 2 2 56 19 16 31 68 19 9 22 71 84 48 44 76 80 60 37 19 10 5 27 11 2 24 18 56 30 32 95 49 26 35 5 53 89 76 37 14 41 24 71 56 59 78 79 30 14 63 96 71 70 91 58 69 7 40 13 81 36 89 7 22
94 64 75 65 71 33 61 54 96 14 22 41 48 59 49 24 11 64 18 65 47 75 91 44 52 27 65 34 74 91 4 20 98 81 36 89 13 94 58 36 30 43 100 86 61 56 2 2 75 98 80 44 42 51 68 97 76 25 21 59 42 91 84 70 2 100 6 68 65 1 41 44 74
95 69 58 90 99 11 58 1 71 77 99 86 41 72 67 55 69 52 34 55 90 15 41 89 48 75 83 77 38 79 92 54 2 59 98 17 85 70 32 70 30 17 60 23 38 9 3 92 99 99 85 65 22 16 54 92 28 1 98 32 72 60 46 50 38 47 17 23 26 17 44 46 45
96 51 14 74 12 64 22 20 60 25 9 68 72 35 86 65 43 81 15 97 9 44 62 24 7 15 5 41 15 97 52 58 8 65 60 40 97 46 48 58 71 21 39 76 41 73 7 37 94 50 10 59 64 29 96 67 19 24 32 48 9 74 42 52 37 62 73 61 72 47 73 58 91
97 14 99 79 69 5 17 90 28 81 29 10 32 85 18 41 94 47 52 1 51 100 75 30 43 63 8 99 17 26 54 77 38 30 82 12 45 55 70 47 46 16 6 88 32 16 72 96 90 9 4 40 6 71 52 4 97 54 38 51 97 55 92 72 85 38 91 9 11 55 48 16 12
98 51 29 59 3 46 63 49 5 45 62 70 27 21 28 100 4 85 10 8 92 15 29 31 19 64 15 23 55 18 46 84 65 4 38 37 49 20 79 45 58 16 62 46 36 61 4 76 99 57 92 89 6 14 43 75 89 99 23 73 9 95 1 64 19 56 52 54 36 71 13 44 71
99 2 8 100 66 22 5 97 30 60 39 67 61 100 47 9 33 58 63 82 96 5 95 48 33 26 72 99 50 5 55 8 79 72 98 99 56 49 53 88 74 16 78 72 47 38 74 5 16 64 4 92 32 82 8 27 3 15 3 34 19 34 73 35 24 52 14 94 98 8 19 35 78
