8 100
1051.8 1041.6000000000001 991.2 1040.2 1036.4 1006.8000000000001 1038.0 1067.8
0 59 37 19 99 70 91 98 34 2 79 2 91 68 52 29 63 10 54 68 59 45 1 21 21 6 50 54 72 65 24 36 83 5 55 43 3 24 77 87 81 17 1 87 37 39 8 24 13 90 60 96 73 59 55 27 72 90 39 7 9 35 78 89 22 2 6 63 84 64 25 60 14
1 78 54 6 96 25 76 53 76 68 62 34 63 78 61 69 87 85 100 15 66 16 76 75 11 47 13 48 65 75 62 89 48 39 53 95 84 70 49 81 57 1 89 35 74 93 99 47 81 57 25 52 16 95 79 7 45 55 81 5 67 55 80 78 18 42 73 71 28 16 34 19 54
2 34 15 37 45 17 10 34 53 74 41 55 51 62 66 79 53 83 89 48 68 27 36 100 78 22 46 1 77 50 31 23 38 54 6 59 21 77 24 76 96 92 90 2 98 5 27 18 84 33 38 53 10 69 50 54 56 52 19 56 24 39 6 94 2 29 75 21 3 87 55 49 13
3 67 76 7 41 37 27 41 67 65 9 35 8 33 16 30 97 47 74 6 36 52 6 43 79 69 14 77 94 75 86 64 8 18 69 16 100 68 71 27 14 48 17 52 57 41 57 63 56 98 29 10 86 2 14 21 71 70 1 4 47 8 21 51 34 64 57 5 90 10 95 89 78
4 89 43 65 3 78 94 82 60 44 15 67 84 17 91 49 16 66 3 59 40 65 52 45 99 37 72 49 2 83 36 66 43 53 80 80 38 59 61 14 10 29 15 48 67 13 39 54 91 86 55 20 39 100 75 33 23 54 10 99 16 72 74 60 11 4 33 14 30 50 27 63 14
5 100 18 75 99 93 16 65 7 61 76 51 17 7 41 19 94 92 29 69 74 91 8 82 33 62 55 30 1 67 65 97 78 60 13 13 34 39 97 75 4 6 46 3 65 46 7 97 51 51 46 79 56 28 45 89 80 34 33 72 20 60 52 26 10 2 25 88 93 23 47 95 78
6 60 65 62 6 17 99 7 66 60 52 20 12 67 69 27 39 87 83 7 41 88 39 29 96 60 75 73 36 39 8 29 43 22 4 35 36 96 54 88 91 93 35 80 80 73 86 100 79 2 22 82 89 91 75 63 42 65 88 49 29 29 65 7 95 57 55 98 51 70 4 9 87
7 23 68 87 31 93 25 72 63 49 99 2 26 55 14 88 80 38 15 11 3 8 17 3 76 84 34 20 94 77 93 55 57 93 43 70 18 70 18 65 35 19 39 58 8 70 33 91 71 8 87 14 74 99 25 59 7 1 21 51 40 26 79 60 14 67 90 1 13 2 27 80 5
8 89 31 19 37 46 26 33 46 100 86 4 65 59 94 30 35 16 10 15 57 75 93 41 57 53 24 16 40 74 65 10 81 66 79 69 73 78 15 71 39 57 10 87 59 74 84 60 80 46 71 34 92 83 21 75 24 73 7 37 43 1 10 11 26 76 52 64 86 71 92 22 9
9 76 62 42 47 88 46 33 59 20 88 78 52 73 62 79 35 17 79 71 38 1 77 56 81 2 78 95 15 81 87 26 43 37 2 65 19 57 26 32 98 85 61 88 78 95 55 9 100 35 9 23 44 83 64 33 5 63 48 58 97 40 55 67 9 92 79 17 75 57 83 97 50
10 78 1 79 28 92 8 17 90 73 49 95 30 34 29 23 52 6 72 89 89 4 37 66 53 94 57 6 50 64 83 16 74 75 33 100 26 60 13 46 32 50 8 89 82 20 96 51 84 82 55 66 77 3 78 7 5 64 26 22 83 67 63 98 77 75 45 19 93 72 46 22 87
11 62 45 17 80 43 95 7 88 50 31 84 19 49 87 50 44 80 33 20 59 44 78 41 80 9 52 21 76 54 49 97 78 99 29 80 84 87 39 10 17 50 84 69 65 26 13 65 90 24 98 66 98 78 16 24 27 42 4 100 78 61 55 16 24 13 49 88 29 1 95 51 30
12 78 77 10 28 12 37 5 76 26 12 47 42 61 34 53 50 88 92 98 14 95 40 88 74 14 82 91 13 78 5 33 99 100 56 72 66 42 100 94 17 80 65 7 79 88 63 59 59 97 79 1 33 7 54 17 7 32 30 40 23 16 71 25 92 21 34 85 31 4 76 11 44
13 73 88 72 87 49 45 61 46 11 18 2 27 2 29 54 36 34 2 48 74 74 31 51 10 67 79 19 22 37 77 41 59 65 4 12 48 63 17 26 26 80 16 48 4 20 7 39 78 87 31 29 34 85 47 33 94 13 15 35 6 85 69 40 95 60 93 40 72 59 86 21 82
14 53 24 55 54 54 47 33 17 6 45 29 40 27 93 75 50 18 62 53 53 21 94 47 63 66 28 56 52 14 24 50 20 27 44 30 84 82 44 49 21 82 80 60 52 80 20 39 63 75 22 98 91 98 32 86 68 23 78 91 52 63 70 91 77 34 62 51 11 33 32 31 79
15 79 21 92 35 77 34 29 51 63 46 31 86 92 73 4 49 24 36 95 55 67 16 84 80 5 53 75 62 95 4 83 75 15 10 94 77 1 85 6 11 39 31 98 58 96 12 76 4 97 21 54 49 17 65 70 52 49 9 71 23 20 33 58 45 88 10 5 27 91 28 2 7
16 57 33 6 52 71 50 19 7 51 51 61 31 77 18 8 43 75 24 24 22 24 49 8 95 66 89 16 47 15 63 93 36 95 72 23 76 76 72 40 93 78 84 60 22 95 56 29 10 39 7 54 46 57 63 6 97 78 32 32 57 98 1 57 72 89 91 38 56 58 83 37 62
17 95 87 94 84 26 46 71 81 33 14 46 77 65 93 75 79 87 88 1 36 24 50 86 54 16 56 22 20 53 56 62 80 34 28 2 3 35 25 61 84 93 73 97 52 4 92 45 49 42 67 15 4 55 2 47 83 54 91 16 12 13 45 49 43 16 83 14 24 87 31 54 25
18 94 63 23 90 32 96 47 65 78 100 54 42 14 21 20 23 38 25 78 98 37 60 64 58 91 70 99 62 59 90 6 45 12 90 50 76 85 9 16 82 33 20 36 56 64 37 1 17 68 48 68 25 74 84 1 67 69 1 96 30 93 57 84 79 16 59 5 64 100 97 64 51
19 19 19 50 69 11 54 66 2 89 15 77 45 31 62 61 62 21 17 27 64 27 15 63 47 52 14 92 24 88 64 72 29 22 14 98 18 9 53 100 34 52 95 45 17 65 82 71 56 54 42 39 67 85 9 100 22 98 65 2 87 99 25 10 36 4 68 71 65 46 91 63 86
20 32 71 66 87 81 69 79 14 81 100 47 35 19 39 92 71 80 74 68 65 93 9 55 12 62 7 97 36 15 31 29 46 10 39 60 62 22 58 37 100 66 36 27 77 67 46 25 17 28 81 59 93 28 1 99 15 22 71 51 17 99 35 57 44 89 58 68 69 61 96 100 17
21 44 65 24 100 79 5 74 62 11 71 56 2 76 98 38 6 1 57 67 99 70 29 21 31 97 23 89 31 2 56 80 89 58 35 81 74 89 64 62 61 77 17 92 44 81 81 59 81 18 1 48 65 11 85 60 54 57 92 44 90 58 99 55 16 84 45 26 58 100 9 95 2
22 34 90 25 19 42 68 69 46 43 71 85 55 7 76 81 96 97 19 18 60 61 61 74 97 33 43 35 55 42 15 93 78 78 22 53 5 7 43 4 17 10 42 92 44 23 23 18 94 28 6 19 7 20 83 69 85 19 43 33 22 13 46 20 37 42 22 53 23 87 1 60 44
23 80 85 74 36 4 90 26 30 77 98 6 41 25 35 47 67 35 63 52 20 59 84 7 42 9 49 49 6 43 84 55 95 15 25 94 14 25 72 44 42 7 42 21 27 68 18 78 72 54 38 4 75 11 22 100 64 25 75 57 96 77 76 86 5 30 97 87 39 34 70 51 71
24 82 77 91 87 60 81 51 45 96 88 11 77 100 10 29 39 77 43 28 83 13 38 89 94 44 77 32 100 19 44 96 87 22 90 25 50 73 97 19 70 11 20 23 31 18 17 77 90 88 66 85 13 15 40 85 59 77 72 38 86 18 44 97 54 25 71 32 53 1 39 40 15
25 17 20 57 7 76 61 35 96 37 96 15 10 34 79 88 78 95 86 58 45 6 65 58 49 99 69 9 18 64 54 54 91 75 20 81 47 85 23 23 61 68 52 4 45 59 48 88 22 100 41 13 41 1 65 32 7 32 44 60 68 8 14 33 43 68 35 56 77 54 72 2 58
26 68 88 96 94 49 91 3 13 86 91 31 48 96 1 13 67 12 37 14 78 92 17 56 47 33 22 36 41 65 30 34 82 29 3 50 81 41 24 10 1 77 16 4 7 2 24 53 50 61 95 24 18 45 79 100 46 48 20 41 77 56 48 31 7 7 57 8 54 47 93 19 35
27 74 7 89 36 63 52 58 47 95 86 97 49 56 50 64 92 40 33 40 18 17 45 4 35 85 23 75 60 70 39 9 46 94 77 19 60 1 82 9 63 56 24 67 52 24 28 42 20 44 76 46 52 76 4 92 69 20 50 51 62 15 26 79 78 42 98 11 36 86 54 85 99
28 69 2 26 25 56 91 17 36 52 39 57 11 43 43 18 31 91 24 16 19 15 43 65 37 12 91 96 97 75 98 35 39 54 70 33 30 66 64 38 10 52 15 44 57 7 6 73 98 8 42 75 27 78 79 54 46 58 69 58 8 6 22 67 26 99 24 78 84 35 86 68 31
29 88 93 80 71 57 21 20 72 54 53 13 31 72 74 58 90 18 26 99 53 77 38 36 73 88 36 71 10 29 52 15 7 9 5 17 47 38 62 96 48 61 77 79 5 83 30 68 14 51 38 56 96 81 16 97 15 48 11 81 92 6 12 26 79 44 77 1 76 77 97 73 83
30 100 3 14 38 77 5 46 3 41 79 27 28 74 54 42 14 23 44 92 26 95 75 18 30 69 74 13 69 21 87 57 29 2 73 87 71 46 8 57 40 93 31 32 87 31 20 16 15 67 78 37 75 91 64 36 69 48 3 67 81 52 35 64 69 48 44 3 27 79 44 44 91
31 10 30 94 30 17 12 64 30 74 35 51 89 86 91 60 35 80 100 48 4 82 11 75 40 55 61 59 46 6 81 48 64 6 56 31 31 51 22 69 81 61 73 34 4 26 13 11 56 24 86 94 87 80 51 25 17 46 69 94 85 99 50 70 88 44 71 96 47 47 64 66 25
32 77 62 72 15 97 86 44 60 15 15 49 84 6 88 28 78 60 70 45 83 16 73 70 100 93 38 2 12 22 60 51 50 57 84 96 54 55 14 50 56 10 56 59 30 70 58 67 79 62 18 38 54 28 68 63 31 32 99 11 45 29 46 55 51 25 23 14 94 28 57 43 94
33 27 59 12 19 82 28 31 43 84 76 63 58 13 34 86 69 45 94 20 90 7 39 91 24 56 99 20 96 54 82 1 29 66 61 59 78 73 89 23 73 9 51 7 63 29 93 33 72 5 28 99 58 62 12 88 14 89 75 78 51 61 47 69 97 18 64 63 84 98 2 42 60
34 11 98 40 20 75 49 19 69 92 97 56 63 49 100 99 13 68 72 98 45 90 82 14 97 80 86 84 37 74 25 41 48 56 61 94 89 53 79 35 3 29 94 3 98 7 12 25 60 17 19 87 16 23 46 63 11 53 47 8 39 19 3 23 7 10 38 48 79 68 13 69 29
35 84 4 45 52 63 6 32 17 2 71 37 92 10 54 32 30 10 79 24 64 43 5 13 20 60 36 91 75 58 59 95 33 52 29 100 29 6 79 27 45 2 51 6 16 45 86 97 18 98 25 99 15 51 75 47 36 63 38 91 7 22 36 31 10 10 44 71 73 12 38 86 57
36 15 97 77 62 64 85 17 68 63 88 96 78 7 21 49 3 65 36 88 5 12 33 86 19 72 71 20 14 31 4 21 88 6 3 99 36 84 5 84 37 56 96 73 64 79 67 31 79 26 39 71 97 93 28 47 35 93 43 50 28 93 86 85 49 19 73 17 32 94 88 60 11
37 27 82 23 1 50 42 92 40 85 9 88 29 62 26 82 92 57 16 27 48 63 96 84 2 38 23 18 82 69 54 40 43 60 26 82 97 92 2 23 40 78 13 62 78 82 73 82 33 95 29 82 40 53 59 53 74 10 3 54 27 6 5 79 5 69 16 20 84 52 71 34 46
38 21 19 73 40 1 31 83 47 3 54 17 54 89 9 18 100 89 44 42 4 28 20 67 47 39 71 77 5 3 49 32 55 96 94 15 32 95 14 35 56 73 78 72 2 68 57 95 79 57 67 9 56 20 70 23 46 47 95 73 84 15 81 98 70 17 5 65 40 68 52 13 100
39 77 95 32 82 63 3 92 51 49 19 28 33 38 25 100 62 28 31 83 56 84 59 63 53 99 40 4 71 60 84 93 60 75 55 70 83 32 10 62 66 61 6 26 32 60 88 2 93 80 55 23 60 10 12 40 83 74 55 21 29 26 30 72 69 29 73 12 51 50 75 56 27
40 1 31 17 31 21 21 39 26 32 95 41 57 9 28 71 16 48 29 88 5 11 65 42 71 95 78 64 31 78 97 20 43 39 55 73 1 38 63 61 90 94 67 97 91 35 46 55 56 82 95 80 72 88 71 71 48 31 40 16 39 6 67 28 36 37 3 38 85 87 76 77 74
41 65 79 97 44 35 60 13 83 33 92 27 90 21 60 85 31 86 16 85 92 34 100 95 18 80 68 71 12 62 59 4 57 21 64 35 82 45 24 79 47 32 98 67 89 60 18 82 99 20 35 27 70 56 39 35 1 3 87 56 96 28 11 47 47 75 71 32 72 19 61 94 32
42 70 2 99 58 60 15 18 40 13 58 61 64 57 16 97 83 25 39 40 82 33 95 59 64 40 29 52 15 97 78 88 94 11 35 41 83 25 38 78 16 28 61 34 46 8 21 22 40 27 93 37 98 29 84 35 94 53 87 27 20 1 55 51 31 74 40 31 37 38 52 9 13
43 7 83 91 27 77 26 64 19 24 100 73 100 7 95 1 56 10 10 42 46 25 31 29 36 17 4 63 67 75 6 55 27 27 66 2 54 27 68 68 30 35 1 40 28 1 14 12 36 69 69 99 58 45 45 17 61 56 41 96 6 31 12 27 37 46 56 21 26 70 45 26 42
44 8 17 22 94 5 16 66 43 58 47 54 16 60 51 55 95 83 96 31 49 38 53 8 48 28 28 81 1 98 67 57 46 27 27 91 89 11 55 1 10 90 53 13 7 26 83 40 17 58 57 99 19 68 9 27 97 40 93 61 27 21 65 71 90 22 96 7 61 78 33 45 65
45 39 70 51 73 3 96 23 45 93 99 37 12 79 53 29 63 53 25 22 62 28 42 43 96 11 62 74 93 98 23 11 20 51 14 12 56 42 2 100 89 16 31 74 75 25 77 76 18 36 20 1 33 9 56 55 22 30 94 85 75 44 17 62 82 77 67 32 2 20 93 68 74
46 87 3 7 60 39 46 98 3 15 84 33 7 78 52 69 92 14 87 13 27 98 50 42 82 93 42 18 46 40 31 49 38 11 6 91 21 46 13 65 14 63 97 6 77 42 4 97 8 3 69 79 5 52 67 88 33 72 12 59 92 41 75 74 62 85 21 92 68 39 33 87 52
47 97 66 53 88 42 5 90 69 90 27 68 41 74 54 98 83 27 20 70 9 29 8 52 54 80 5 7 57 89 5 100 45 22 18 47 56 51 29 21 57 87 97 94 34 56 51 39 61 88 64 45 68 92 42 69 83 95 67 83 96 93 86 14 77 57 80 48 17 82 42 91 32
48 48 67 67 85 14 65 81 76 17 96 47 3 9 71 71 81 65 16 19 81 53 95 58 50 44 8 47 82 65 78 36 92 65 66 89 97 28 77 68 98 44 67 2 19 43 38 69 65 9 30 19 91 57 45 32 97 90 53 45 28 92 54 22 90 46 100 82 81 1 81 51 76
49 89 2 10 51 93 4 30 58 68 5 1 20 23 3 82 59 11 77 24 81 52 79 67 9 29 97 13 1 14 71 10 1 85 71 50 92 88 19 7 19 96 81 24 8 50 50 81 46 67 50 55 43 94 84 72 32 30 32 88 16 30 32 46 52 46 71 15 92 41 12 42 88
50 14 97 25 76 79 21 27 36 75 77 45 98 43 99 88 13 12 18 80 77 90 81 28 23 43 92 25 51 9 20 65 100 56 48 1 16 68 2 86 27 24 92 89 11 36 25 58 9 41 78 48 6 94 47 9 49 3 38 78 11 83 91 34 38 30 33 91 30 61 90 7 95
51 72 55 3 94 94 29 15 7 96 51 49 19 97 51 12 16 3 34 64 38 11 16 84 50 22 62 90 3 29 39 71 51 85 98 65 57 40 78 82 45 34 84 3 80 70 73 86 74 65 74 24 19 62 1 55 96 77 71 40 80 94 13 21 22 55 71 38 92 73 30 62 42
52 60 32 34 64 89 100 91 39 50 65 62 31 10 88 27 17 13 80 25 47 54 10 14 91 99 52 43 98 50 67 74 98 94 12 99 92 83 61 73 95 85 6 12 36 4 2 12 24 32 5 85 6 78 3 90 38 31 21 33 38 24 85 33 94 10 28 36 57 18 93 82 81
53 75 35 88 86 39 42 7 97 53 41 100 52 55 73 50 33 86 89 96 77 14 23 10 75 37 31 76 73 56 94 2 51 81 9 28 82 14 6 91 4 41 57 77 45 73 87 43 48 63 26 92 15 96 77 68 22 28 39 81 39 87 88 64 92 98 67 62 82 69 50 41 7
54 81 96 66 12 91 16 86 56 92 26 23 55 90 51 100 37 14 59 50 35 12 48 10 88 63 94 77 35 73 30 56 63 41 16 24 50 87 81 83 47 50 46 52 33 1 50 71 31 87 39 12 52 81 87 38 28 61 75 8 65 46 51 43 96 53 14 75 48 24 8 90 43
55 48 79 2 56 94 34 32 97 24 57 78 76 85 88 47 28 37 20 27 9 88 62 70 22 8 4 28 47 56 39 10 86 98 33 39 44 51 43 6 18 10 17 22 14 81 52 65 42 74 44 37 79 60 66 52 45 25 89 69 43 56 53 37 4 66 66 24 65 22 44 69 42
56 5 4 72 100 79 23 77 86 40 53 45 47 35 71 8 85 65 20 22 33 100 96 6 17 72 40 31 65 15 6 6 10 77 67 50 93 53 92 1 22 15 41 82 90 24 97 6 1 75 57 77 95 65 39 10 29 56 92 80 52 40 13 47 3 15 62 96 91 98 48 22 7
57 57 33 86 9 1 54 43 40 4 9 88 26 42 68 54 70 92 100 73 67 78 80 12 62 74 16 97 47 35 58 93 21 86 96 93 52 5 39 3 77 18 46 13 50 89 65 14 25 9 25 37 25 79 96 33 41 45 39 99 31 69 89 27 86 90 15 59 92 19 77 85 51
58 89 49 41 73 9 39 64 36 59 28 90 77 76 29 57 67 20 96 6 43 1 15 75 59 64 88 86 40 86 77 64 7 23 28 62 39 65 48 92 12 32 38 86 51 33 69 15 79 2 43 63 25 43 34 3 71 82 51 50 79 86 24 28 69 70 28 69 3 73 87 6 92
59 92 5 24 22 11 71 66 39 4 11 37 67 72 95 91 46 50 39 33 94 12 56 7 69 44 29 23 2 98 51 15 9 66 47 68 27 45 8 97 14 19 83 21 61 30 35 22 16 52 84 87 57 81 89 97 64 56 62 87 89 46 21 91 52 85 88 18 35 7 39 6 47
60 43 56 47 27 70 81 50 47 27 27 82 60 56 5 4 88 20 30 11 10 71 58 32 17 6 62 10 98 85 3 73 100 79 69 74 43 100 60 70 79 57 100 98 100 16 54 45 98 26 41 3 58 77 55 69 42 61 16 66 8 33 66 89 37 23 34 47 93 79 91 100 100
61 93 94 7 33 75 69 5 85 93 78 4 60 30 82 68 42 2 56 54 79 47 71 18 68 66 59 14 65 82 100 52 41 8 16 50 88 30 81 12 20 55 9 87 66 79 50 67 52 46 72 59 23 32 79 56 85 22 52 49 87 14 13 87 17 7 75 36 57 78 88 62 17
62 67 82 99 32 20 73 14 39 43 26 12 59 42 68 79 35 72 68 26 3 61 80 35 52 60 88 17 3 14 57 20 5 39 28 5 47 58 51 17 66 13 33 98 34 71 43 3 66 21 23 84 48 8 58 40 35 40 78 73 90 10 6 26 73 1 3 94 55 59 8 95 32
63 44 76 47 61 47 87 4 4 10 14 69 76 86 85 97 31 81 66 18 17 40 61 69 8 77 67 46 70 29 26 46 77 79 50 75 36 9 78 62 63 85 43 17 93 48 98 88 30 24 35 83 71 80 19 68 48 52 10 95 95 42 24 88 66 31 44 4 31 28 35 96 45
64 47 41 59 46 52 13 5 60 52 2 69 32 76 6 53 73 62 100 15 41 5 47 88 42 21 86 36 85 15 33 40 79 85 16 69 13 100 78 60 51 80 29 100 78 56 64 67 51 46 89 63 67 80 91 16 64 92 73 72 89 71 17 32 79 82 49 15 35 28 90 5 48
65 43 59 42 94 56 30 91 88 60 100 37 63 56 91 76 91 18 49 52 78 23 70 98 54 80 56 49 5 62 87 28 17 55 66 22 21 57 63 8 44 61 1 4 21 70 20 43 75 47 87 34 58 32 96 100 43 77 4 44 85 66 75 75 76 80 71 49 16 21 90 31 99
66 1 11 63 11 42 47 33 10 34 46 1 18 11 65 9 6 74 16 89 84 28 63 56 28 76 62 20 24 10 36 53 82 33 99 15 63 43 35 44 42 6 92 59 86 66 13 78 34 18 69 40 45 35 10 4 19 27 19 68 97 17 50 67 34 42 100 29 51 15 85 25 37
67 38 13 56 19 72 18 35 93 12 67 81 76 1 15 98 66 61 71 49 63 56 54 66 67 67 44 47 8 62 28 26 33 78 13 8 80 44 53 87 52 34 75 67 72 100 71 46 67 41 69 51 95 82 46 38 36 19 8 32 60 3 49 9 2 74 91 54 63 95 10 92 5
68 58 59 95 97 40 18 67 87 78 2 74 93 55 52 14 98 80 36 28 50 66 24 73 65 80 65 91 58 48 57 87 19 26 60 62 51 17 14 14 45 73 34 14 67 31 83 93 92 9 44 30 38 52 49 24 20 82 31 45 6 65 43 11 97 57 83 84 46 67 42 40 17
69 45 54 34 55 2 84 10 50 44 22 11 23 24 14 57 25 26 83 14 62 30 5 75 95 22 20 83 13 37 22 34 11 35 2 93 40 62 25 16 32 53 3 34 43 93 12 40 86 93 34 93 20 39 18 77 14 20 75 13 49 5 15 66 53 27 43 50 95 78 46 95 80
70 65 45 94 56 66 58 79 2 40 10 61 50 66 53 10 23 41 99 16 31 6 4 57 63 65 49 24 73 88 25 87 24 63 12 87 51 100 3 14 84 56 48 40 43 11 46 25 72 42 59 61 99 1 9 92 22 38 2 63 99 10 31 84 63 30 65 96 78 33 89 62 100
71 45 63 38 36 37 5 68 94 91 83 26 77 10 84 94 52 79 21 67 60 97 10 52 77 79 19 96 51 3 22 57 67 43 41 61 51 95 63 98 92 45 47 89 19 63 62 28 58 26 89 12 9 49 16 71 41 40 47 88 21 81 82 78 27 3 39 24 79 2 95 55 3
72 77 96 100 32 36 94 58 63 96 58 8 77 76 8 91 79 35 28 24 11 4 11 47 67 38 3 71 73 23 45 69 62 23 54 56 55 5 34 91 3 49 16 96 90 26 86 25 36 47 62 83 55 40 9 77 14 40 11 42 8 19 72 19 94 5 72 28 54 7 100 19 54
73 59 87 1 82 21 43 82 65 62 79 2 77 11 14 9 14 38 19 89 26 26 86 98 26 77 31 81 73 40 84 32 48 33 31 78 24 70 44 19 47 100 10 100 64 54 6 15 61 31 64 45 9 99 3 39 90 53 37 6 20 54 4 52 61 7 59 4 11 31 68 82 55
74 60 82 89 33 20 96 93 2 26 38 91 24 1 50 15 47 84 52 48 57 46 44 97 86 15 26 94 97 47 46 26 92 48 12 55 76 98 48 65 94 82 40 51 5 45 61 16 21 37 28 17 41 69 37 83 15 80 97 94 25 70 81 94 65 61 90 13 31 47 71 7 13
75 88 13 88 20 55 44 23 41 52 80 10 71 48 4 54 69 86 97 47 71 45 96 87 71 21 38 93 85 7 51 64 88 78 89 81 61 40 60 36 57 46 80 29 5 94 21 20 32 57 42 26 65 82 24 29 60 97 3 93 69 63 25 32 99 3 26 36 69 18 38 57 81
76 55 74 42 79 71 65 38 83 40 66 80 93 40 50 82 32 89 84 14 13 93 73 58 96 65 93 48 93 19 57 67 12 50 74 15 95 62 35 95 64 72 10 61 44 70 2 13 44 85 25 70 90 27 57 76 99 93 34 98 8 72 42 33 47 61 2 66 7 17 23 22 85
77 14 40 53 8 46 65 61 23 11 7 71 68 12 40 40 27 85 90 9 71 12 91 11 32 31 59 73 73 45 100 73 57 60 93 55 53 1 39 59 66 67 9 87 66 8 64 34 61 71 41 61 1 13 20 55 5 36 39 95 41 65 42 71 57 24 25 62 29 47 1 39 91
78 82 16 34 88 38 52 22 30 42 23 91 51 86 9 17 56 87 29 96 37 38 40 82 20 44 26 92 59 19 36 66 24 15 71 27 50 12 79 11 47 66 81 53 66 63 53 22 72 48 44 97 94 82 28 47 81 78 10 69 24 12 12 18 46 89 45 13 63 38 59 4 88
79 25 89 2 66 19 71 79 92 75 21 14 30 96 6 86 33 98 83 75 36 100 99 27 92 10 94 5 50 31 63 91 20 86 71 87 63 50 16 23 58 10 2 59 31 45 50 50 80 78 15 83 30 30 11 41 69 29 41 46 7 75 73 63 47 71 87 49 99 24 81 71 22
80 54 2 34 68 29 48 43 35 78 94 81 42 81 42 35 38 26 28 50 23 82 30 14 24 95 100 67 29 88 59 88 44 88 56 7 17 5 53 26 28 18 60 90 25 70 60 34 14 32 78 93 39 12 71 88 67 64 49 24 14 28 47 23 32 62 64 64 37 14 13 75 93
81 53 73 79 66 78 3 34 56 92 99 13 57 40 55 85 94 24 60 16 59 17 52 19 16 22 37 80 56 29 42 41 3 11 39 50 3 97 66 92 5 50 1 99 85 99 61 35 86 47 24 37 94 99 57 32 6 60 57 31 26 71 18 71 28 16 79 46 32 47 21 32 42
82 61 22 52 42 4 70 64 78 34 46 48 69 49 86 72 52 55 26 85 83 59 13 25 74 44 81 23 37 24 64 41 75 23 51 12 67 90 26 76 94 75 91 86 42 36 66 82 42 9 81 45 82 19 73 8 47 81 90 54 74 50 7 98 11 40 88 44 32 18 43 68 92
83 1 93 7 66 33 41 77 73 2 77 30 41 90 48 31 31 3 22 28 88 91 53 28 97 26 30 97 77 92 8 89 77 27 64 32 75 21 68 90 94 10 95 39 55 86 79 17 100 13 57 38 98 21 7 49 57 85 68 72 86 81 66 27 12 67 25 82 82 26 55 32 12
84 84 63 72 3 33 51 44 74 41 3 32 26 19 40 18 42 58 54 20 24 5 28 68 36 91 39 65 6 50 3 21 83 63 82 99 37 61 94 6 51 17 81 17 34 53 1 57 91 59 83 57 54 65 17 15 45 48 60 69 16 16 35 96 15 96 36 10 3 61 31 95 43
85 14 52 39 73 7 86 69 4 89 5 34 100 18 53 10 21 36 6 23 40 56 87 70 68 85 79 42 35 86 4 25 59 26 79 88 8 71 71 9 97 47 98 84 89 93 6 74 25 24 59 91 74 59 1 71 76 20 50 34 32 45 90 5 23 15 49 36 30 51 46 18 75
86 62 72 96 97 43 85 1 85 97 16 75 93 20 79 19 20 20 38 36 52 11 84 15 85 1 5 58 32 69 28 49 62 71 62 37 75 17 60 28 87 87 79 35 89 5 16 76 95 71 8 66 28 55 56 13 45 65 58 90 48 14 96 98 6 27 40 30 87 44 30 99 86
87 7 60 85 34 39 36 76 75 58 43 25 74 73 90 82 2 35 16 51 69 76 75 90 48 40 87 82 90 63 32 17 17 96 47 8 14 42 75 5 55 57 55 48 74 37 91 96 65 91 56 91 80 27 2 49 50 81 54 20 55 64 98 22 94 22 34 27 38 17 99 100 55
88 5 80 78 100 84 48 62 83 59 45 71 2 55 23 50 74 70 22 43 57 81 56 60 65 33 98 60 12 50 80 65 93 33 72 23 78 55 88 76 66 4 21 19 42 87 35 13 72 91 15 31 6 37 99 92 16 39 18 28 70 87 93 19 66 65 45 32 18 79 20 92 10
89 31 96 74 38 40 42 37 96 81 46 9 53 4 43 67 100 31 77 69 48 69 74 62 49 6 60 38 2 42 42 7 39 89 11 35 50 37 56 22 22 45 21 73 70 17 16 23 1 93 13 33 15 34 39 71 45 75 17 59 53 59 57 43 16 74 22 16 43 73 57 84 34
90 74 97 40 51 1 90 68 58 27 40 41 51 94 48 31 64 38 43 41 59 16 74 100 41 22 85 46 18 92 50 46 95 67 26 18 72 54 84 10 70 87 81 45 52 43 80 98 93 33 47 81 36 55 94 3 60 53 80 32 6 21 95 50 17 39 61 71 17 72 26 28 59
91 83 89 94 50 1 1 52 97 11 2 52 27 84 49 27 45 86 77 87 71 42 31 11 100 34 72 65 29 12 93 17 62 35 35 14 95 21 67 4 70 21 74 81 73 45 27 71 4 66 40 41 22 24 97 77 86 27 51 91 100 39 77 100 24 3 70 56 23 79 74 14 55
92 4 10 29 89 76 12 17 80 67 11 7 71 8 53 11 57 47 76 58 70 36 22 28 69 91 78 51 57 15 94 57 97 13 92 72 89 44 80 2 75 27 89 11 73 39 79 74 43 92 24 19 55 2 90 50 99 60 23 24 32 42 32 3 26 38 71 9 28 99 95 2 62
93 34 60 17 51 69 90 87 20 58 61 81 13 43 48 25 48 6 73 36 98 17 63 27 49 89 77 91 73 31 45 3 64 81 29 96 23 56 16 76 78 88 85 91 9 7 18 45 34 68 10 100 66 69 28 6 29 20 66 94 3 2 46 89 95 86 32 5 11 23 7 19 75
94 20 28 62 13 37 96 13 95 93 10 61 56 62 41 40 35 61 20 70 6 54 97 88 35 86 86 39 42 47 13 62 38 25 90 64 58 22 93 73 27 68 87 81 99 100 37 49 11 74 50 1 21 14 83 63 99 58 72 52 84 21 38 56 4 96 60 100 25 20 64 64 28
95 81 15 51 3 40 84 80 42 30 26 81 35 91 68 4 91 37 58 13 95 78 50 77 13 23 88 31 23 96 85 15 9 19 55 53 50 31 88 13 37 55 38 50 30 83 74 37 22 36 88 46 22 14 6 78 68 93 36 48 37 28 21 42 10 44 88 20 79 56 6 93 82
96 26 44 41 43 51 85 31 23 46 23 18 64 80 69 9 28 26 60 43 69 26 89 79 91 97 58 64 7 56 7 6 53 35 19 34 44 50 67 69 14 88 16 52 85 64 27 98 32 79 86 96 64 2 40 45 12 3 71 21 8 44 52 60 91 84 5 45 77 92 17 69 30
97 92 89 70 74 15 7 79 46 13 96 33 23 80 5 21 84 12 17 84 63 29 77 95 56 17 80 73 15 9 89 49 53 13 24 79 92 67 93 44 66 63 55 98 41 57 86 57 5 16 52 17 27 21 17 45 77 83 44 33 86 19 85 5 95 33 8 68 70 39 98 17 24
98 98 34 34 4 68 52 89 36 15 61 21 80 49 41 81 76 27 93 39 37 40 81 35 81 100 31 33 53 67 63 4 50 26 68 26 17 35 82 97 56 95 93 29 13 76 81 70 6 37 84 15 10 77 63 98 77 73 68 11 90 71 73 99 51 60 48 91 58 25 16 84 23
99 57 51 78 33 48 35 73 49 70 84 79 46 5 100 84 59 99 76 73 35 41 42 98 42 40 50 4 85 81 34 20 62 99 31 59 14 35 85 42 19 30 5 67 75 88 94 51 99 71 91 63 83 47 73 91 54 90 16 55 17 11 86 99 99 13 70 36 61 21 77 58 33
