10 100
2482.0 2205.5 2319.0 2704.0 2365.0 2633.0 2566.5 2424.5 2449.0 2813.0
0 63 42 58 63 52 90 58 49 82 30 61 98 63 11 75 77 27 61 54 69 13 13 13 13 13 13 13 13 13 41 41 41 41 41 41 41 41 41 56 56 56 56 56 56 56 56 56 64 64 64 64 64 64 64 64 64 66 66 66 66 66 66 66 66 66 67 67 67 67 67 67 67 67 67 25 25 25 25 25 25 25 25 25 21 21 21 21 21 21 21 21 21 14 14 14 14 14 14 14 14 14 89 89 89 89 89 89 89 89 89
1 66 41 100 35 9 51 41 16 29 51 78 42 28 67 11 8 97 97 14 66 13 13 13 13 13 13 13 13 13 41 41 41 41 41 41 41 41 41 56 56 56 56 56 56 56 56 56 64 64 64 64 64 64 64 64 64 66 66 66 66 66 66 66 66 66 67 67 67 67 67 67 67 67 67 25 25 25 25 25 25 25 25 25 21 21 21 21 21 21 21 21 21 14 14 14 14 14 14 14 14 14 89 89 89 89 89 89 89 89 89
2 31 1 11 41 75 21 99 45 12 93 50 49 28 59 18 83 55 33 3 70 13 13 13 13 13 13 13 13 13 41 41 41 41 41 41 41 41 41 56 56 56 56 56 56 56 56 56 64 64 64 64 64 64 64 64 64 66 66 66 66 66 66 66 66 66 67 67 67 67 67 67 67 67 67 25 25 25 25 25 25 25 25 25 21 21 21 21 21 21 21 21 21 14 14 14 14 14 14 14 14 14 89 89 89 89 89 89 89 89 89
3 1 29 27 83 92 79 63 9 50 68 17 67 55 68 39 46 28 80 92 26 13 13 13 13 13 13 13 13 13 41 41 41 41 41 41 41 41 41 56 56 56 56 56 56 56 56 56 64 64 64 64 64 64 64 64 64 66 66 66 66 66 66 66 66 66 67 67 67 67 67 67 67 67 67 25 25 25 25 25 25 25 25 25 21 21 21 21 21 21 21 21 21 14 14 14 14 14 14 14 14 14 89 89 89 89 89 89 89 89 89
4 53 4 42 17 15 22 83 51 9 27 45 18 35 46 75 29 76 7 55 91 13 13 13 13 13 13 13 13 13 41 41 41 41 41 41 41 41 41 56 56 56 56 56 56 56 56 56 64 64 64 64 64 64 64 64 64 66 66 66 66 66 66 66 66 66 67 67 67 67 67 67 67 67 67 25 25 25 25 25 25 25 25 25 21 21 21 21 21 21 21 21 21 14 14 14 14 14 14 14 14 14 89 89 89 89 89 89 89 89 89
5 52 67 19 4 52 33 7 10 62 28 75 66 54 84 17 77 81 99 30 76 13 13 13 13 13 13 13 13 13 41 41 41 41 41 41 41 41 41 56 56 56 56 56 56 56 56 56 64 64 64 64 64 64 64 64 64 66 66 66 66 66 66 66 66 66 67 67 67 67 67 67 67 67 67 25 25 25 25 25 25 25 25 25 21 21 21 21 21 21 21 21 21 14 14 14 14 14 14 14 14 14 89 89 89 89 89 89 89 89 89
6 63 43 16 48 64 19 23 15 4 57 89 30 27 40 35 10 99 90 11 96 13 13 13 13 13 13 13 13 13 41 41 41 41 41 41 41 41 41 56 56 56 56 56 56 56 56 56 64 64 64 64 64 64 64 64 64 66 66 66 66 66 66 66 66 66 67 67 67 67 67 67 67 67 67 25 25 25 25 25 25 25 25 25 21 21 21 21 21 21 21 21 21 14 14 14 14 14 14 14 14 14 89 89 89 89 89 89 89 89 89
7 72 50 5 30 96 76 85 44 22 68 76 4 80 18 3 35 8 5 43 66 13 13 13 13 13 13 13 13 13 41 41 41 41 41 41 41 41 41 56 56 56 56 56 56 56 56 56 64 64 64 64 64 64 64 64 64 66 66 66 66 66 66 66 66 66 67 67 67 67 67 67 67 67 67 25 25 25 25 25 25 25 25 25 21 21 21 21 21 21 21 21 21 14 14 14 14 14 14 14 14 14 89 89 89 89 89 89 89 89 89
8 2 99 72 77 57 60 1 71 6 79 16 4 88 6 73 60 27 68 23 63 13 13 13 13 13 13 13 13 13 41 41 41 41 41 41 41 41 41 56 56 56 56 56 56 56 56 56 64 64 64 64 64 64 64 64 64 66 66 66 66 66 66 66 66 66 67 67 67 67 67 67 67 67 67 25 25 25 25 25 25 25 25 25 21 21 21 21 21 21 21 21 21 14 14 14 14 14 14 14 14 14 89 89 89 89 89 89 89 89 89
9 8 19 60 60 2 8 18 30 39 31 42 89 84 15 80 68 57 13 92 13 13 13 13 13 13 13 13 13 13 41 41 41 41 41 41 41 41 41 56 56 56 56 56 56 56 56 56 64 64 64 64 64 64 64 64 64 66 66 66 66 66 66 66 66 66 67 67 67 67 67 67 67 67 67 25 25 25 25 25 25 25 25 25 21 21 21 21 21 21 21 21 21 14 14 14 14 14 14 14 14 14 89 89 89 89 89 89 89 89 89
10 2 11 28 1 76 63 79 13 5 37 16 43 18 56 28 32 29 3 1 41 13 13 13 13 13 13 13 13 13 41 41 41 41 41 41 41 41 41 56 56 56 56 56 56 56 56 56 64 64 64 64 64 64 64 64 64 66 66 66 66 66 66 66 66 66 67 67 67 67 67 67 67 67 67 25 25 25 25 25 25 25 25 25 21 21 21 21 21 21 21 21 21 14 14 14 14 14 14 14 14 14 89 89 89 89 89 89 89 89 89
11 39 87 64 28 22 98 40 39 57 42 58 54 7 83 39 47 3 49 88 85 13 13 13 13 13 13 13 13 13 41 41 41 41 41 41 41 41 41 56 56 56 56 56 56 56 56 56 64 64 64 64 64 64 64 64 64 66 66 66 66 66 66 66 66 66 67 67 67 67 67 67 67 67 67 25 25 25 25 25 25 25 25 25 21 21 21 21 21 21 21 21 21 14 14 14 14 14 14 14 14 14 89 89 89 89 89 89 89 89 89
12 74 81 92 23 25 50 64 27 47 76 88 24 59 30 41 89 33 97 39 31 13 13 13 13 13 13 13 13 13 41 41 41 41 41 41 41 41 41 56 56 56 56 56 56 56 56 56 64 64 64 64 64 64 64 64 64 66 66 66 66 66 66 66 66 66 67 67 67 67 67 67 67 67 67 25 25 25 25 25 25 25 25 25 21 21 21 21 21 21 21 21 21 14 14 14 14 14 14 14 14 14 89 89 89 89 89 89 89 89 89
13 82 65 96 61 60 16 71 97 83 95 100 25 73 34 35 7 10 87 96 27 13 13 13 13 13 13 13 13 13 41 41 41 41 41 41 41 41 41 56 56 56 56 56 56 56 56 56 64 64 64 64 64 64 64 64 64 66 66 66 66 66 66 66 66 66 67 67 67 67 67 67 67 67 67 25 25 25 25 25 25 25 25 25 21 21 21 21 21 21 21 21 21 14 14 14 14 14 14 14 14 14 89 89 89 89 89 89 89 89 89
14 83 77 52 64 50 12 42 93 44 29 12 58 81 36 5 51 37 23 35 99 13 13 13 13 13 13 13 13 13 41 41 41 41 41 41 41 41 41 56 56 56 56 56 56 56 56 56 64 64 64 64 64 64 64 64 64 66 66 66 66 66 66 66 66 66 67 67 67 67 67 67 67 67 67 25 25 25 25 25 25 25 25 25 21 21 21 21 21 21 21 21 21 14 14 14 14 14 14 14 14 14 89 89 89 89 89 89 89 89 89
15 65 64 92 38 23 36 8 67 57 26 20 67 42 95 19 18 76 73 24 14 13 13 13 13 13 13 13 13 13 41 41 41 41 41 41 41 41 41 56 56 56 56 56 56 56 56 56 64 64 64 64 64 64 64 64 64 66 66 66 66 66 66 66 66 66 67 67 67 67 67 67 67 67 67 25 25 25 25 25 25 25 25 25 21 21 21 21 21 21 21 21 21 14 14 14 14 14 14 14 14 14 89 89 89 89 89 89 89 89 89
16 37 25 13 8 46 4 14 41 32 14 41 4 64 38 26 37 62 22 36 52 13 13 13 13 13 13 13 13 13 41 41 41 41 41 41 41 41 41 56 56 56 56 56 56 56 56 56 64 64 64 64 64 64 64 64 64 66 66 66 66 66 66 66 66 66 67 67 67 67 67 67 67 67 67 25 25 25 25 25 25 25 25 25 21 21 21 21 21 21 21 21 21 14 14 14 14 14 14 14 14 14 89 89 89 89 89 89 89 89 89
17 69 75 81 39 24 74 86 28 13 40 77 1 29 97 19 80 72 53 57 49 13 13 13 13 13 13 13 13 13 41 41 41 41 41 41 41 41 41 56 56 56 56 56 56 56 56 56 64 64 64 64 64 64 64 64 64 66 66 66 66 66 66 66 66 66 67 67 67 67 67 67 67 67 67 25 25 25 25 25 25 25 25 25 21 21 21 21 21 21 21 21 21 14 14 14 14 14 14 14 14 14 89 89 89 89 89 89 89 89 89
18 70 83 76 27 100 7 27 55 86 55 12 77 47 80 76 40 13 85 56 71 13 13 13 13 13 13 13 13 13 41 41 41 41 41 41 41 41 41 56 56 56 56 56 56 56 56 56 64 64 64 64 64 64 64 64 64 66 66 66 66 66 66 66 66 66 67 67 67 67 67 67 67 67 67 25 25 25 25 25 25 25 25 25 21 21 21 21 21 21 21 21 21 14 14 14 14 14 14 14 14 14 89 89 89 89 89 89 89 89 89
19 35 32 59 46 20 45 90 13 67 48 63 1 30 26 44 62 77 100 3 65 13 13 13 13 13 13 13 13 13 41 41 41 41 41 41 41 41 41 56 56 56 56 56 56 56 56 56 64 64 64 64 64 64 64 64 64 66 66 66 66 66 66 66 66 66 67 67 67 67 67 67 67 67 67 25 25 25 25 25 25 25 25 25 21 21 21 21 21 21 21 21 21 14 14 14 14 14 14 14 14 14 89 89 89 89 89 89 89 89 89
20 3 54 55 40 67 11 28 32 86 97 6 33 73 75 24 1 69 98 45 93 13 13 13 13 13 13 13 13 13 41 41 41 41 41 41 41 41 41 56 56 56 56 56 56 56 56 56 64 64 64 64 64 64 64 64 64 66 66 66 66 66 66 66 66 66 67 67 67 67 67 67 67 67 67 25 25 25 25 25 25 25 25 25 21 21 21 21 21 21 21 21 21 14 14 14 14 14 14 14 14 14 89 89 89 89 89 89 89 89 89
21 13 4 89 74 94 25 2 94 46 3 49 100 66 27 47 95 9 30 75 47 13 13 13 13 13 13 13 13 13 41 41 41 41 41 41 41 41 41 56 56 56 56 56 56 56 56 56 64 64 64 64 64 64 64 64 64 66 66 66 66 66 66 66 66 66 67 67 67 67 67 67 67 67 67 25 25 25 25 25 25 25 25 25 21 21 21 21 21 21 21 21 21 14 14 14 14 14 14 14 14 14 89 89 89 89 89 89 89 89 89
22 41 56 48 2 39 67 51 64 33 99 33 86 2 38 96 66 94 3 85 64 13 13 13 13 13 13 13 13 13 41 41 41 41 41 41 41 41 41 56 56 56 56 56 56 56 56 56 64 64 64 64 64 64 64 64 64 66 66 66 66 66 66 66 66 66 67 67 67 67 67 67 67 67 67 25 25 25 25 25 25 25 25 25 21 21 21 21 21 21 21 21 21 14 14 14 14 14 14 14 14 14 89 89 89 89 89 89 89 89 89
23 4 47 88 8 94 84 76 69 31 14 79 53 36 46 36 72 45 92 21 84 13 13 13 13 13 13 13 13 13 41 41 41 41 41 41 41 41 41 56 56 56 56 56 56 56 56 56 64 64 64 64 64 64 64 64 64 66 66 66 66 66 66 66 66 66 67 67 67 67 67 67 67 67 67 25 25 25 25 25 25 25 25 25 21 21 21 21 21 21 21 21 21 14 14 14 14 14 14 14 14 14 89 89 89 89 89 89 89 89 89
24 38 55 42 86 10 17 49 78 93 75 46 78 72 20 96 5 74 25 44 24 13 13 13 13 13 13 13 13 13 41 41 41 41 41 41 41 41 41 56 56 56 56 56 56 56 56 56 64 64 64 64 64 64 64 64 64 66 66 66 66 66 66 66 66 66 67 67 67 67 67 67 67 67 67 25 25 25 25 25 25 25 25 25 21 21 21 21 21 21 21 21 21 14 14 14 14 14 14 14 14 14 89 89 89 89 89 89 89 89 89
25 100 45 7 98 100 50 30 55 44 31 18 69 99 33 5 15 46 6 77 27 13 13 13 13 13 13 13 13 13 41 41 41 41 41 41 41 41 41 56 56 56 56 56 56 56 56 56 64 64 64 64 64 64 64 64 64 66 66 66 66 66 66 66 66 66 67 67 67 67 67 67 67 67 67 25 25 25 25 25 25 25 25 25 21 21 21 21 21 21 21 21 21 14 14 14 14 14 14 14 14 14 89 89 89 89 89 89 89 89 89
26 76 63 100 42 95 24 45 72 30 9 86 6 30 95 17 87 29 1 55 54 13 13 13 13 13 13 13 13 13 41 41 41 41 41 41 41 41 41 56 56 56 56 56 56 56 56 56 64 64 64 64 64 64 64 64 64 66 66 66 66 66 66 66 66 66 67 67 67 67 67 67 67 67 67 25 25 25 25 25 25 25 25 25 21 21 21 21 21 21 21 21 21 14 14 14 14 14 14 14 14 14 89 89 89 89 89 89 89 89 89
27 76 42 16 27 47 63 46 97 85 51 28 89 87 94 3 70 79 43 77 52 13 13 13 13 13 13 13 13 13 41 41 41 41 41 41 41 41 41 56 56 56 56 56 56 56 56 56 64 64 64 64 64 64 64 64 64 66 66 66 66 66 66 66 66 66 67 67 67 67 67 67 67 67 67 25 25 25 25 25 25 25 25 25 21 21 21 21 21 21 21 21 21 14 14 14 14 14 14 14 14 14 89 89 89 89 89 89 89 89 89
28 38 60 24 72 8 30 100 78 49 57 20 92 69 43 66 69 18 22 55 70 13 13 13 13 13 13 13 13 13 41 41 41 41 41 41 41 41 41 56 56 56 56 56 56 56 56 56 64 64 64 64 64 64 64 64 64 66 66 66 66 66 66 66 66 66 67 67 67 67 67 67 67 67 67 25 25 25 25 25 25 25 25 25 21 21 21 21 21 21 21 21 21 14 14 14 14 14 14 14 14 14 89 89 89 89 89 89 89 89 89
29 63 43 48 96 75 43 97 56 52 62 62 48 82 80 59 81 29 56 80 32 13 13 13 13 13 13 13 13 13 41 41 41 41 41 41 41 41 41 56 56 56 56 56 56 56 56 56 64 64 64 64 64 64 64 64 64 66 66 66 66 66 66 66 66 66 67 67 67 67 67 67 67 67 67 25 25 25 25 25 25 25 25 25 21 21 21 21 21 21 21 21 21 14 14 14 14 14 14 14 14 14 89 89 89 89 89 89 89 89 89
30 98 89 87 22 95 38 51 50 84 52 36 29 78 47 67 42 96 71 7 36 13 13 13 13 13 13 13 13 13 41 41 41 41 41 41 41 41 41 56 56 56 56 56 56 56 56 56 64 64 64 64 64 64 64 64 64 66 66 66 66 66 66 66 66 66 67 67 67 67 67 67 67 67 67 25 25 25 25 25 25 25 25 25 21 21 21 21 21 21 21 21 21 14 14 14 14 14 14 14 14 14 89 89 89 89 89 89 89 89 89
31 14 60 74 7 66 49 89 50 41 73 85 20 27 57 10 17 58 27 36 97 13 13 13 13 13 13 13 13 13 41 41 41 41 41 41 41 41 41 56 56 56 56 56 56 56 56 56 64 64 64 64 64 64 64 64 64 66 66 66 66 66 66 66 66 66 67 67 67 67 67 67 67 67 67 25 25 25 25 25 25 25 25 25 21 21 21 21 21 21 21 21 21 14 14 14 14 14 14 14 14 14 89 89 89 89 89 89 89 89 89
32 19 75 73 30 77 16 29 90 42 42 65 9 75 7 89 83 69 40 68 44 13 13 13 13 13 13 13 13 13 41 41 41 41 41 41 41 41 41 56 56 56 56 56 56 56 56 56 64 64 64 64 64 64 64 64 64 66 66 66 66 66 66 66 66 66 67 67 67 67 67 67 67 67 67 25 25 25 25 25 25 25 25 25 21 21 21 21 21 21 21 21 21 14 14 14 14 14 14 14 14 14 89 89 89 89 89 89 89 89 89
33 6 17 49 54 59 47 12 13 33 13 93 92 69 43 19 48 67 43 17 2 13 13 13 13 13 13 13 13 13 41 41 41 41 41 41 41 41 41 56 56 56 56 56 56 56 56 56 64 64 64 64 64 64 64 64 64 66 66 66 66 66 66 66 66 66 67 67 67 67 67 67 67 67 67 25 25 25 25 25 25 25 25 25 21 21 21 21 21 21 21 21 21 14 14 14 14 14 14 14 14 14 89 89 89 89 89 89 89 89 89
34 42 66 35 18 96 20 76 92 31 41 36 54 17 2 63 63 18 60 81 85 13 13 13 13 13 13 13 13 13 41 41 41 41 41 41 41 41 41 56 56 56 56 56 56 56 56 56 64 64 64 64 64 64 64 64 64 66 66 66 66 66 66 66 66 66 67 67 67 67 67 67 67 67 67 25 25 25 25 25 25 25 25 25 21 21 21 21 21 21 21 21 21 14 14 14 14 14 14 14 14 14 89 89 89 89 89 89 89 89 89
35 58 2 9 52 23 66 99 48 77 58 77 47 15 69 71 35 57 74 91 41 13 13 13 13 13 13 13 13 13 41 41 41 41 41 41 41 41 41 56 56 56 56 56 56 56 56 56 64 64 64 64 64 64 64 64 64 66 66 66 66 66 66 66 66 66 67 67 67 67 67 67 67 67 67 25 25 25 25 25 25 25 25 25 21 21 21 21 21 21 21 21 21 14 14 14 14 14 14 14 14 14 89 89 89 89 89 89 89 89 89
36 48 65 33 19 49 89 46 46 70 99 28 72 24 95 25 33 15 52 80 87 13 13 13 13 13 13 13 13 13 41 41 41 41 41 41 41 41 41 56 56 56 56 56 56 56 56 56 64 64 64 64 64 64 64 64 64 66 66 66 66 66 66 66 66 66 67 67 67 67 67 67 67 67 67 25 25 25 25 25 25 25 25 25 21 21 21 21 21 21 21 21 21 14 14 14 14 14 14 14 14 14 89 89 89 89 89 89 89 89 89
37 95 74 91 23 42 89 23 67 54 11 59 42 52 96 85 64 73 21 58 42 13 13 13 13 13 13 13 13 13 41 41 41 41 41 41 41 41 41 56 56 56 56 56 56 56 56 56 64 64 64 64 64 64 64 64 64 66 66 66 66 66 66 66 66 66 67 67 67 67 67 67 67 67 67 25 25 25 25 25 25 25 25 25 21 21 21 21 21 21 21 21 21 14 14 14 14 14 14 14 14 14 89 89 89 89 89 89 89 89 89
38 46 58 44 81 74 37 94 48 62 94 5 5 71 1 76 29 28 58 56 67 13 13 13 13 13 13 13 13 13 41 41 41 41 41 41 41 41 41 56 56 56 56 56 56 56 56 56 64 64 64 64 64 64 64 64 64 66 66 66 66 66 66 66 66 66 67 67 67 67 67 67 67 67 67 25 25 25 25 25 25 25 25 25 21 21 21 21 21 21 21 21 21 14 14 14 14 14 14 14 14 14 89 89 89 89 89 89 89 89 89
39 75 78 61 82 94 16 56 94 14 16 32 86 60 52 51 81 53 44 7 82 13 13 13 13 13 13 13 13 13 41 41 41 41 41 41 41 41 41 56 56 56 56 56 56 56 56 56 64 64 64 64 64 64 64 64 64 66 66 66 66 66 66 66 66 66 67 67 67 67 67 67 67 67 67 25 25 25 25 25 25 25 25 25 21 21 21 21 21 21 21 21 21 14 14 14 14 14 14 14 14 14 89 89 89 89 89 89 89 89 89
40 78 83 99 52 66 66 25 15 74 70 35 34 17 49 34 48 60 80 87 86 13 13 13 13 13 13 13 13 13 41 41 41 41 41 41 41 41 41 56 56 56 56 56 56 56 56 56 64 64 64 64 64 64 64 64 64 66 66 66 66 66 66 66 66 66 67 67 67 67 67 67 67 67 67 25 25 25 25 25 25 25 25 25 21 21 21 21 21 21 21 21 21 14 14 14 14 14 14 14 14 14 89 89 89 89 89 89 89 89 89
41 73 29 53 39 18 6 96 51 78 7 58 97 73 78 9 10 5 18 51 97 13 13 13 13 13 13 13 13 13 41 41 41 41 41 41 41 41 41 56 56 56 56 56 56 56 56 56 64 64 64 64 64 64 64 64 64 66 66 66 66 66 66 66 66 66 67 67 67 67 67 67 67 67 67 25 25 25 25 25 25 25 25 25 21 21 21 21 21 21 21 21 21 14 14 14 14 14 14 14 14 14 89 89 89 89 89 89 89 89 89
42 98 39 72 60 53 24 7 71 69 83 23 52 8 54 70 90 41 51 29 59 13 13 13 13 13 13 13 13 13 41 41 41 41 41 41 41 41 41 56 56 56 56 56 56 56 56 56 64 64 64 64 64 64 64 64 64 66 66 66 66 66 66 66 66 66 67 67 67 67 67 67 67 67 67 25 25 25 25 25 25 25 25 25 21 21 21 21 21 21 21 21 21 14 14 14 14 14 14 14 14 14 89 89 89 89 89 89 89 89 89
43 42 18 52 74 74 54 14 89 100 7 21 74 10 46 23 9 19 31 15 15 13 13 13 13 13 13 13 13 13 41 41 41 41 41 41 41 41 41 56 56 56 56 56 56 56 56 56 64 64 64 64 64 64 64 64 64 66 66 66 66 66 66 66 66 66 67 67 67 67 67 67 67 67 67 25 25 25 25 25 25 25 25 25 21 21 21 21 21 21 21 21 21 14 14 14 14 14 14 14 14 14 89 89 89 89 89 89 89 89 89
44 76 23 73 37 41 5 79 22 74 100 42 99 78 23 20 52 86 74 30 87 13 13 13 13 13 13 13 13 13 41 41 41 41 41 41 41 41 41 56 56 56 56 56 56 56 56 56 64 64 64 64 64 64 64 64 64 66 66 66 66 66 66 66 66 66 67 67 67 67 67 67 67 67 67 25 25 25 25 25 25 25 25 25 21 21 21 21 21 21 21 21 21 14 14 14 14 14 14 14 14 14 89 89 89 89 89 89 89 89 89
45 90 27 81 37 52 79 36 86 61 58 2 86 1 11 21 28 5 10 68 67 13 13 13 13 13 13 13 13 13 41 41 41 41 41 41 41 41 41 56 56 56 56 56 56 56 56 56 64 64 64 64 64 64 64 64 64 66 66 66 66 66 66 66 66 66 67 67 67 67 67 67 67 67 67 25 25 25 25 25 25 25 25 25 21 21 21 21 21 21 21 21 21 14 14 14 14 14 14 14 14 14 89 89 89 89 89 89 89 89 89
46 12 27 8 75 33 6 26 44 32 85 56 43 81 96 91 48 97 6 63 72 13 13 13 13 13 13 13 13 13 41 41 41 41 41 41 41 41 41 56 56 56 56 56 56 56 56 56 64 64 64 64 64 64 64 64 64 66 66 66 66 66 66 66 66 66 67 67 67 67 67 67 67 67 67 25 25 25 25 25 25 25 25 25 21 21 21 21 21 21 21 21 21 14 14 14 14 14 14 14 14 14 89 89 89 89 89 89 89 89 89
47 71 97 27 69 14 5 53 35 42 11 96 100 36 89 79 75 73 41 58 55 13 13 13 13 13 13 13 13 13 41 41 41 41 41 41 41 41 41 56 56 56 56 56 56 56 56 56 64 64 64 64 64 64 64 64 64 66 66 66 66 66 66 66 66 66 67 67 67 67 67 67 67 67 67 25 25 25 25 25 25 25 25 25 21 21 21 21 21 21 21 21 21 14 14 14 14 14 14 14 14 14 89 89 89 89 89 89 89 89 89
48 22 37 39 46 56 98 35 60 17 19 96 74 3 61 62 8 85 55 10 19 13 13 13 13 13 13 13 13 13 41 41 41 41 41 41 41 41 41 56 56 56 56 56 56 56 56 56 64 64 64 64 64 64 64 64 64 66 66 66 66 66 66 66 66 66 67 67 67 67 67 67 67 67 67 25 25 25 25 25 25 25 25 25 21 21 21 21 21 21 21 21 21 14 14 14 14 14 14 14 14 14 89 89 89 89 89 89 89 89 89
49 56 82 77 3 41 89 82 26 91 74 50 50 89 76 17 32 20 44 63 61 13 13 13 13 13 13 13 13 13 41 41 41 41 41 41 41 41 41 56 56 56 56 56 56 56 56 56 64 64 64 64 64 64 64 64 64 66 66 66 66 66 66 66 66 66 67 67 67 67 67 67 67 67 67 25 25 25 25 25 25 25 25 25 21 21 21 21 21 21 21 21 21 14 14 14 14 14 14 14 14 14 89 89 89 89 89 89 89 89 89
50 43 80 43 64 15 66 25 40 28 33 58 5 38 48 22 92 55 64 67 99 13 13 13 13 13 13 13 13 13 41 41 41 41 41 41 41 41 41 56 56 56 56 56 56 56 56 56 64 64 64 64 64 64 64 64 64 66 66 66 66 66 66 66 66 66 67 67 67 67 67 67 67 67 67 25 25 25 25 25 25 25 25 25 21 21 21 21 21 21 21 21 21 14 14 14 14 14 14 14 14 14 89 89 89 89 89 89 89 89 89
51 38 15 14 27 32 76 72 71 33 23 2 95 68 71 39 73 83 5 42 44 13 13 13 13 13 13 13 13 13 41 41 41 41 41 41 41 41 41 56 56 56 56 56 56 56 56 56 64 64 64 64 64 64 64 64 64 66 66 66 66 66 66 66 66 66 67 67 67 67 67 67 67 67 67 25 25 25 25 25 25 25 25 25 21 21 21 21 21 21 21 21 21 14 14 14 14 14 14 14 14 14 89 89 89 89 89 89 89 89 89
52 50 3 65 89 65 52 15 52 55 14 81 38 98 96 26 55 59 41 27 48 13 13 13 13 13 13 13 13 13 41 41 41 41 41 41 41 41 41 56 56 56 56 56 56 56 56 56 64 64 64 64 64 64 64 64 64 66 66 66 66 66 66 66 66 66 67 67 67 67 67 67 67 67 67 25 25 25 25 25 25 25 25 25 21 21 21 21 21 21 21 21 21 14 14 14 14 14 14 14 14 14 89 89 89 89 89 89 89 89 89
53 92 49 89 11 29 76 45 85 40 67 65 38 11 49 71 59 19 60 67 78 13 13 13 13 13 13 13 13 13 41 41 41 41 41 41 41 41 41 56 56 56 56 56 56 56 56 56 64 64 64 64 64 64 64 64 64 66 66 66 66 66 66 66 66 66 67 67 67 67 67 67 67 67 67 25 25 25 25 25 25 25 25 25 21 21 21 21 21 21 21 21 21 14 14 14 14 14 14 14 14 14 89 89 89 89 89 89 89 89 89
54 42 41 53 38 31 73 26 44 59 10 14 42 24 22 25 1 100 9 55 90 13 13 13 13 13 13 13 13 13 41 41 41 41 41 41 41 41 41 56 56 56 56 56 56 56 56 56 64 64 64 64 64 64 64 64 64 66 66 66 66 66 66 66 66 66 67 67 67 67 67 67 67 67 67 25 25 25 25 25 25 25 25 25 21 21 21 21 21 21 21 21 21 14 14 14 14 14 14 14 14 14 89 89 89 89 89 89 89 89 89
55 19 24 21 27 52 48 58 59 34 52 58 30 96 59 54 5 20 37 64 30 13 13 13 13 13 13 13 13 13 41 41 41 41 41 41 41 41 41 56 56 56 56 56 56 56 56 56 64 64 64 64 64 64 64 64 64 66 66 66 66 66 66 66 66 66 67 67 67 67 67 67 67 67 67 25 25 25 25 25 25 25 25 25 21 21 21 21 21 21 21 21 21 14 14 14 14 14 14 14 14 14 89 89 89 89 89 89 89 89 89
56 55 31 98 98 14 6 7 44 97 16 91 25 93 83 87 76 40 26 25 29 13 13 13 13 13 13 13 13 13 41 41 41 41 41 41 41 41 41 56 56 56 56 56 56 56 56 56 64 64 64 64 64 64 64 64 64 66 66 66 66 66 66 66 66 66 67 67 67 67 67 67 67 67 67 25 25 25 25 25 25 25 25 25 21 21 21 21 21 21 21 21 21 14 14 14 14 14 14 14 14 14 89 89 89 89 89 89 89 89 89
57 70 17 38 74 38 85 26 16 80 52 65 26 20 28 39 77 5 72 58 93 13 13 13 13 13 13 13 13 13 41 41 41 41 41 41 41 41 41 56 56 56 56 56 56 56 56 56 64 64 64 64 64 64 64 64 64 66 66 66 66 66 66 66 66 66 67 67 67 67 67 67 67 67 67 25 25 25 25 25 25 25 25 25 21 21 21 21 21 21 21 21 21 14 14 14 14 14 14 14 14 14 89 89 89 89 89 89 89 89 89
58 18 90 83 66 73 88 95 61 57 63 45 52 1 24 55 40 34 35 75 85 13 13 13 13 13 13 13 13 13 41 41 41 41 41 41 41 41 41 56 56 56 56 56 56 56 56 56 64 64 64 64 64 64 64 64 64 66 66 66 66 66 66 66 66 66 67 67 67 67 67 67 67 67 67 25 25 25 25 25 25 25 25 25 21 21 21 21 21 21 21 21 21 14 14 14 14 14 14 14 14 14 89 89 89 89 89 89 89 89 89
59 100 3 76 46 12 84 82 54 67 31 4 15 54 84 55 82 36 41 72 49 13 13 13 13 13 13 13 13 13 41 41 41 41 41 41 41 41 41 56 56 56 56 56 56 56 56 56 64 64 64 64 64 64 64 64 64 66 66 66 66 66 66 66 66 66 67 67 67 67 67 67 67 67 67 25 25 25 25 25 25 25 25 25 21 21 21 21 21 21 21 21 21 14 14 14 14 14 14 14 14 14 89 89 89 89 89 89 89 89 89
60 40 92 91 40 91 24 76 1 38 16 40 26 77 28 53 68 57 35 84 53 13 13 13 13 13 13 13 13 13 41 41 41 41 41 41 41 41 41 56 56 56 56 56 56 56 56 56 64 64 64 64 64 64 64 64 64 66 66 66 66 66 66 66 66 66 67 67 67 67 67 67 67 67 67 25 25 25 25 25 25 25 25 25 21 21 21 21 21 21 21 21 21 14 14 14 14 14 14 14 14 14 89 89 89 89 89 89 89 89 89
61 98 100 80 8 22 71 87 99 40 3 100 100 100 27 75 10 99 18 66 58 13 13 13 13 13 13 13 13 13 41 41 41 41 41 41 41 41 41 56 56 56 56 56 56 56 56 56 64 64 64 64 64 64 64 64 64 66 66 66 66 66 66 66 66 66 67 67 67 67 67 67 67 67 67 25 25 25 25 25 25 25 25 25 21 21 21 21 21 21 21 21 21 14 14 14 14 14 14 14 14 14 89 89 89 89 89 89 89 89 89
62 82 43 68 58 1 79 12 38 45 21 64 17 30 27 79 50 81 97 72 82 13 13 13 13 13 13 13 13 13 41 41 41 41 41 41 41 41 41 56 56 56 56 56 56 56 56 56 64 64 64 64 64 64 64 64 64 66 66 66 66 66 66 66 66 66 67 67 67 67 67 67 67 67 67 25 25 25 25 25 25 25 25 25 21 21 21 21 21 21 21 21 21 14 14 14 14 14 14 14 14 14 89 89 89 89 89 89 89 89 89
63 90 7 44 43 28 55 53 63 51 34 61 59 39 56 58 39 50 8 90 96 13 13 13 13 13 13 13 13 13 41 41 41 41 41 41 41 41 41 56 56 56 56 56 56 56 56 56 64 64 64 64 64 64 64 64 64 66 66 66 66 66 66 66 66 66 67 67 67 67 67 67 67 67 67 25 25 25 25 25 25 25 25 25 21 21 21 21 21 21 21 21 21 14 14 14 14 14 14 14 14 14 89 89 89 89 89 89 89 89 89
64 83 29 11 11 21 5 78 22 49 67 61 88 96 48 77 36 1 52 90 55 13 13 13 13 13 13 13 13 13 41 41 41 41 41 41 41 41 41 56 56 56 56 56 56 56 56 56 64 64 64 64 64 64 64 64 64 66 66 66 66 66 66 66 66 66 67 67 67 67 67 67 67 67 67 25 25 25 25 25 25 25 25 25 21 21 21 21 21 21 21 21 21 14 14 14 14 14 14 14 14 14 89 89 89 89 89 89 89 89 89
65 29 92 53 30 46 4 100 21 34 49 61 78 74 10 3 19 9 56 72 23 13 13 13 13 13 13 13 13 13 41 41 41 41 41 41 41 41 41 56 56 56 56 56 56 56 56 56 64 64 64 64 64 64 64 64 64 66 66 66 66 66 66 66 66 66 67 67 67 67 67 67 67 67 67 25 25 25 25 25 25 25 25 25 21 21 21 21 21 21 21 21 21 14 14 14 14 14 14 14 14 14 89 89 89 89 89 89 89 89 89
66 99 55 8 59 98 10 8 14 99 61 14 49 88 65 12 3 24 92 56 80 13 13 13 13 13 13 13 13 13 41 41 41 41 41 41 41 41 41 56 56 56 56 56 56 56 56 56 64 64 64 64 64 64 64 64 64 66 66 66 66 66 66 66 66 66 67 67 67 67 67 67 67 67 67 25 25 25 25 25 25 25 25 25 21 21 21 21 21 21 21 21 21 14 14 14 14 14 14 14 14 14 89 89 89 89 89 89 89 89 89
67 30 31 71 46 38 2 79 43 10 11 57 77 64 26 29 33 45 26 41 81 13 13 13 13 13 13 13 13 13 41 41 41 41 41 41 41 41 41 56 56 56 56 56 56 56 56 56 64 64 64 64 64 64 64 64 64 66 66 66 66 66 66 66 66 66 67 67 67 67 67 67 67 67 67 25 25 25 25 25 25 25 25 25 21 21 21 21 21 21 21 21 21 14 14 14 14 14 14 14 14 14 89 89 89 89 89 89 89 89 89
68 36 94 19 43 87 35 2 77 64 43 30 20 30 14 85 2 4 68 95 9 13 13 13 13 13 13 13 13 13 41 41 41 41 41 41 41 41 41 56 56 56 56 56 56 56 56 56 64 64 64 64 64 64 64 64 64 66 66 66 66 66 66 66 66 66 67 67 67 67 67 67 67 67 67 25 25 25 25 25 25 25 25 25 21 21 21 21 21 21 21 21 21 14 14 14 14 14 14 14 14 14 89 89 89 89 89 89 89 89 89
69 27 35 61 68 35 31 26 70 5 4 16 84 14 19 91 70 4 44 64 41 13 13 13 13 13 13 13 13 13 41 41 41 41 41 41 41 41 41 56 56 56 56 56 56 56 56 56 64 64 64 64 64 64 64 64 64 66 66 66 66 66 66 66 66 66 67 67 67 67 67 67 67 67 67 25 25 25 25 25 25 25 25 25 21 21 21 21 21 21 21 21 21 14 14 14 14 14 14 14 14 14 89 89 89 89 89 89 89 89 89
70 66 13 61 58 19 70 94 95 46 75 25 26 79 74 70 66 14 97 4 29 13 13 13 13 13 13 13 13 13 41 41 41 41 41 41 41 41 41 56 56 56 56 56 56 56 56 56 64 64 64 64 64 64 64 64 64 66 66 66 66 66 66 66 66 66 67 67 67 67 67 67 67 67 67 25 25 25 25 25 25 25 25 25 21 21 21 21 21 21 21 21 21 14 14 14 14 14 14 14 14 14 89 89 89 89 89 89 89 89 89
71 4 65 94 50 72 20 77 12 91 40 40 88 26 47 55 39 46 52 2 50 13 13 13 13 13 13 13 13 13 41 41 41 41 41 41 41 41 41 56 56 56 56 56 56 56 56 56 64 64 64 64 64 64 64 64 64 66 66 66 66 66 66 66 66 66 67 67 67 67 67 67 67 67 67 25 25 25 25 25 25 25 25 25 21 21 21 21 21 21 21 21 21 14 14 14 14 14 14 14 14 14 89 89 89 89 89 89 89 89 89
72 14 24 47 20 66 17 67 75 20 68 61 1 58 60 37 29 17 12 52 33 13 13 13 13 13 13 13 13 13 41 41 41 41 41 41 41 41 41 56 56 56 56 56 56 56 56 56 64 64 64 64 64 64 64 64 64 66 66 66 66 66 66 66 66 66 67 67 67 67 67 67 67 67 67 25 25 25 25 25 25 25 25 25 21 21 21 21 21 21 21 21 21 14 14 14 14 14 14 14 14 14 89 89 89 89 89 89 89 89 89
73 76 86 68 69 70 42 53 77 7 74 97 89 40 18 20 4 89 39 65 38 13 13 13 13 13 13 13 13 13 41 41 41 41 41 41 41 41 41 56 56 56 56 56 56 56 56 56 64 64 64 64 64 64 64 64 64 66 66 66 66 66 66 66 66 66 67 67 67 67 67 67 67 67 67 25 25 25 25 25 25 25 25 25 21 21 21 21 21 21 21 21 21 14 14 14 14 14 14 14 14 14 89 89 89 89 89 89 89 89 89
74 6 30 98 17 28 21 7 60 80 60 80 90 11 88 24 65 59 16 30 10 13 13 13 13 13 13 13 13 13 41 41 41 41 41 41 41 41 41 56 56 56 56 56 56 56 56 56 64 64 64 64 64 64 64 64 64 66 66 66 66 66 66 66 66 66 67 67 67 67 67 67 67 67 67 25 25 25 25 25 25 25 25 25 21 21 21 21 21 21 21 21 21 14 14 14 14 14 14 14 14 14 89 89 89 89 89 89 89 89 89
75 56 54 77 16 75 72 44 46 67 15 32 67 49 65 49 43 89 40 64 40 13 13 13 13 13 13 13 13 13 41 41 41 41 41 41 41 41 41 56 56 56 56 56 56 56 56 56 64 64 64 64 64 64 64 64 64 66 66 66 66 66 66 66 66 66 67 67 67 67 67 67 67 67 67 25 25 25 25 25 25 25 25 25 21 21 21 21 21 21 21 21 21 14 14 14 14 14 14 14 14 14 89 89 89 89 89 89 89 89 89
76 28 45 26 5 80 36 76 69 29 64 6 78 100 28 83 43 58 76 5 45 13 13 13 13 13 13 13 13 13 41 41 41 41 41 41 41 41 41 56 56 56 56 56 56 56 56 56 64 64 64 64 64 64 64 64 64 66 66 66 66 66 66 66 66 66 67 67 67 67 67 67 67 67 67 25 25 25 25 25 25 25 25 25 21 21 21 21 21 21 21 21 21 14 14 14 14 14 14 14 14 14 89 89 89 89 89 89 89 89 89
77 34 23 58 90 13 67 55 63 30 55 8 37 5 97 3 19 88 51 55 87 13 13 13 13 13 13 13 13 13 41 41 41 41 41 41 41 41 41 56 56 56 56 56 56 56 56 56 64 64 64 64 64 64 64 64 64 66 66 66 66 66 66 66 66 66 67 67 67 67 67 67 67 67 67 25 25 25 25 25 25 25 25 25 21 21 21 21 21 21 21 21 21 14 14 14 14 14 14 14 14 14 89 89 89 89 89 89 89 89 89
78 75 27 92 10 4 94 95 48 97 25 44 52 75 4 17 36 72 84 59 10 13 13 13 13 13 13 13 13 13 41 41 41 41 41 41 41 41 41 56 56 56 56 56 56 56 56 56 64 64 64 64 64 64 64 64 64 66 66 66 66 66 66 66 66 66 67 67 67 67 67 67 67 67 67 25 25 25 25 25 25 25 25 25 21 21 21 21 21 21 21 21 21 14 14 14 14 14 14 14 14 14 89 89 89 89 89 89 89 89 89
79 5 63 18 71 92 75 67 20 20 69 78 36 22 41 31 74 27 21 27 37 13 13 13 13 13 13 13 13 13 41 41 41 41 41 41 41 41 41 56 56 56 56 56 56 56 56 56 64 64 64 64 64 64 64 64 64 66 66 66 66 66 66 66 66 66 67 67 67 67 67 67 67 67 67 25 25 25 25 25 25 25 25 25 21 21 21 21 21 21 21 21 21 14 14 14 14 14 14 14 14 14 89 89 89 89 89 89 89 89 89
80 50 46 53 71 80 61 58 88 73 49 56 6 73 56 21 34 56 9 28 92 13 13 13 13 13 13 13 13 13 41 41 41 41 41 41 41 41 41 56 56 56 56 56 56 56 56 56 64 64 64 64 64 64 64 64 64 66 66 66 66 66 66 66 66 66 67 67 67 67 67 67 67 67 67 25 25 25 25 25 25 25 25 25 21 21 21 21 21 21 21 21 21 14 14 14 14 14 14 14 14 14 89 89 89 89 89 89 89 89 89
81 34 55 77 35 35 35 75 11 85 87 17 90 78 95 67 92 73 73 85 5 13 13 13 13 13 13 13 13 13 41 41 41 41 41 41 41 41 41 56 56 56 56 56 56 56 56 56 64 64 64 64 64 64 64 64 64 66 66 66 66 66 66 66 66 66 67 67 67 67 67 67 67 67 67 25 25 25 25 25 25 25 25 25 21 21 21 21 21 21 21 21 21 14 14 14 14 14 14 14 14 14 89 89 89 89 89 89 89 89 89
82 82 39 95 37 25 73 94 56 19 80 23 60 37 59 64 47 21 31 14 71 13 13 13 13 13 13 13 13 13 41 41 41 41 41 41 41 41 41 56 56 56 56 56 56 56 56 56 64 64 64 64 64 64 64 64 64 66 66 66 66 66 66 66 66 66 67 67 67 67 67 67 67 67 67 25 25 25 25 25 25 25 25 25 21 21 21 21 21 21 21 21 21 14 14 14 14 14 14 14 14 14 89 89 89 89 89 89 89 89 89
83 77 96 60 11 19 65 64 97 91 18 49 97 75 11 81 18 57 76 20 54 13 13 13 13 13 13 13 13 13 41 41 41 41 41 41 41 41 41 56 56 56 56 56 56 56 56 56 64 64 64 64 64 64 64 64 64 66 66 66 66 66 66 66 66 66 67 67 67 67 67 67 67 67 67 25 25 25 25 25 25 25 25 25 21 21 21 21 21 21 21 21 21 14 14 14 14 14 14 14 14 14 89 89 89 89 89 89 89 89 89
84 10 2 82 54 89 65 90 93 74 22 93 7 61 65 6 36 7 84 74 78 13 13 13 13 13 13 13 13 13 41 41 41 41 41 41 41 41 41 56 56 56 56 56 56 56 56 56 64 64 64 64 64 64 64 64 64 66 66 66 66 66 66 66 66 66 67 67 67 67 67 67 67 67 67 25 25 25 25 25 25 25 25 25 21 21 21 21 21 21 21 21 21 14 14 14 14 14 14 14 14 14 89 89 89 89 89 89 89 89 89
85 93 90 70 53 32 43 75 88 38 4 6 90 65 90 29 35 27 65 20 6 13 13 13 13 13 13 13 13 13 41 41 41 41 41 41 41 41 41 56 56 56 56 56 56 56 56 56 64 64 64 64 64 64 64 64 64 66 66 66 66 66 66 66 66 66 67 67 67 67 67 67 67 67 67 25 25 25 25 25 25 25 25 25 21 21 21 21 21 21 21 21 21 14 14 14 14 14 14 14 14 14 89 89 89 89 89 89 89 89 89
86 68 100 34 10 78 74 72 32 50 70 62 12 20 8 78 78 69 49 54 16 13 13 13 13 13 13 13 13 13 41 41 41 41 41 41 41 41 41 56 56 56 56 56 56 56 56 56 64 64 64 64 64 64 64 64 64 66 66 66 66 66 66 66 66 66 67 67 67 67 67 67 67 67 67 25 25 25 25 25 25 25 25 25 21 21 21 21 21 21 21 21 21 14 14 14 14 14 14 14 14 14 89 89 89 89 89 89 89 89 89
87 36 54 39 85 63 34 4 40 50 21 41 13 13 51 23 94 71 8 22 20 13 13 13 13 13 13 13 13 13 41 41 41 41 41 41 41 41 41 56 56 56 56 56 56 56 56 56 64 64 64 64 64 64 64 64 64 66 66 66 66 66 66 66 66 66 67 67 67 67 67 67 67 67 67 25 25 25 25 25 25 25 25 25 21 21 21 21 21 21 21 21 21 14 14 14 14 14 14 14 14 14 89 89 89 89 89 89 89 89 89
88 79 8 58 60 97 93 11 72 37 68 92 82 76 82 85 56 40 31 51 36 13 13 13 13 13 13 13 13 13 41 41 41 41 41 41 41 41 41 56 56 56 56 56 56 56 56 56 64 64 64 64 64 64 64 64 64 66 66 66 66 66 66 66 66 66 67 67 67 67 67 67 67 67 67 25 25 25 25 25 25 25 25 25 21 21 21 21 21 21 21 21 21 14 14 14 14 14 14 14 14 14 89 89 89 89 89 89 89 89 89
89 13 99 73 37 39 40 64 58 85 52 34 97 81 57 61 61 16 85 28 21 13 13 13 13 13 13 13 13 13 41 41 41 41 41 41 41 41 41 56 56 56 56 56 56 56 56 56 64 64 64 64 64 64 64 64 64 66 66 66 66 66 66 66 66 66 67 67 67 67 67 67 67 67 67 25 25 25 25 25 25 25 25 25 21 21 21 21 21 21 21 21 21 14 14 14 14 14 14 14 14 14 89 89 89 89 89 89 89 89 89
90 93 10 51 53 65 3 57 79 100 82 97 71 12 59 42 83 37 96 96 69 13 13 13 13 13 13 13 13 13 41 41 41 41 41 41 41 41 41 56 56 56 56 56 56 56 56 56 64 64 64 64 64 64 64 64 64 66 66 66 66 66 66 66 66 66 67 67 67 67 67 67 67 67 67 25 25 25 25 25 25 25 25 25 21 21 21 21 21 21 21 21 21 14 14 14 14 14 14 14 14 14 89 89 89 89 89 89 89 89 89
91 31 39 44 28 40 96 5 43 42 40 55 57 20 97 42 66 19 84 65 84 13 13 13 13 13 13 13 13 13 41 41 41 41 41 41 41 41 41 56 56 56 56 56 56 56 56 56 64 64 64 64 64 64 64 64 64 66 66 66 66 66 66 66 66 66 67 67 67 67 67 67 67 67 67 25 25 25 25 25 25 25 25 25 21 21 21 21 21 21 21 21 21 14 14 14 14 14 14 14 14 14 89 89 89 89 89 89 89 89 89
92 18 55 100 62 60 100 39 73 24 67 27 98 70 7 67 43 51 89 39 70 13 13 13 13 13 13 13 13 13 41 41 41 41 41 41 41 41 41 56 56 56 56 56 56 56 56 56 64 64 64 64 64 64 64 64 64 66 66 66 66 66 66 66 66 66 67 67 67 67 67 67 67 67 67 25 25 25 25 25 25 25 25 25 21 21 21 21 21 21 21 21 21 14 14 14 14 14 14 14 14 14 89 89 89 89 89 89 89 89 89
93 95 79 59 28 46 25 26 74 100 64 32 83 52 41 85 69 22 72 48 67 13 13 13 13 13 13 13 13 13 41 41 41 41 41 41 41 41 41 56 56 56 56 56 56 56 56 56 64 64 64 64 64 64 64 64 64 66 66 66 66 66 66 66 66 66 67 67 67 67 67 67 67 67 67 25 25 25 25 25 25 25 25 25 21 21 21 21 21 21 21 21 21 14 14 14 14 14 14 14 14 14 89 89 89 89 89 89 89 89 89
94 87 62 31 4 100 32 6 41 14 56 20 22 50 98 63 60 30 66 89 61 13 13 13 13 13 13 13 13 13 41 41 41 41 41 41 41 41 41 56 56 56 56 56 56 56 56 56 64 64 64 64 64 64 64 64 64 66 66 66 66 66 66 66 66 66 67 67 67 67 67 67 67 67 67 25 25 25 25 25 25 25 25 25 21 21 21 21 21 21 21 21 21 14 14 14 14 14 14 14 14 14 89 89 89 89 89 89 89 89 89
95 13 7 50 28 93 30 100 67 37 19 27 56 89 80 56 22 23 4 47 32 13 13 13 13 13 13 13 13 13 41 41 41 41 41 41 41 41 41 56 56 56 56 56 56 56 56 56 64 64 64 64 64 64 64 64 64 66 66 66 66 66 66 66 66 66 67 67 67 67 67 67 67 67 67 25 25 25 25 25 25 25 25 25 21 21 21 21 21 21 21 21 21 14 14 14 14 14 14 14 14 14 89 89 89 89 89 89 89 89 89
96 43 7 49 47 34 92 67 95 73 37 41 22 90 40 10 67 50 30 44 91 13 13 13 13 13 13 13 13 13 41 41 41 41 41 41 41 41 41 56 56 56 56 56 56 56 56 56 64 64 64 64 64 64 64 64 64 66 66 66 66 66 66 66 66 66 67 67 67 67 67 67 67 67 67 25 25 25 25 25 25 25 25 25 21 21 21 21 21 21 21 21 21 14 14 14 14 14 14 14 14 14 89 89 89 89 89 89 89 89 89
97 13 96 28 34 66 3 49 62 47 75 76 53 66 34 22 56 73 76 23 55 13 13 13 13 13 13 13 13 13 41 41 41 41 41 41 41 41 41 56 56 56 56 56 56 56 56 56 64 64 64 64 64 64 64 64 64 66 66 66 66 66 66 66 66 66 67 67 67 67 67 67 67 67 67 25 25 25 25 25 25 25 25 25 21 21 21 21 21 21 21 21 21 14 14 14 14 14 14 14 14 14 89 89 89 89 89 89 89 89 89
98 58 78 40 6 39 5 92 92 95 43 42 21 6 9 81 75 40 5 38 78 13 13 13 13 13 13 13 13 13 41 41 41 41 41 41 41 41 41 56 56 56 56 56 56 56 56 56 64 64 64 64 64 64 64 64 64 66 66 66 66 66 66 66 66 66 67 67 67 67 67 67 67 67 67 25 25 25 25 25 25 25 25 25 21 21 21 21 21 21 21 21 21 14 14 14 14 14 14 14 14 14 89 89 89 89 89 89 89 89 89
99 47 71 58 98 46 8 32 3 80 56 30 61 86 96 9 37 51 70 96 100 13 13 13 13 13 13 13 13 13 41 41 41 41 41 41 41 41 41 56 56 56 56 56 56 56 56 56 64 64 64 64 64 64 64 64 64 66 66 66 66 66 66 66 66 66 67 67 67 67 67 67 67 67 67 25 25 25 25 25 25 25 25 25 21 21 21 21 21 21 21 21 21 14 14 14 14 14 14 14 14 14 89 89 89 89 89 89 89 89 89
