10 100
3568.8 3556.8 3856.0 3933.6000000000004 4110.400000000001 4090.4 4215.2 4115.2 3808.8 3836.0
0 64 7 42 62 81 33 12 50 33 73 84 7 100 58 37 11 55 33 32 94 30 30 30 30 30 30 30 30 30 52 52 52 52 52 52 52 52 52 67 67 67 67 67 67 67 67 67 66 66 66 66 66 66 66 66 66 1 1 1 1 1 1 1 1 1 90 90 90 90 90 90 90 90 90 63 63 63 63 63 63 63 63 63 57 57 57 57 57 57 57 57 57 97 97 97 97 97 97 97 97 97 93 93 93 93 93 93 93 93 93
1 69 30 21 18 83 76 33 28 5 80 68 27 71 33 8 75 12 27 24 77 30 30 30 30 30 30 30 30 30 52 52 52 52 52 52 52 52 52 67 67 67 67 67 67 67 67 67 66 66 66 66 66 66 66 66 66 1 1 1 1 1 1 1 1 1 90 90 90 90 90 90 90 90 90 63 63 63 63 63 63 63 63 63 57 57 57 57 57 57 57 57 57 97 97 97 97 97 97 97 97 97 93 93 93 93 93 93 93 93 93
2 79 79 70 83 15 82 50 3 77 64 44 48 40 37 22 2 46 22 75 2 30 30 30 30 30 30 30 30 30 52 52 52 52 52 52 52 52 52 67 67 67 67 67 67 67 67 67 66 66 66 66 66 66 66 66 66 1 1 1 1 1 1 1 1 1 90 90 90 90 90 90 90 90 90 63 63 63 63 63 63 63 63 63 57 57 57 57 57 57 57 57 57 97 97 97 97 97 97 97 97 97 93 93 93 93 93 93 93 93 93
3 96 51 81 16 64 43 57 76 11 71 29 32 87 71 84 2 51 15 2 86 30 30 30 30 30 30 30 30 30 52 52 52 52 52 52 52 52 52 67 67 67 67 67 67 67 67 67 66 66 66 66 66 66 66 66 66 1 1 1 1 1 1 1 1 1 90 90 90 90 90 90 90 90 90 63 63 63 63 63 63 63 63 63 57 57 57 57 57 57 57 57 57 97 97 97 97 97 97 97 97 97 93 93 93 93 93 93 93 93 93
4 3 74 77 52 92 87 72 12 54 87 95 48 16 1 89 27 52 69 85 63 30 30 30 30 30 30 30 30 30 52 52 52 52 52 52 52 52 52 67 67 67 67 67 67 67 67 67 66 66 66 66 66 66 66 66 66 1 1 1 1 1 1 1 1 1 90 90 90 90 90 90 90 90 90 63 63 63 63 63 63 63 63 63 57 57 57 57 57 57 57 57 57 97 97 97 97 97 97 97 97 97 93 93 93 93 93 93 93 93 93
5 82 81 21 36 41 9 74 88 49 27 67 22 30 85 67 13 32 51 56 97 30 30 30 30 30 30 30 30 30 52 52 52 52 52 52 52 52 52 67 67 67 67 67 67 67 67 67 66 66 66 66 66 66 66 66 66 1 1 1 1 1 1 1 1 1 90 90 90 90 90 90 90 90 90 63 63 63 63 63 63 63 63 63 57 57 57 57 57 57 57 57 57 97 97 97 97 97 97 97 97 97 93 93 93 93 93 93 93 93 93
6 78 8 85 31 80 42 18 76 51 93 23 79 14 79 91 81 82 73 68 58 30 30 30 30 30 30 30 30 30 52 52 52 52 52 52 52 52 52 67 67 67 67 67 67 67 67 67 66 66 66 66 66 66 66 66 66 1 1 1 1 1 1 1 1 1 90 90 90 90 90 90 90 90 90 63 63 63 63 63 63 63 63 63 57 57 57 57 57 57 57 57 57 97 97 97 97 97 97 97 97 97 93 93 93 93 93 93 93 93 93
7 66 64 27 3 63 7 79 57 40 18 100 69 74 41 83 39 42 72 58 57 30 30 30 30 30 30 30 30 30 52 52 52 52 52 52 52 52 52 67 67 67 67 67 67 67 67 67 66 66 66 66 66 66 66 66 66 1 1 1 1 1 1 1 1 1 90 90 90 90 90 90 90 90 90 63 63 63 63 63 63 63 63 63 57 57 57 57 57 57 57 57 57 97 97 97 97 97 97 97 97 97 93 93 93 93 93 93 93 93 93
8 50 64 29 79 90 33 5 9 44 43 6 70 63 23 65 20 87 35 96 88 30 30 30 30 30 30 30 30 30 52 52 52 52 52 52 52 52 52 67 67 67 67 67 67 67 67 67 66 66 66 66 66 66 66 66 66 1 1 1 1 1 1 1 1 1 90 90 90 90 90 90 90 90 90 63 63 63 63 63 63 63 63 63 57 57 57 57 57 57 57 57 57 97 97 97 97 97 97 97 97 97 93 93 93 93 93 93 93 93 93
9 77 66 26 57 60 76 38 44 10 95 96 30 44 76 28 74 95 18 20 29 30 30 30 30 30 30 30 30 30 52 52 52 52 52 52 52 52 52 67 67 67 67 67 67 67 67 67 66 66 66 66 66 66 66 66 66 1 1 1 1 1 1 1 1 1 90 90 90 90 90 90 90 90 90 63 63 63 63 63 63 63 63 63 57 57 57 57 57 57 57 57 57 97 97 97 97 97 97 97 97 97 93 93 93 93 93 93 93 93 93
10 25 94 13 29 99 29 18 72 25 77 36 87 99 45 20 20 34 53 84 89 30 30 30 30 30 30 30 30 30 52 52 52 52 52 52 52 52 52 67 67 67 67 67 67 67 67 67 66 66 66 66 66 66 66 66 66 1 1 1 1 1 1 1 1 1 90 90 90 90 90 90 90 90 90 63 63 63 63 63 63 63 63 63 57 57 57 57 57 57 57 57 57 97 97 97 97 97 97 97 97 97 93 93 93 93 93 93 93 93 93
11 68 86 62 51 33 32 2 88 39 94 2 37 81 82 91 38 19 31 95 44 30 30 30 30 30 30 30 30 30 52 52 52 52 52 52 52 52 52 67 67 67 67 67 67 67 67 67 66 66 66 66 66 66 66 66 66 1 1 1 1 1 1 1 1 1 90 90 90 90 90 90 90 90 90 63 63 63 63 63 63 63 63 63 57 57 57 57 57 57 57 57 57 97 97 97 97 97 97 97 97 97 93 93 93 93 93 93 93 93 93
12 28 15 68 46 34 58 12 48 98 52 37 35 50 59 95 100 37 36 62 94 30 30 30 30 30 30 30 30 30 52 52 52 52 52 52 52 52 52 67 67 67 67 67 67 67 67 67 66 66 66 66 66 66 66 66 66 1 1 1 1 1 1 1 1 1 90 90 90 90 90 90 90 90 90 63 63 63 63 63 63 63 63 63 57 57 57 57 57 57 57 57 57 97 97 97 97 97 97 97 97 97 93 93 93 93 93 93 93 93 93
13 35 69 24 38 82 98 5 27 97 94 88 66 11 78 62 45 88 43 77 73 30 30 30 30 30 30 30 30 30 52 52 52 52 52 52 52 52 52 67 67 67 67 67 67 67 67 67 66 66 66 66 66 66 66 66 66 1 1 1 1 1 1 1 1 1 90 90 90 90 90 90 90 90 90 63 63 63 63 63 63 63 63 63 57 57 57 57 57 57 57 57 57 97 97 97 97 97 97 97 97 97 93 93 93 93 93 93 93 93 93
14 2 35 36 15 35 43 95 79 6 59 92 21 44 63 92 11 79 20 37 59 30 30 30 30 30 30 30 30 30 52 52 52 52 52 52 52 52 52 67 67 67 67 67 67 67 67 67 66 66 66 66 66 66 66 66 66 1 1 1 1 1 1 1 1 1 90 90 90 90 90 90 90 90 90 63 63 63 63 63 63 63 63 63 57 57 57 57 57 57 57 57 57 97 97 97 97 97 97 97 97 97 93 93 93 93 93 93 93 93 93
15 72 6 11 91 70 68 8 51 32 9 89 58 21 52 11 88 50 82 90 92 30 30 30 30 30 30 30 30 30 52 52 52 52 52 52 52 52 52 67 67 67 67 67 67 67 67 67 66 66 66 66 66 66 66 66 66 1 1 1 1 1 1 1 1 1 90 90 90 90 90 90 90 90 90 63 63 63 63 63 63 63 63 63 57 57 57 57 57 57 57 57 57 97 97 97 97 97 97 97 97 97 93 93 93 93 93 93 93 93 93
16 74 55 40 42 38 21 65 8 62 41 96 18 99 13 67 65 2 65 3 3 30 30 30 30 30 30 30 30 30 52 52 52 52 52 52 52 52 52 67 67 67 67 67 67 67 67 67 66 66 66 66 66 66 66 66 66 1 1 1 1 1 1 1 1 1 90 90 90 90 90 90 90 90 90 63 63 63 63 63 63 63 63 63 57 57 57 57 57 57 57 57 57 97 97 97 97 97 97 97 97 97 93 93 93 93 93 93 93 93 93
17 15 18 31 6 36 28 78 64 40 43 69 88 6 67 31 53 30 33 40 4 30 30 30 30 30 30 30 30 30 52 52 52 52 52 52 52 52 52 67 67 67 67 67 67 67 67 67 66 66 66 66 66 66 66 66 66 1 1 1 1 1 1 1 1 1 90 90 90 90 90 90 90 90 90 63 63 63 63 63 63 63 63 63 57 57 57 57 57 57 57 57 57 97 97 97 97 97 97 97 97 97 93 93 93 93 93 93 93 93 93
18 22 8 30 19 32 81 40 37 93 77 2 60 5 21 99 40 18 43 24 89 30 30 30 30 30 30 30 30 30 52 52 52 52 52 52 52 52 52 67 67 67 67 67 67 67 67 67 66 66 66 66 66 66 66 66 66 1 1 1 1 1 1 1 1 1 90 90 90 90 90 90 90 90 90 63 63 63 63 63 63 63 63 63 57 57 57 57 57 57 57 57 57 97 97 97 97 97 97 97 97 97 93 93 93 93 93 93 93 93 93
19 50 89 37 16 92 62 41 32 16 54 88 21 63 40 92 19 96 13 35 9 30 30 30 30 30 30 30 30 30 52 52 52 52 52 52 52 52 52 67 67 67 67 67 67 67 67 67 66 66 66 66 66 66 66 66 66 1 1 1 1 1 1 1 1 1 90 90 90 90 90 90 90 90 90 63 63 63 63 63 63 63 63 63 57 57 57 57 57 57 57 57 57 97 97 97 97 97 97 97 97 97 93 93 93 93 93 93 93 93 93
20 90 10 84 64 29 83 82 55 25 7 89 58 74 67 86 41 92 69 73 59 30 30 30 30 30 30 30 30 30 52 52 52 52 52 52 52 52 52 67 67 67 67 67 67 67 67 67 66 66 66 66 66 66 66 66 66 1 1 1 1 1 1 1 1 1 90 90 90 90 90 90 90 90 90 63 63 63 63 63 63 63 63 63 57 57 57 57 57 57 57 57 57 97 97 97 97 97 97 97 97 97 93 93 93 93 93 93 93 93 93
21 82 59 7 20 1 17 74 83 88 41 35 46 55 59 17 72 56 35 7 39 30 30 30 30 30 30 30 30 30 52 52 52 52 52 52 52 52 52 67 67 67 67 67 67 67 67 67 66 66 66 66 66 66 66 66 66 1 1 1 1 1 1 1 1 1 90 90 90 90 90 90 90 90 90 63 63 63 63 63 63 63 63 63 57 57 57 57 57 57 57 57 57 97 97 97 97 97 97 97 97 97 93 93 93 93 93 93 93 93 93
22 96 42 44 3 8 40 59 54 30 69 91 100 23 100 7 58 25 58 68 4 30 30 30 30 30 30 30 30 30 52 52 52 52 52 52 52 52 52 67 67 67 67 67 67 67 67 67 66 66 66 66 66 66 66 66 66 1 1 1 1 1 1 1 1 1 90 90 90 90 90 90 90 90 90 63 63 63 63 63 63 63 63 63 57 57 57 57 57 57 57 57 57 97 97 97 97 97 97 97 97 97 93 93 93 93 93 93 93 93 93
23 77 78 40 64 16 37 25 90 87 15 95 76 37 65 32 28 65 45 41 75 30 30 30 30 30 30 30 30 30 52 52 52 52 52 52 52 52 52 67 67 67 67 67 67 67 67 67 66 66 66 66 66 66 66 66 66 1 1 1 1 1 1 1 1 1 90 90 90 90 90 90 90 90 90 63 63 63 63 63 63 63 63 63 57 57 57 57 57 57 57 57 57 97 97 97 97 97 97 97 97 97 93 93 93 93 93 93 93 93 93
24 89 55 79 27 24 11 26 13 27 64 57 98 29 91 2 2 89 20 87 31 30 30 30 30 30 30 30 30 30 52 52 52 52 52 52 52 52 52 67 67 67 67 67 67 67 67 67 66 66 66 66 66 66 66 66 66 1 1 1 1 1 1 1 1 1 90 90 90 90 90 90 90 90 90 63 63 63 63 63 63 63 63 63 57 57 57 57 57 57 57 57 57 97 97 97 97 97 97 97 97 97 93 93 93 93 93 93 93 93 93
25 78 45 22 30 20 58 83 51 63 87 66 41 32 50 49 78 96 59 82 94 30 30 30 30 30 30 30 30 30 52 52 52 52 52 52 52 52 52 67 67 67 67 67 67 67 67 67 66 66 66 66 66 66 66 66 66 1 1 1 1 1 1 1 1 1 90 90 90 90 90 90 90 90 90 63 63 63 63 63 63 63 63 63 57 57 57 57 57 57 57 57 57 97 97 97 97 97 97 97 97 97 93 93 93 93 93 93 93 93 93
26 6 22 19 35 29 62 89 12 50 31 82 100 31 25 85 95 12 89 60 34 30 30 30 30 30 30 30 30 30 52 52 52 52 52 52 52 52 52 67 67 67 67 67 67 67 67 67 66 66 66 66 66 66 66 66 66 1 1 1 1 1 1 1 1 1 90 90 90 90 90 90 90 90 90 63 63 63 63 63 63 63 63 63 57 57 57 57 57 57 57 57 57 97 97 97 97 97 97 97 97 97 93 93 93 93 93 93 93 93 93
27 91 12 100 88 10 92 27 40 44 13 46 8 49 16 71 14 72 97 36 7 30 30 30 30 30 30 30 30 30 52 52 52 52 52 52 52 52 52 67 67 67 67 67 67 67 67 67 66 66 66 66 66 66 66 66 66 1 1 1 1 1 1 1 1 1 90 90 90 90 90 90 90 90 90 63 63 63 63 63 63 63 63 63 57 57 57 57 57 57 57 57 57 97 97 97 97 97 97 97 97 97 93 93 93 93 93 93 93 93 93
28 39 38 98 49 69 38 45 10 51 62 14 27 33 59 96 68 79 67 65 40 30 30 30 30 30 30 30 30 30 52 52 52 52 52 52 52 52 52 67 67 67 67 67 67 67 67 67 66 66 66 66 66 66 66 66 66 1 1 1 1 1 1 1 1 1 90 90 90 90 90 90 90 90 90 63 63 63 63 63 63 63 63 63 57 57 57 57 57 57 57 57 57 97 97 97 97 97 97 97 97 97 93 93 93 93 93 93 93 93 93
29 23 16 70 40 93 40 66 9 80 97 44 2 73 96 72 57 16 5 36 40 30 30 30 30 30 30 30 30 30 52 52 52 52 52 52 52 52 52 67 67 67 67 67 67 67 67 67 66 66 66 66 66 66 66 66 66 1 1 1 1 1 1 1 1 1 90 90 90 90 90 90 90 90 90 63 63 63 63 63 63 63 63 63 57 57 57 57 57 57 57 57 57 97 97 97 97 97 97 97 97 97 93 93 93 93 93 93 93 93 93
30 19 68 81 23 85 59 88 72 94 30 64 38 94 44 12 99 97 67 22 79 30 30 30 30 30 30 30 30 30 52 52 52 52 52 52 52 52 52 67 67 67 67 67 67 67 67 67 66 66 66 66 66 66 66 66 66 1 1 1 1 1 1 1 1 1 90 90 90 90 90 90 90 90 90 63 63 63 63 63 63 63 63 63 57 57 57 57 57 57 57 57 57 97 97 97 97 97 97 97 97 97 93 93 93 93 93 93 93 93 93
31 26 38 44 40 26 37 49 76 28 73 97 13 16 61 36 53 21 24 98 33 30 30 30 30 30 30 30 30 30 52 52 52 52 52 52 52 52 52 67 67 67 67 67 67 67 67 67 66 66 66 66 66 66 66 66 66 1 1 1 1 1 1 1 1 1 90 90 90 90 90 90 90 90 90 63 63 63 63 63 63 63 63 63 57 57 57 57 57 57 57 57 57 97 97 97 97 97 97 97 97 97 93 93 93 93 93 93 93 93 93
32 10 57 27 46 86 22 78 6 78 45 60 22 33 36 79 46 81 58 39 44 30 30 30 30 30 30 30 30 30 52 52 52 52 52 52 52 52 52 67 67 67 67 67 67 67 67 67 66 66 66 66 66 66 66 66 66 1 1 1 1 1 1 1 1 1 90 90 90 90 90 90 90 90 90 63 63 63 63 63 63 63 63 63 57 57 57 57 57 57 57 57 57 97 97 97 97 97 97 97 97 97 93 93 93 93 93 93 93 93 93
33 62 6 98 25 37 26 78 40 5 67 20 20 34 25 59 57 75 40 97 77 30 30 30 30 30 30 30 30 30 52 52 52 52 52 52 52 52 52 67 67 67 67 67 67 67 67 67 66 66 66 66 66 66 66 66 66 1 1 1 1 1 1 1 1 1 90 90 90 90 90 90 90 90 90 63 63 63 63 63 63 63 63 63 57 57 57 57 57 57 57 57 57 97 97 97 97 97 97 97 97 97 93 93 93 93 93 93 93 93 93
34 20 45 80 75 67 89 8 39 64 57 25 100 37 97 80 29 1 8 44 96 30 30 30 30 30 30 30 30 30 52 52 52 52 52 52 52 52 52 67 67 67 67 67 67 67 67 67 66 66 66 66 66 66 66 66 66 1 1 1 1 1 1 1 1 1 90 90 90 90 90 90 90 90 90 63 63 63 63 63 63 63 63 63 57 57 57 57 57 57 57 57 57 97 97 97 97 97 97 97 97 97 93 93 93 93 93 93 93 93 93
35 15 87 2 17 93 94 96 33 22 50 39 99 64 6 93 50 79 20 62 69 30 30 30 30 30 30 30 30 30 52 52 52 52 52 52 52 52 52 67 67 67 67 67 67 67 67 67 66 66 66 66 66 66 66 66 66 1 1 1 1 1 1 1 1 1 90 90 90 90 90 90 90 90 90 63 63 63 63 63 63 63 63 63 57 57 57 57 57 57 57 57 57 97 97 97 97 97 97 97 97 97 93 93 93 93 93 93 93 93 93
36 88 50 99 3 26 55 3 93 78 1 66 87 68 58 12 46 98 18 86 83 30 30 30 30 30 30 30 30 30 52 52 52 52 52 52 52 52 52 67 67 67 67 67 67 67 67 67 66 66 66 66 66 66 66 66 66 1 1 1 1 1 1 1 1 1 90 90 90 90 90 90 90 90 90 63 63 63 63 63 63 63 63 63 57 57 57 57 57 57 57 57 57 97 97 97 97 97 97 97 97 97 93 93 93 93 93 93 93 93 93
37 27 18 67 21 44 67 32 97 23 45 43 12 25 78 80 77 40 5 24 46 30 30 30 30 30 30 30 30 30 52 52 52 52 52 52 52 52 52 67 67 67 67 67 67 67 67 67 66 66 66 66 66 66 66 66 66 1 1 1 1 1 1 1 1 1 90 90 90 90 90 90 90 90 90 63 63 63 63 63 63 63 63 63 57 57 57 57 57 57 57 57 57 97 97 97 97 97 97 97 97 97 93 93 93 93 93 93 93 93 93
38 5 7 100 28 54 38 8 5 38 32 41 33 3 53 50 88 47 43 70 27 30 30 30 30 30 30 30 30 30 52 52 52 52 52 52 52 52 52 67 67 67 67 67 67 67 67 67 66 66 66 66 66 66 66 66 66 1 1 1 1 1 1 1 1 1 90 90 90 90 90 90 90 90 90 63 63 63 63 63 63 63 63 63 57 57 57 57 57 57 57 57 57 97 97 97 97 97 97 97 97 97 93 93 93 93 93 93 93 93 93
39 17 93 1 15 44 70 28 16 39 50 9 83 55 57 99 57 90 49 62 74 30 30 30 30 30 30 30 30 30 52 52 52 52 52 52 52 52 52 67 67 67 67 67 67 67 67 67 66 66 66 66 66 66 66 66 66 1 1 1 1 1 1 1 1 1 90 90 90 90 90 90 90 90 90 63 63 63 63 63 63 63 63 63 57 57 57 57 57 57 57 57 57 97 97 97 97 97 97 97 97 97 93 93 93 93 93 93 93 93 93
40 33 8 62 11 89 83 72 52 53 40 97 62 54 50 31 48 3 78 81 87 30 30 30 30 30 30 30 30 30 52 52 52 52 52 52 52 52 52 67 67 67 67 67 67 67 67 67 66 66 66 66 66 66 66 66 66 1 1 1 1 1 1 1 1 1 90 90 90 90 90 90 90 90 90 63 63 63 63 63 63 63 63 63 57 57 57 57 57 57 57 57 57 97 97 97 97 97 97 97 97 97 93 93 93 93 93 93 93 93 93
41 28 68 38 40 45 77 18 40 89 9 41 51 61 72 53 94 96 62 83 31 30 30 30 30 30 30 30 30 30 52 52 52 52 52 52 52 52 52 67 67 67 67 67 67 67 67 67 66 66 66 66 66 66 66 66 66 1 1 1 1 1 1 1 1 1 90 90 90 90 90 90 90 90 90 63 63 63 63 63 63 63 63 63 57 57 57 57 57 57 57 57 57 97 97 97 97 97 97 97 97 97 93 93 93 93 93 93 93 93 93
42 50 19 22 41 21 53 14 11 25 60 100 76 57 88 39 8 59 99 96 16 30 30 30 30 30 30 30 30 30 52 52 52 52 52 52 52 52 52 67 67 67 67 67 67 67 67 67 66 66 66 66 66 66 66 66 66 1 1 1 1 1 1 1 1 1 90 90 90 90 90 90 90 90 90 63 63 63 63 63 63 63 63 63 57 57 57 57 57 57 57 57 57 97 97 97 97 97 97 97 97 97 93 93 93 93 93 93 93 93 93
43 48 10 87 95 60 65 34 70 98 94 11 72 98 34 40 47 69 71 13 42 30 30 30 30 30 30 30 30 30 52 52 52 52 52 52 52 52 52 67 67 67 67 67 67 67 67 67 66 66 66 66 66 66 66 66 66 1 1 1 1 1 1 1 1 1 90 90 90 90 90 90 90 90 90 63 63 63 63 63 63 63 63 63 57 57 57 57 57 57 57 57 57 97 97 97 97 97 97 97 97 97 93 93 93 93 93 93 93 93 93
44 63 30 81 57 27 47 75 51 24 29 42 34 53 68 1 47 94 65 2 30 30 30 30 30 30 30 30 30 30 52 52 52 52 52 52 52 52 52 67 67 67 67 67 67 67 67 67 66 66 66 66 66 66 66 66 66 1 1 1 1 1 1 1 1 1 90 90 90 90 90 90 90 90 90 63 63 63 63 63 63 63 63 63 57 57 57 57 57 57 57 57 57 97 97 97 97 97 97 97 97 97 93 93 93 93 93 93 93 93 93
45 90 25 90 13 44 85 68 66 68 99 72 75 13 67 95 4 95 41 41 54 30 30 30 30 30 30 30 30 30 52 52 52 52 52 52 52 52 52 67 67 67 67 67 67 67 67 67 66 66 66 66 66 66 66 66 66 1 1 1 1 1 1 1 1 1 90 90 90 90 90 90 90 90 90 63 63 63 63 63 63 63 63 63 57 57 57 57 57 57 57 57 57 97 97 97 97 97 97 97 97 97 93 93 93 93 93 93 93 93 93
46 20 55 58 78 89 59 78 32 73 48 57 58 31 35 91 77 86 41 55 98 30 30 30 30 30 30 30 30 30 52 52 52 52 52 52 52 52 52 67 67 67 67 67 67 67 67 67 66 66 66 66 66 66 66 66 66 1 1 1 1 1 1 1 1 1 90 90 90 90 90 90 90 90 90 63 63 63 63 63 63 63 63 63 57 57 57 57 57 57 57 57 57 97 97 97 97 97 97 97 97 97 93 93 93 93 93 93 93 93 93
47 21 23 29 39 100 6 33 78 10 75 72 46 42 60 21 73 22 53 28 38 30 30 30 30 30 30 30 30 30 52 52 52 52 52 52 52 52 52 67 67 67 67 67 67 67 67 67 66 66 66 66 66 66 66 66 66 1 1 1 1 1 1 1 1 1 90 90 90 90 90 90 90 90 90 63 63 63 63 63 63 63 63 63 57 57 57 57 57 57 57 57 57 97 97 97 97 97 97 97 97 97 93 93 93 93 93 93 93 93 93
48 97 35 68 21 39 45 92 87 97 69 90 67 45 29 99 21 34 87 4 5 30 30 30 30 30 30 30 30 30 52 52 52 52 52 52 52 52 52 67 67 67 67 67 67 67 67 67 66 66 66 66 66 66 66 66 66 1 1 1 1 1 1 1 1 1 90 90 90 90 90 90 90 90 90 63 63 63 63 63 63 63 63 63 57 57 57 57 57 57 57 57 57 97 97 97 97 97 97 97 97 97 93 93 93 93 93 93 93 93 93
49 30 64 78 78 49 64 36 47 18 2 20 10 5 82 77 77 56 76 95 65 30 30 30 30 30 30 30 30 30 52 52 52 52 52 52 52 52 52 67 67 67 67 67 67 67 67 67 66 66 66 66 66 66 66 66 66 1 1 1 1 1 1 1 1 1 90 90 90 90 90 90 90 90 90 63 63 63 63 63 63 63 63 63 57 57 57 57 57 57 57 57 57 97 97 97 97 97 97 97 97 97 93 93 93 93 93 93 93 93 93
50 51 94 75 34 37 58 80 81 19 81 58 95 95 80 38 30 33 3 65 9 30 30 30 30 30 30 30 30 30 52 52 52 52 52 52 52 52 52 67 67 67 67 67 67 67 67 67 66 66 66 66 66 66 66 66 66 1 1 1 1 1 1 1 1 1 90 90 90 90 90 90 90 90 90 63 63 63 63 63 63 63 63 63 57 57 57 57 57 57 57 57 57 97 97 97 97 97 97 97 97 97 93 93 93 93 93 93 93 93 93
51 27 3 37 13 7 14 93 49 83 96 48 76 95 88 93 69 28 62 67 76 30 30 30 30 30 30 30 30 30 52 52 52 52 52 52 52 52 52 67 67 67 67 67 67 67 67 67 66 66 66 66 66 66 66 66 66 1 1 1 1 1 1 1 1 1 90 90 90 90 90 90 90 90 90 63 63 63 63 63 63 63 63 63 57 57 57 57 57 57 57 57 57 97 97 97 97 97 97 97 97 97 93 93 93 93 93 93 93 93 93
52 55 16 93 12 44 16 37 22 79 41 4 57 78 97 36 19 28 99 33 15 30 30 30 30 30 30 30 30 30 52 52 52 52 52 52 52 52 52 67 67 67 67 67 67 67 67 67 66 66 66 66 66 66 66 66 66 1 1 1 1 1 1 1 1 1 90 90 90 90 90 90 90 90 90 63 63 63 63 63 63 63 63 63 57 57 57 57 57 57 57 57 57 97 97 97 97 97 97 97 97 97 93 93 93 93 93 93 93 93 93
53 30 63 2 41 2 50 57 32 24 90 17 63 68 4 54 46 48 9 75 55 30 30 30 30 30 30 30 30 30 52 52 52 52 52 52 52 52 52 67 67 67 67 67 67 67 67 67 66 66 66 66 66 66 66 66 66 1 1 1 1 1 1 1 1 1 90 90 90 90 90 90 90 90 90 63 63 63 63 63 63 63 63 63 57 57 57 57 57 57 57 57 57 97 97 97 97 97 97 97 97 97 93 93 93 93 93 93 93 93 93
54 72 47 1 74 91 4 19 24 52 5 41 15 5 13 78 54 32 28 82 31 30 30 30 30 30 30 30 30 30 52 52 52 52 52 52 52 52 52 67 67 67 67 67 67 67 67 67 66 66 66 66 66 66 66 66 66 1 1 1 1 1 1 1 1 1 90 90 90 90 90 90 90 90 90 63 63 63 63 63 63 63 63 63 57 57 57 57 57 57 57 57 57 97 97 97 97 97 97 97 97 97 93 93 93 93 93 93 93 93 93
55 45 3 57 70 79 30 16 63 14 13 96 51 17 69 71 25 92 94 96 11 30 30 30 30 30 30 30 30 30 52 52 52 52 52 52 52 52 52 67 67 67 67 67 67 67 67 67 66 66 66 66 66 66 66 66 66 1 1 1 1 1 1 1 1 1 90 90 90 90 90 90 90 90 90 63 63 63 63 63 63 63 63 63 57 57 57 57 57 57 57 57 57 97 97 97 97 97 97 97 97 97 93 93 93 93 93 93 93 93 93
56 3 41 78 37 65 84 12 52 20 22 72 66 39 68 97 92 65 7 90 1 30 30 30 30 30 30 30 30 30 52 52 52 52 52 52 52 52 52 67 67 67 67 67 67 67 67 67 66 66 66 66 66 66 66 66 66 1 1 1 1 1 1 1 1 1 90 90 90 90 90 90 90 90 90 63 63 63 63 63 63 63 63 63 57 57 57 57 57 57 57 57 57 97 97 97 97 97 97 97 97 97 93 93 93 93 93 93 93 93 93
57 3 73 4 27 41 44 32 48 58 29 92 85 88 56 46 12 96 23 54 79 30 30 30 30 30 30 30 30 30 52 52 52 52 52 52 52 52 52 67 67 67 67 67 67 67 67 67 66 66 66 66 66 66 66 66 66 1 1 1 1 1 1 1 1 1 90 90 90 90 90 90 90 90 90 63 63 63 63 63 63 63 63 63 57 57 57 57 57 57 57 57 57 97 97 97 97 97 97 97 97 97 93 93 93 93 93 93 93 93 93
58 40 17 25 14 78 13 37 91 32 96 73 27 27 92 25 94 9 57 21 83 30 30 30 30 30 30 30 30 30 52 52 52 52 52 52 52 52 52 67 67 67 67 67 67 67 67 67 66 66 66 66 66 66 66 66 66 1 1 1 1 1 1 1 1 1 90 90 90 90 90 90 90 90 90 63 63 63 63 63 63 63 63 63 57 57 57 57 57 57 57 57 57 97 97 97 97 97 97 97 97 97 93 93 93 93 93 93 93 93 93
59 45 61 13 66 84 12 52 91 8 73 70 100 56 92 74 38 87 21 59 43 30 30 30 30 30 30 30 30 30 52 52 52 52 52 52 52 52 52 67 67 67 67 67 67 67 67 67 66 66 66 66 66 66 66 66 66 1 1 1 1 1 1 1 1 1 90 90 90 90 90 90 90 90 90 63 63 63 63 63 63 63 63 63 57 57 57 57 57 57 57 57 57 97 97 97 97 97 97 97 97 97 93 93 93 93 93 93 93 93 93
60 84 37 83 11 56 48 3 68 8 6 76 41 9 75 48 28 91 76 19 40 30 30 30 30 30 30 30 30 30 52 52 52 52 52 52 52 52 52 67 67 67 67 67 67 67 67 67 66 66 66 66 66 66 66 66 66 1 1 1 1 1 1 1 1 1 90 90 90 90 90 90 90 90 90 63 63 63 63 63 63 63 63 63 57 57 57 57 57 57 57 57 57 97 97 97 97 97 97 97 97 97 93 93 93 93 93 93 93 93 93
61 44 28 4 40 84 53 85 98 3 3 65 39 15 39 53 18 71 65 72 35 30 30 30 30 30 30 30 30 30 52 52 52 52 52 52 52 52 52 67 67 67 67 67 67 67 67 67 66 66 66 66 66 66 66 66 66 1 1 1 1 1 1 1 1 1 90 90 90 90 90 90 90 90 90 63 63 63 63 63 63 63 63 63 57 57 57 57 57 57 57 57 57 97 97 97 97 97 97 97 97 97 93 93 93 93 93 93 93 93 93
62 53 83 27 32 34 45 74 12 55 93 29 28 91 61 81 98 95 28 14 97 30 30 30 30 30 30 30 30 30 52 52 52 52 52 52 52 52 52 67 67 67 67 67 67 67 67 67 66 66 66 66 66 66 66 66 66 1 1 1 1 1 1 1 1 1 90 90 90 90 90 90 90 90 90 63 63 63 63 63 63 63 63 63 57 57 57 57 57 57 57 57 57 97 97 97 97 97 97 97 97 97 93 93 93 93 93 93 93 93 93
63 3 29 55 71 82 74 86 27 92 1 100 77 20 60 85 34 7 91 25 70 30 30 30 30 30 30 30 30 30 52 52 52 52 52 52 52 52 52 67 67 67 67 67 67 67 67 67 66 66 66 66 66 66 66 66 66 1 1 1 1 1 1 1 1 1 90 90 90 90 90 90 90 90 90 63 63 63 63 63 63 63 63 63 57 57 57 57 57 57 57 57 57 97 97 97 97 97 97 97 97 97 93 93 93 93 93 93 93 93 93
64 92 24 72 32 34 6 54 16 59 28 7 5 1 50 90 6 96 76 30 21 30 30 30 30 30 30 30 30 30 52 52 52 52 52 52 52 52 52 67 67 67 67 67 67 67 67 67 66 66 66 66 66 66 66 66 66 1 1 1 1 1 1 1 1 1 90 90 90 90 90 90 90 90 90 63 63 63 63 63 63 63 63 63 57 57 57 57 57 57 57 57 57 97 97 97 97 97 97 97 97 97 93 93 93 93 93 93 93 93 93
65 72 32 48 83 82 87 55 78 30 44 17 72 3 96 22 93 67 17 41 56 30 30 30 30 30 30 30 30 30 52 52 52 52 52 52 52 52 52 67 67 67 67 67 67 67 67 67 66 66 66 66 66 66 66 66 66 1 1 1 1 1 1 1 1 1 90 90 90 90 90 90 90 90 90 63 63 63 63 63 63 63 63 63 57 57 57 57 57 57 57 57 57 97 97 97 97 97 97 97 97 97 93 93 93 93 93 93 93 93 93
66 42 93 57 74 72 75 86 40 56 26 71 84 50 5 30 56 67 83 48 62 30 30 30 30 30 30 30 30 30 52 52 52 52 52 52 52 52 52 67 67 67 67 67 67 67 67 67 66 66 66 66 66 66 66 66 66 1 1 1 1 1 1 1 1 1 90 90 90 90 90 90 90 90 90 63 63 63 63 63 63 63 63 63 57 57 57 57 57 57 57 57 57 97 97 97 97 97 97 97 97 97 93 93 93 93 93 93 93 93 93
67 34 24 85 7 96 74 57 10 30 43 7 78 26 51 16 29 57 32 68 13 30 30 30 30 30 30 30 30 30 52 52 52 52 52 52 52 52 52 67 67 67 67 67 67 67 67 67 66 66 66 66 66 66 66 66 66 1 1 1 1 1 1 1 1 1 90 90 90 90 90 90 90 90 90 63 63 63 63 63 63 63 63 63 57 57 57 57 57 57 57 57 57 97 97 97 97 97 97 97 97 97 93 93 93 93 93 93 93 93 93
68 71 28 80 25 71 94 55 84 92 60 44 51 2 30 58 43 85 39 10 4 30 30 30 30 30 30 30 30 30 52 52 52 52 52 52 52 52 52 67 67 67 67 67 67 67 67 67 66 66 66 66 66 66 66 66 66 1 1 1 1 1 1 1 1 1 90 90 90 90 90 90 90 90 90 63 63 63 63 63 63 63 63 63 57 57 57 57 57 57 57 57 57 97 97 97 97 97 97 97 97 97 93 93 93 93 93 93 93 93 93
69 40 38 8 17 20 59 91 1 98 14 97 21 23 18 37 49 86 53 91 7 30 30 30 30 30 30 30 30 30 52 52 52 52 52 52 52 52 52 67 67 67 67 67 67 67 67 67 66 66 66 66 66 66 66 66 66 1 1 1 1 1 1 1 1 1 90 90 90 90 90 90 90 90 90 63 63 63 63 63 63 63 63 63 57 57 57 57 57 57 57 57 57 97 97 97 97 97 97 97 97 97 93 93 93 93 93 93 93 93 93
70 28 14 4 63 30 61 60 84 87 22 29 9 67 7 42 93 6 30 55 8 30 30 30 30 30 30 30 30 30 52 52 52 52 52 52 52 52 52 67 67 67 67 67 67 67 67 67 66 66 66 66 66 66 66 66 66 1 1 1 1 1 1 1 1 1 90 90 90 90 90 90 90 90 90 63 63 63 63 63 63 63 63 63 57 57 57 57 57 57 57 57 57 97 97 97 97 97 97 97 97 97 93 93 93 93 93 93 93 93 93
71 79 36 2 2 70 44 78 95 81 51 74 57 6 29 33 36 28 2 83 10 30 30 30 30 30 30 30 30 30 52 52 52 52 52 52 52 52 52 67 67 67 67 67 67 67 67 67 66 66 66 66 66 66 66 66 66 1 1 1 1 1 1 1 1 1 90 90 90 90 90 90 90 90 90 63 63 63 63 63 63 63 63 63 57 57 57 57 57 57 57 57 57 97 97 97 97 97 97 97 97 97 93 93 93 93 93 93 93 93 93
72 73 87 57 87 5 3 60 96 44 58 72 19 19 43 57 70 61 19 56 7 30 30 30 30 30 30 30 30 30 52 52 52 52 52 52 52 52 52 67 67 67 67 67 67 67 67 67 66 66 66 66 66 66 66 66 66 1 1 1 1 1 1 1 1 1 90 90 90 90 90 90 90 90 90 63 63 63 63 63 63 63 63 63 57 57 57 57 57 57 57 57 57 97 97 97 97 97 97 97 97 97 93 93 93 93 93 93 93 93 93
73 87 96 84 11 55 61 98 7 100 62 72 44 96 17 13 43 17 33 57 97 30 30 30 30 30 30 30 30 30 52 52 52 52 52 52 52 52 52 67 67 67 67 67 67 67 67 67 66 66 66 66 66 66 66 66 66 1 1 1 1 1 1 1 1 1 90 90 90 90 90 90 90 90 90 63 63 63 63 63 63 63 63 63 57 57 57 57 57 57 57 57 57 97 97 97 97 97 97 97 97 97 93 93 93 93 93 93 93 93 93
74 68 69 68 95 88 87 77 38 14 23 33 22 1 70 14 79 31 19 81 70 30 30 30 30 30 30 30 30 30 52 52 52 52 52 52 52 52 52 67 67 67 67 67 67 67 67 67 66 66 66 66 66 66 66 66 66 1 1 1 1 1 1 1 1 1 90 90 90 90 90 90 90 90 90 63 63 63 63 63 63 63 63 63 57 57 57 57 57 57 57 57 57 97 97 97 97 97 97 97 97 97 93 93 93 93 93 93 93 93 93
75 24 14 100 87 74 2 57 88 57 34 8 83 93 89 24 74 98 90 17 30 30 30 30 30 30 30 30 30 30 52 52 52 52 52 52 52 52 52 67 67 67 67 67 67 67 67 67 66 66 66 66 66 66 66 66 66 1 1 1 1 1 1 1 1 1 90 90 90 90 90 90 90 90 90 63 63 63 63 63 63 63 63 63 57 57 57 57 57 57 57 57 57 97 97 97 97 97 97 97 97 97 93 93 93 93 93 93 93 93 93
76 77 12 72 62 34 8 13 31 10 73 13 9 49 5 38 34 14 73 51 33 30 30 30 30 30 30 30 30 30 52 52 52 52 52 52 52 52 52 67 67 67 67 67 67 67 67 67 66 66 66 66 66 66 66 66 66 1 1 1 1 1 1 1 1 1 90 90 90 90 90 90 90 90 90 63 63 63 63 63 63 63 63 63 57 57 57 57 57 57 57 57 57 97 97 97 97 97 97 97 97 97 93 93 93 93 93 93 93 93 93
77 90 100 63 83 58 74 87 91 29 21 61 32 65 52 44 94 23 19 70 58 30 30 30 30 30 30 30 30 30 52 52 52 52 52 52 52 52 52 67 67 67 67 67 67 67 67 67 66 66 66 66 66 66 66 66 66 1 1 1 1 1 1 1 1 1 90 90 90 90 90 90 90 90 90 63 63 63 63 63 63 63 63 63 57 57 57 57 57 57 57 57 57 97 97 97 97 97 97 97 97 97 93 93 93 93 93 93 93 93 93
78 98 25 56 62 24 10 83 45 96 75 79 49 82 14 33 81 65 42 73 33 30 30 30 30 30 30 30 30 30 52 52 52 52 52 52 52 52 52 67 67 67 67 67 67 67 67 67 66 66 66 66 66 66 66 66 66 1 1 1 1 1 1 1 1 1 90 90 90 90 90 90 90 90 90 63 63 63 63 63 63 63 63 63 57 57 57 57 57 57 57 57 57 97 97 97 97 97 97 97 97 97 93 93 93 93 93 93 93 93 93
79 87 40 46 93 53 94 60 15 4 20 19 3 93 29 18 84 28 49 40 30 30 30 30 30 30 30 30 30 30 52 52 52 52 52 52 52 52 52 67 67 67 67 67 67 67 67 67 66 66 66 66 66 66 66 66 66 1 1 1 1 1 1 1 1 1 90 90 90 90 90 90 90 90 90 63 63 63 63 63 63 63 63 63 57 57 57 57 57 57 57 57 57 97 97 97 97 97 97 97 97 97 93 93 93 93 93 93 93 93 93
80 12 49 41 93 21 13 36 99 7 5 1 85 23 81 90 44 38 86 60 43 30 30 30 30 30 30 30 30 30 52 52 52 52 52 52 52 52 52 67 67 67 67 67 67 67 67 67 66 66 66 66 66 66 66 66 66 1 1 1 1 1 1 1 1 1 90 90 90 90 90 90 90 90 90 63 63 63 63 63 63 63 63 63 57 57 57 57 57 57 57 57 57 97 97 97 97 97 97 97 97 97 93 93 93 93 93 93 93 93 93
81 98 86 59 54 3 87 99 8 71 28 99 73 92 38 80 67 14 20 21 4 30 30 30 30 30 30 30 30 30 52 52 52 52 52 52 52 52 52 67 67 67 67 67 67 67 67 67 66 66 66 66 66 66 66 66 66 1 1 1 1 1 1 1 1 1 90 90 90 90 90 90 90 90 90 63 63 63 63 63 63 63 63 63 57 57 57 57 57 57 57 57 57 97 97 97 97 97 97 97 97 97 93 93 93 93 93 93 93 93 93
82 96 36 49 47 24 89 1 30 57 9 36 3 12 94 7 62 63 48 34 30 30 30 30 30 30 30 30 30 30 52 52 52 52 52 52 52 52 52 67 67 67 67 67 67 67 67 67 66 66 66 66 66 66 66 66 66 1 1 1 1 1 1 1 1 1 90 90 90 90 90 90 90 90 90 63 63 63 63 63 63 63 63 63 57 57 57 57 57 57 57 57 57 97 97 97 97 97 97 97 97 97 93 93 93 93 93 93 93 93 93
83 13 44 88 29 35 61 48 92 21 97 22 72 11 29 77 72 5 71 61 80 30 30 30 30 30 30 30 30 30 52 52 52 52 52 52 52 52 52 67 67 67 67 67 67 67 67 67 66 66 66 66 66 66 66 66 66 1 1 1 1 1 1 1 1 1 90 90 90 90 90 90 90 90 90 63 63 63 63 63 63 63 63 63 57 57 57 57 57 57 57 57 57 97 97 97 97 97 97 97 97 97 93 93 93 93 93 93 93 93 93
84 68 50 73 84 42 100 31 44 57 46 80 24 25 35 30 80 98 9 41 2 30 30 30 30 30 30 30 30 30 52 52 52 52 52 52 52 52 52 67 67 67 67 67 67 67 67 67 66 66 66 66 66 66 66 66 66 1 1 1 1 1 1 1 1 1 90 90 90 90 90 90 90 90 90 63 63 63 63 63 63 63 63 63 57 57 57 57 57 57 57 57 57 97 97 97 97 97 97 97 97 97 93 93 93 93 93 93 93 93 93
85 50 85 74 46 65 10 18 27 88 24 12 24 69 39 57 77 76 99 74 33 30 30 30 30 30 30 30 30 30 52 52 52 52 52 52 52 52 52 67 67 67 67 67 67 67 67 67 66 66 66 66 66 66 66 66 66 1 1 1 1 1 1 1 1 1 90 90 90 90 90 90 90 90 90 63 63 63 63 63 63 63 63 63 57 57 57 57 57 57 57 57 57 97 97 97 97 97 97 97 97 97 93 93 93 93 93 93 93 93 93
86 43 60 10 61 65 19 8 2 55 42 59 79 26 45 87 36 80 3 20 48 30 30 30 30 30 30 30 30 30 52 52 52 52 52 52 52 52 52 67 67 67 67 67 67 67 67 67 66 66 66 66 66 66 66 66 66 1 1 1 1 1 1 1 1 1 90 90 90 90 90 90 90 90 90 63 63 63 63 63 63 63 63 63 57 57 57 57 57 57 57 57 57 97 97 97 97 97 97 97 97 97 93 93 93 93 93 93 93 93 93
87 11 15 13 68 3 45 72 67 2 74 71 46 43 81 8 66 58 93 1 56 30 30 30 30 30 30 30 30 30 52 52 52 52 52 52 52 52 52 67 67 67 67 67 67 67 67 67 66 66 66 66 66 66 66 66 66 1 1 1 1 1 1 1 1 1 90 90 90 90 90 90 90 90 90 63 63 63 63 63 63 63 63 63 57 57 57 57 57 57 57 57 57 97 97 97 97 97 97 97 97 97 93 93 93 93 93 93 93 93 93
88 22 59 30 47 94 56 52 39 99 94 49 19 69 74 14 63 70 41 46 9 30 30 30 30 30 30 30 30 30 52 52 52 52 52 52 52 52 52 67 67 67 67 67 67 67 67 67 66 66 66 66 66 66 66 66 66 1 1 1 1 1 1 1 1 1 90 90 90 90 90 90 90 90 90 63 63 63 63 63 63 63 63 63 57 57 57 57 57 57 57 57 57 97 97 97 97 97 97 97 97 97 93 93 93 93 93 93 93 93 93
89 33 91 29 78 1 76 50 85 91 67 28 13 91 6 59 17 8 57 39 26 30 30 30 30 30 30 30 30 30 52 52 52 52 52 52 52 52 52 67 67 67 67 67 67 67 67 67 66 66 66 66 66 66 66 66 66 1 1 1 1 1 1 1 1 1 90 90 90 90 90 90 90 90 90 63 63 63 63 63 63 63 63 63 57 57 57 57 57 57 57 57 57 97 97 97 97 97 97 97 97 97 93 93 93 93 93 93 93 93 93
90 39 18 86 2 29 17 40 74 84 35 7 59 36 88 50 68 74 62 7 61 30 30 30 30 30 30 30 30 30 52 52 52 52 52 52 52 52 52 67 67 67 67 67 67 67 67 67 66 66 66 66 66 66 66 66 66 1 1 1 1 1 1 1 1 1 90 90 90 90 90 90 90 90 90 63 63 63 63 63 63 63 63 63 57 57 57 57 57 57 57 57 57 97 97 97 97 97 97 97 97 97 93 93 93 93 93 93 93 93 93
91 3 40 38 68 77 6 26 40 27 40 48 25 42 9 24 79 31 81 2 54 30 30 30 30 30 30 30 30 30 52 52 52 52 52 52 52 52 52 67 67 67 67 67 67 67 67 67 66 66 66 66 66 66 66 66 66 1 1 1 1 1 1 1 1 1 90 90 90 90 90 90 90 90 90 63 63 63 63 63 63 63 63 63 57 57 57 57 57 57 57 57 57 97 97 97 97 97 97 97 97 97 93 93 93 93 93 93 93 93 93
92 19 12 32 35 95 7 99 3 41 94 42 94 27 96 75 6 17 24 36 82 30 30 30 30 30 30 30 30 30 52 52 52 52 52 52 52 52 52 67 67 67 67 67 67 67 67 67 66 66 66 66 66 66 66 66 66 1 1 1 1 1 1 1 1 1 90 90 90 90 90 90 90 90 90 63 63 63 63 63 63 63 63 63 57 57 57 57 57 57 57 57 57 97 97 97 97 97 97 97 97 97 93 93 93 93 93 93 93 93 93
93 35 62 20 38 40 21 47 71 70 70 12 94 93 42 70 18 17 1 3 2 30 30 30 30 30 30 30 30 30 52 52 52 52 52 52 52 52 52 67 67 67 67 67 67 67 67 67 66 66 66 66 66 66 66 66 66 1 1 1 1 1 1 1 1 1 90 90 90 90 90 90 90 90 90 63 63 63 63 63 63 63 63 63 57 57 57 57 57 57 57 57 57 97 97 97 97 97 97 97 97 97 93 93 93 93 93 93 93 93 93
94 89 42 57 95 41 35 58 70 33 19 84 84 57 80 2 42 98 71 37 100 30 30 30 30 30 30 30 30 30 52 52 52 52 52 52 52 52 52 67 67 67 67 67 67 67 67 67 66 66 66 66 66 66 66 66 66 1 1 1 1 1 1 1 1 1 90 90 90 90 90 90 90 90 90 63 63 63 63 63 63 63 63 63 57 57 57 57 57 57 57 57 57 97 97 97 97 97 97 97 97 97 93 93 93 93 93 93 93 93 93
95 21 14 69 81 12 43 75 16 40 91 94 68 9 87 31 16 5 66 86 5 30 30 30 30 30 30 30 30 30 52 52 52 52 52 52 52 52 52 67 67 67 67 67 67 67 67 67 66 66 66 66 66 66 66 66 66 1 1 1 1 1 1 1 1 1 90 90 90 90 90 90 90 90 90 63 63 63 63 63 63 63 63 63 57 57 57 57 57 57 57 57 57 97 97 97 97 97 97 97 97 97 93 93 93 93 93 93 93 93 93
96 4 97 20 50 59 5 92 40 76 65 8 97 65 34 86 92 26 46 22 74 30 30 30 30 30 30 30 30 30 52 52 52 52 52 52 52 52 52 67 67 67 67 67 67 67 67 67 66 66 66 66 66 66 66 66 66 1 1 1 1 1 1 1 1 1 90 90 90 90 90 90 90 90 90 63 63 63 63 63 63 63 63 63 57 57 57 57 57 57 57 57 57 97 97 97 97 97 97 97 97 97 93 93 93 93 93 93 93 93 93
97 25 70 88 36 33 20 50 67 77 67 71 22 25 5 9 97 6 47 59 94 30 30 30 30 30 30 30 30 30 52 52 52 52 52 52 52 52 52 67 67 67 67 67 67 67 67 67 66 66 66 66 66 66 66 66 66 1 1 1 1 1 1 1 1 1 90 90 90 90 90 90 90 90 90 63 63 63 63 63 63 63 63 63 57 57 57 57 57 57 57 57 57 97 97 97 97 97 97 97 97 97 93 93 93 93 93 93 93 93 93
98 95 3 94 10 68 82 33 33 44 60 25 80 76 4 80 1 30 15 46 10 30 30 30 30 30 30 30 30 30 52 52 52 52 52 52 52 52 52 67 67 67 67 67 67 67 67 67 66 66 66 66 66 66 66 66 66 1 1 1 1 1 1 1 1 1 90 90 90 90 90 90 90 90 90 63 63 63 63 63 63 63 63 63 57 57 57 57 57 57 57 57 57 97 97 97 97 97 97 97 97 97 93 93 93 93 93 93 93 93 93
99 62 19 74 23 25 17 43 56 43 96 80 57 73 51 36 86 9 99 72 74 30 30 30 30 30 30 30 30 30 52 52 52 52 52 52 52 52 52 67 67 67 67 67 67 67 67 67 66 66 66 66 66 66 66 66 66 1 1 1 1 1 1 1 1 1 90 90 90 90 90 90 90 90 90 63 63 63 63 63 63 63 63 63 57 57 57 57 57 57 57 57 57 97 97 97 97 97 97 97 97 97 93 93 93 93 93 93 93 93 93
