10 100
967.6 989.2 954.4000000000001 942.0 1046.2 975.4000000000001 950.0 988.0 1088.4 1031.6000000000001
0 70 48 8 53 71 71 47 63 7 15 59 85 20 29 95 11 37 36 49 90 19 19 19 19 19 19 19 19 19 63 63 63 63 63 63 63 63 63 68 68 68 68 68 68 68 68 68 73 73 73 73 73 73 73 73 73 73 73 73 73 73 73 73 73 73 53 53 53 53 53 53 53 53 53 5 5 5 5 5 5 5 5 5 21 21 21 21 21 21 21 21 21 90 90 90 90 90 90 90 90 90 58 58 58 58 58 58 58 58 58
1 72 98 42 40 20 19 55 31 94 82 5 39 36 53 73 72 71 94 68 14 19 19 19 19 19 19 19 19 19 63 63 63 63 63 63 63 63 63 68 68 68 68 68 68 68 68 68 73 73 73 73 73 73 73 73 73 73 73 73 73 73 73 73 73 73 53 53 53 53 53 53 53 53 53 5 5 5 5 5 5 5 5 5 21 21 21 21 21 21 21 21 21 90 90 90 90 90 90 90 90 90 58 58 58 58 58 58 58 58 58
2 1 26 70 6 96 88 14 18 75 8 78 18 35 34 41 83 34 90 37 63 19 19 19 19 19 19 19 19 19 63 63 63 63 63 63 63 63 63 68 68 68 68 68 68 68 68 68 73 73 73 73 73 73 73 73 73 73 73 73 73 73 73 73 73 73 53 53 53 53 53 53 53 53 53 5 5 5 5 5 5 5 5 5 21 21 21 21 21 21 21 21 21 90 90 90 90 90 90 90 90 90 58 58 58 58 58 58 58 58 58
3 4 20 15 70 71 69 10 89 29 6 3 59 60 50 68 32 89 51 67 51 19 19 19 19 19 19 19 19 19 63 63 63 63 63 63 63 63 63 68 68 68 68 68 68 68 68 68 73 73 73 73 73 73 73 73 73 73 73 73 73 73 73 73 73 73 53 53 53 53 53 53 53 53 53 5 5 5 5 5 5 5 5 5 21 21 21 21 21 21 21 21 21 90 90 90 90 90 90 90 90 90 58 58 58 58 58 58 58 58 58
4 71 82 46 34 7 38 43 100 63 4 34 100 98 26 68 2 91 81 24 94 19 19 19 19 19 19 19 19 19 63 63 63 63 63 63 63 63 63 68 68 68 68 68 68 68 68 68 73 73 73 73 73 73 73 73 73 73 73 73 73 73 73 73 73 73 53 53 53 53 53 53 53 53 53 5 5 5 5 5 5 5 5 5 21 21 21 21 21 21 21 21 21 90 90 90 90 90 90 90 90 90 58 58 58 58 58 58 58 58 58
5 84 99 31 23 44 21 71 55 61 41 89 2 100 52 52 46 32 92 95 64 19 19 19 19 19 19 19 19 19 63 63 63 63 63 63 63 63 63 68 68 68 68 68 68 68 68 68 73 73 73 73 73 73 73 73 73 73 73 73 73 73 73 73 73 73 53 53 53 53 53 53 53 53 53 5 5 5 5 5 5 5 5 5 21 21 21 21 21 21 21 21 21 90 90 90 90 90 90 90 90 90 58 58 58 58 58 58 58 58 58
6 78 49 25 94 77 53 53 40 5 48 76 94 30 56 39 95 3 25 88 47 19 19 19 19 19 19 19 19 19 63 63 63 63 63 63 63 63 63 68 68 68 68 68 68 68 68 68 73 73 73 73 73 73 73 73 73 73 73 73 73 73 73 73 73 73 53 53 53 53 53 53 53 53 53 5 5 5 5 5 5 5 5 5 21 21 21 21 21 21 21 21 21 90 90 90 90 90 90 90 90 90 58 58 58 58 58 58 58 58 58
7 23 63 56 57 93 35 4 13 20 57 44 88 69 53 20 55 74 16 54 32 19 19 19 19 19 19 19 19 19 63 63 63 63 63 63 63 63 63 68 68 68 68 68 68 68 68 68 73 73 73 73 73 73 73 73 73 73 73 73 73 73 73 73 73 73 53 53 53 53 53 53 53 53 53 5 5 5 5 5 5 5 5 5 21 21 21 21 21 21 21 21 21 90 90 90 90 90 90 90 90 90 58 58 58 58 58 58 58 58 58
8 95 47 82 14 24 94 82 18 65 92 54 40 77 97 75 41 59 53 37 26 19 19 19 19 19 19 19 19 19 63 63 63 63 63 63 63 63 63 68 68 68 68 68 68 68 68 68 73 73 73 73 73 73 73 73 73 73 73 73 73 73 73 73 73 73 53 53 53 53 53 53 53 53 53 5 5 5 5 5 5 5 5 5 21 21 21 21 21 21 21 21 21 90 90 90 90 90 90 90 90 90 58 58 58 58 58 58 58 58 58
9 6 65 28 22 44 94 61 25 9 52 6 86 65 49 70 51 6 20 87 92 19 19 19 19 19 19 19 19 19 63 63 63 63 63 63 63 63 63 68 68 68 68 68 68 68 68 68 73 73 73 73 73 73 73 73 73 73 73 73 73 73 73 73 73 73 53 53 53 53 53 53 53 53 53 5 5 5 5 5 5 5 5 5 21 21 21 21 21 21 21 21 21 90 90 90 90 90 90 90 90 90 58 58 58 58 58 58 58 58 58
10 42 51 91 99 44 7 65 42 84 24 48 18 86 9 55 48 26 91 86 59 19 19 19 19 19 19 19 19 19 63 63 63 63 63 63 63 63 63 68 68 68 68 68 68 68 68 68 73 73 73 73 73 73 73 73 73 73 73 73 73 73 73 73 73 73 53 53 53 53 53 53 53 53 53 5 5 5 5 5 5 5 5 5 21 21 21 21 21 21 21 21 21 90 90 90 90 90 90 90 90 90 58 58 58 58 58 58 58 58 58
11 66 86 98 41 18 98 88 61 43 99 91 5 6 81 48 37 37 21 34 62 19 19 19 19 19 19 19 19 19 63 63 63 63 63 63 63 63 63 68 68 68 68 68 68 68 68 68 73 73 73 73 73 73 73 73 73 73 73 73 73 73 73 73 73 73 53 53 53 53 53 53 53 53 53 5 5 5 5 5 5 5 5 5 21 21 21 21 21 21 21 21 21 90 90 90 90 90 90 90 90 90 58 58 58 58 58 58 58 58 58
12 36 9 42 77 52 74 98 35 69 21 15 57 7 50 47 33 34 3 67 79 19 19 19 19 19 19 19 19 19 63 63 63 63 63 63 63 63 63 68 68 68 68 68 68 68 68 68 73 73 73 73 73 73 73 73 73 73 73 73 73 73 73 73 73 73 53 53 53 53 53 53 53 53 53 5 5 5 5 5 5 5 5 5 21 21 21 21 21 21 21 21 21 90 90 90 90 90 90 90 90 90 58 58 58 58 58 58 58 58 58
13 82 66 73 94 42 24 47 11 22 41 57 43 39 61 24 40 55 54 10 29 19 19 19 19 19 19 19 19 19 63 63 63 63 63 63 63 63 63 68 68 68 68 68 68 68 68 68 73 73 73 73 73 73 73 73 73 73 73 73 73 73 73 73 73 73 53 53 53 53 53 53 53 53 53 5 5 5 5 5 5 5 5 5 21 21 21 21 21 21 21 21 21 90 90 90 90 90 90 90 90 90 58 58 58 58 58 58 58 58 58
14 46 27 3 61 51 42 54 100 26 67 53 90 71 66 89 37 28 6 64 58 19 19 19 19 19 19 19 19 19 63 63 63 63 63 63 63 63 63 68 68 68 68 68 68 68 68 68 73 73 73 73 73 73 73 73 73 73 73 73 73 73 73 73 73 73 53 53 53 53 53 53 53 53 53 5 5 5 5 5 5 5 5 5 21 21 21 21 21 21 21 21 21 90 90 90 90 90 90 90 90 90 58 58 58 58 58 58 58 58 58
15 52 62 16 49 53 6 18 9 70 97 98 52 10 70 24 33 9 58 99 18 19 19 19 19 19 19 19 19 19 63 63 63 63 63 63 63 63 63 68 68 68 68 68 68 68 68 68 73 73 73 73 73 73 73 73 73 73 73 73 73 73 73 73 73 73 53 53 53 53 53 53 53 53 53 5 5 5 5 5 5 5 5 5 21 21 21 21 21 21 21 21 21 90 90 90 90 90 90 90 90 90 58 58 58 58 58 58 58 58 58
16 22 79 69 59 51 42 61 59 12 45 85 23 85 43 47 78 80 90 68 48 19 19 19 19 19 19 19 19 19 63 63 63 63 63 63 63 63 63 68 68 68 68 68 68 68 68 68 73 73 73 73 73 73 73 73 73 73 73 73 73 73 73 73 73 73 53 53 53 53 53 53 53 53 53 5 5 5 5 5 5 5 5 5 21 21 21 21 21 21 21 21 21 90 90 90 90 90 90 90 90 90 58 58 58 58 58 58 58 58 58
17 72 35 93 17 3 63 53 69 18 49 44 23 83 89 30 64 93 31 59 68 19 19 19 19 19 19 19 19 19 63 63 63 63 63 63 63 63 63 68 68 68 68 68 68 68 68 68 73 73 73 73 73 73 73 73 73 73 73 73 73 73 73 73 73 73 53 53 53 53 53 53 53 53 53 5 5 5 5 5 5 5 5 5 21 21 21 21 21 21 21 21 21 90 90 90 90 90 90 90 90 90 58 58 58 58 58 58 58 58 58
18 39 96 81 70 98 31 37 40 68 18 53 86 70 90 65 16 54 77 92 95 19 19 19 19 19 19 19 19 19 63 63 63 63 63 63 63 63 63 68 68 68 68 68 68 68 68 68 73 73 73 73 73 73 73 73 73 73 73 73 73 73 73 73 73 73 53 53 53 53 53 53 53 53 53 5 5 5 5 5 5 5 5 5 21 21 21 21 21 21 21 21 21 90 90 90 90 90 90 90 90 90 58 58 58 58 58 58 58 58 58
19 28 84 42 7 49 75 13 97 14 92 83 93 78 75 51 65 66 4 13 8 19 19 19 19 19 19 19 19 19 63 63 63 63 63 63 63 63 63 68 68 68 68 68 68 68 68 68 73 73 73 73 73 73 73 73 73 73 73 73 73 73 73 73 73 73 53 53 53 53 53 53 53 53 53 5 5 5 5 5 5 5 5 5 21 21 21 21 21 21 21 21 21 90 90 90 90 90 90 90 90 90 58 58 58 58 58 58 58 58 58
20 27 19 41 24 6 50 11 92 35 98 69 1 93 95 70 49 87 90 44 22 19 19 19 19 19 19 19 19 19 63 63 63 63 63 63 63 63 63 68 68 68 68 68 68 68 68 68 73 73 73 73 73 73 73 73 73 73 73 73 73 73 73 73 73 73 53 53 53 53 53 53 53 53 53 5 5 5 5 5 5 5 5 5 21 21 21 21 21 21 21 21 21 90 90 90 90 90 90 90 90 90 58 58 58 58 58 58 58 58 58
21 1 27 70 66 49 2 50 90 45 96 38 62 9 5 72 53 36 19 47 42 19 19 19 19 19 19 19 19 19 63 63 63 63 63 63 63 63 63 68 68 68 68 68 68 68 68 68 73 73 73 73 73 73 73 73 73 73 73 73 73 73 73 73 73 73 53 53 53 53 53 53 53 53 53 5 5 5 5 5 5 5 5 5 21 21 21 21 21 21 21 21 21 90 90 90 90 90 90 90 90 90 58 58 58 58 58 58 58 58 58
22 2 70 48 74 33 66 41 69 89 41 45 40 29 15 98 30 34 57 79 40 19 19 19 19 19 19 19 19 19 63 63 63 63 63 63 63 63 63 68 68 68 68 68 68 68 68 68 73 73 73 73 73 73 73 73 73 73 73 73 73 73 73 73 73 73 53 53 53 53 53 53 53 53 53 5 5 5 5 5 5 5 5 5 21 21 21 21 21 21 21 21 21 90 90 90 90 90 90 90 90 90 58 58 58 58 58 58 58 58 58
23 76 1 61 75 88 43 41 2 84 4 29 68 13 17 60 32 33 7 35 83 19 19 19 19 19 19 19 19 19 63 63 63 63 63 63 63 63 63 68 68 68 68 68 68 68 68 68 73 73 73 73 73 73 73 73 73 73 73 73 73 73 73 73 73 73 53 53 53 53 53 53 53 53 53 5 5 5 5 5 5 5 5 5 21 21 21 21 21 21 21 21 21 90 90 90 90 90 90 90 90 90 58 58 58 58 58 58 58 58 58
24 32 7 89 27 94 51 95 33 18 39 41 100 16 45 45 2 58 75 31 76 19 19 19 19 19 19 19 19 19 63 63 63 63 63 63 63 63 63 68 68 68 68 68 68 68 68 68 73 73 73 73 73 73 73 73 73 73 73 73 73 73 73 73 73 73 53 53 53 53 53 53 53 53 53 5 5 5 5 5 5 5 5 5 21 21 21 21 21 21 21 21 21 90 90 90 90 90 90 90 90 90 58 58 58 58 58 58 58 58 58
25 91 61 82 86 94 78 86 31 7 96 80 79 99 68 59 50 8 77 3 40 19 19 19 19 19 19 19 19 19 63 63 63 63 63 63 63 63 63 68 68 68 68 68 68 68 68 68 73 73 73 73 73 73 73 73 73 73 73 73 73 73 73 73 73 73 53 53 53 53 53 53 53 53 53 5 5 5 5 5 5 5 5 5 21 21 21 21 21 21 21 21 21 90 90 90 90 90 90 90 90 90 58 58 58 58 58 58 58 58 58
26 53 22 40 51 82 24 71 85 91 14 73 90 45 20 19 82 61 95 94 62 19 19 19 19 19 19 19 19 19 63 63 63 63 63 63 63 63 63 68 68 68 68 68 68 68 68 68 73 73 73 73 73 73 73 73 73 73 73 73 73 73 73 73 73 73 53 53 53 53 53 53 53 53 53 5 5 5 5 5 5 5 5 5 21 21 21 21 21 21 21 21 21 90 90 90 90 90 90 90 90 90 58 58 58 58 58 58 58 58 58
27 18 51 52 36 73 24 96 67 23 99 70 54 27 94 98 6 65 88 63 60 19 19 19 19 19 19 19 19 19 63 63 63 63 63 63 63 63 63 68 68 68 68 68 68 68 68 68 73 73 73 73 73 73 73 73 73 73 73 73 73 73 73 73 73 73 53 53 53 53 53 53 53 53 53 5 5 5 5 5 5 5 5 5 21 21 21 21 21 21 21 21 21 90 90 90 90 90 90 90 90 90 58 58 58 58 58 58 58 58 58
28 66 98 85 21 28 93 42 12 86 93 39 84 71 10 37 93 49 77 78 69 19 19 19 19 19 19 19 19 19 63 63 63 63 63 63 63 63 63 68 68 68 68 68 68 68 68 68 73 73 73 73 73 73 73 73 73 73 73 73 73 73 73 73 73 73 53 53 53 53 53 53 53 53 53 5 5 5 5 5 5 5 5 5 21 21 21 21 21 21 21 21 21 90 90 90 90 90 90 90 90 90 58 58 58 58 58 58 58 58 58
29 74 92 69 8 5 55 36 8 50 71 74 77 58 44 54 29 98 95 92 5 19 19 19 19 19 19 19 19 19 63 63 63 63 63 63 63 63 63 68 68 68 68 68 68 68 68 68 73 73 73 73 73 73 73 73 73 73 73 73 73 73 73 73 73 73 53 53 53 53 53 53 53 53 53 5 5 5 5 5 5 5 5 5 21 21 21 21 21 21 21 21 21 90 90 90 90 90 90 90 90 90 58 58 58 58 58 58 58 58 58
30 31 43 83 30 77 89 70 77 86 5 15 41 97 29 32 32 48 40 11 9 19 19 19 19 19 19 19 19 19 63 63 63 63 63 63 63 63 63 68 68 68 68 68 68 68 68 68 73 73 73 73 73 73 73 73 73 73 73 73 73 73 73 73 73 73 53 53 53 53 53 53 53 53 53 5 5 5 5 5 5 5 5 5 21 21 21 21 21 21 21 21 21 90 90 90 90 90 90 90 90 90 58 58 58 58 58 58 58 58 58
31 7 90 17 55 99 85 97 15 19 48 50 62 44 1 10 42 31 76 62 31 19 19 19 19 19 19 19 19 19 63 63 63 63 63 63 63 63 63 68 68 68 68 68 68 68 68 68 73 73 73 73 73 73 73 73 73 73 73 73 73 73 73 73 73 73 53 53 53 53 53 53 53 53 53 5 5 5 5 5 5 5 5 5 21 21 21 21 21 21 21 21 21 90 90 90 90 90 90 90 90 90 58 58 58 58 58 58 58 58 58
32 41 84 73 42 92 17 85 56 22 35 67 95 95 60 87 26 86 26 29 52 19 19 19 19 19 19 19 19 19 63 63 63 63 63 63 63 63 63 68 68 68 68 68 68 68 68 68 73 73 73 73 73 73 73 73 73 73 73 73 73 73 73 73 73 73 53 53 53 53 53 53 53 53 53 5 5 5 5 5 5 5 5 5 21 21 21 21 21 21 21 21 21 90 90 90 90 90 90 90 90 90 58 58 58 58 58 58 58 58 58
33 43 13 94 21 8 9 70 24 50 95 46 52 62 4 29 73 62 98 33 93 19 19 19 19 19 19 19 19 19 63 63 63 63 63 63 63 63 63 68 68 68 68 68 68 68 68 68 73 73 73 73 73 73 73 73 73 73 73 73 73 73 73 73 73 73 53 53 53 53 53 53 53 53 53 5 5 5 5 5 5 5 5 5 21 21 21 21 21 21 21 21 21 90 90 90 90 90 90 90 90 90 58 58 58 58 58 58 58 58 58
34 37 47 19 73 62 48 23 5 59 83 27 57 32 7 95 71 48 58 72 83 19 19 19 19 19 19 19 19 19 63 63 63 63 63 63 63 63 63 68 68 68 68 68 68 68 68 68 73 73 73 73 73 73 73 73 73 73 73 73 73 73 73 73 73 73 53 53 53 53 53 53 53 53 53 5 5 5 5 5 5 5 5 5 21 21 21 21 21 21 21 21 21 90 90 90 90 90 90 90 90 90 58 58 58 58 58 58 58 58 58
35 16 17 2 83 89 2 47 37 15 20 33 87 21 52 24 57 91 94 92 27 19 19 19 19 19 19 19 19 19 63 63 63 63 63 63 63 63 63 68 68 68 68 68 68 68 68 68 73 73 73 73 73 73 73 73 73 73 73 73 73 73 73 73 73 73 53 53 53 53 53 53 53 53 53 5 5 5 5 5 5 5 5 5 21 21 21 21 21 21 21 21 21 90 90 90 90 90 90 90 90 90 58 58 58 58 58 58 58 58 58
36 16 25 32 9 20 100 76 1 66 6 68 91 23 26 13 79 81 62 64 28 19 19 19 19 19 19 19 19 19 63 63 63 63 63 63 63 63 63 68 68 68 68 68 68 68 68 68 73 73 73 73 73 73 73 73 73 73 73 73 73 73 73 73 73 73 53 53 53 53 53 53 53 53 53 5 5 5 5 5 5 5 5 5 21 21 21 21 21 21 21 21 21 90 90 90 90 90 90 90 90 90 58 58 58 58 58 58 58 58 58
37 41 18 90 14 80 17 82 8 17 78 83 70 97 13 43 10 93 76 3 51 19 19 19 19 19 19 19 19 19 63 63 63 63 63 63 63 63 63 68 68 68 68 68 68 68 68 68 73 73 73 73 73 73 73 73 73 73 73 73 73 73 73 73 73 73 53 53 53 53 53 53 53 53 53 5 5 5 5 5 5 5 5 5 21 21 21 21 21 21 21 21 21 90 90 90 90 90 90 90 90 90 58 58 58 58 58 58 58 58 58
38 57 62 78 93 16 23 96 2 23 80 41 27 50 72 24 1 70 50 64 20 19 19 19 19 19 19 19 19 19 63 63 63 63 63 63 63 63 63 68 68 68 68 68 68 68 68 68 73 73 73 73 73 73 73 73 73 73 73 73 73 73 73 73 73 73 53 53 53 53 53 53 53 53 53 5 5 5 5 5 5 5 5 5 21 21 21 21 21 21 21 21 21 90 90 90 90 90 90 90 90 90 58 58 58 58 58 58 58 58 58
39 25 42 77 38 59 21 93 11 8 95 54 29 49 39 9 95 69 69 32 4 19 19 19 19 19 19 19 19 19 63 63 63 63 63 63 63 63 63 68 68 68 68 68 68 68 68 68 73 73 73 73 73 73 73 73 73 73 73 73 73 73 73 73 73 73 53 53 53 53 53 53 53 53 53 5 5 5 5 5 5 5 5 5 21 21 21 21 21 21 21 21 21 90 90 90 90 90 90 90 90 90 58 58 58 58 58 58 58 58 58
40 5 70 68 61 39 99 23 36 94 89 52 20 100 27 25 79 73 9 19 41 19 19 19 19 19 19 19 19 19 63 63 63 63 63 63 63 63 63 68 68 68 68 68 68 68 68 68 73 73 73 73 73 73 73 73 73 73 73 73 73 73 73 73 73 73 53 53 53 53 53 53 53 53 53 5 5 5 5 5 5 5 5 5 21 21 21 21 21 21 21 21 21 90 90 90 90 90 90 90 90 90 58 58 58 58 58 58 58 58 58
41 74 33 54 48 95 21 50 85 31 1 29 65 55 57 92 85 90 88 46 51 19 19 19 19 19 19 19 19 19 63 63 63 63 63 63 63 63 63 68 68 68 68 68 68 68 68 68 73 73 73 73 73 73 73 73 73 73 73 73 73 73 73 73 73 73 53 53 53 53 53 53 53 53 53 5 5 5 5 5 5 5 5 5 21 21 21 21 21 21 21 21 21 90 90 90 90 90 90 90 90 90 58 58 58 58 58 58 58 58 58
42 78 60 6 67 61 3 52 77 96 90 37 67 42 57 60 55 81 23 28 52 19 19 19 19 19 19 19 19 19 63 63 63 63 63 63 63 63 63 68 68 68 68 68 68 68 68 68 73 73 73 73 73 73 73 73 73 73 73 73 73 73 73 73 73 73 53 53 53 53 53 53 53 53 53 5 5 5 5 5 5 5 5 5 21 21 21 21 21 21 21 21 21 90 90 90 90 90 90 90 90 90 58 58 58 58 58 58 58 58 58
43 73 45 72 28 47 45 91 37 57 42 99 74 10 68 57 76 17 56 39 69 19 19 19 19 19 19 19 19 19 63 63 63 63 63 63 63 63 63 68 68 68 68 68 68 68 68 68 73 73 73 73 73 73 73 73 73 73 73 73 73 73 73 73 73 73 53 53 53 53 53 53 53 53 53 5 5 5 5 5 5 5 5 5 21 21 21 21 21 21 21 21 21 90 90 90 90 90 90 90 90 90 58 58 58 58 58 58 58 58 58
44 58 83 57 3 49 24 49 46 18 66 94 80 68 48 82 86 42 36 5 48 19 19 19 19 19 19 19 19 19 63 63 63 63 63 63 63 63 63 68 68 68 68 68 68 68 68 68 73 73 73 73 73 73 73 73 73 73 73 73 73 73 73 73 73 73 53 53 53 53 53 53 53 53 53 5 5 5 5 5 5 5 5 5 21 21 21 21 21 21 21 21 21 90 90 90 90 90 90 90 90 90 58 58 58 58 58 58 58 58 58
45 38 61 49 80 21 64 50 39 80 4 73 67 26 4 17 14 28 100 81 71 19 19 19 19 19 19 19 19 19 63 63 63 63 63 63 63 63 63 68 68 68 68 68 68 68 68 68 73 73 73 73 73 73 73 73 73 73 73 73 73 73 73 73 73 73 53 53 53 53 53 53 53 53 53 5 5 5 5 5 5 5 5 5 21 21 21 21 21 21 21 21 21 90 90 90 90 90 90 90 90 90 58 58 58 58 58 58 58 58 58
46 26 94 53 18 95 30 58 29 10 42 96 67 93 40 77 3 47 6 21 17 19 19 19 19 19 19 19 19 19 63 63 63 63 63 63 63 63 63 68 68 68 68 68 68 68 68 68 73 73 73 73 73 73 73 73 73 73 73 73 73 73 73 73 73 73 53 53 53 53 53 53 53 53 53 5 5 5 5 5 5 5 5 5 21 21 21 21 21 21 21 21 21 90 90 90 90 90 90 90 90 90 58 58 58 58 58 58 58 58 58
47 23 30 6 46 44 1 60 21 59 37 28 5 71 17 88 54 97 76 34 29 19 19 19 19 19 19 19 19 19 63 63 63 63 63 63 63 63 63 68 68 68 68 68 68 68 68 68 73 73 73 73 73 73 73 73 73 73 73 73 73 73 73 73 73 73 53 53 53 53 53 53 53 53 53 5 5 5 5 5 5 5 5 5 21 21 21 21 21 21 21 21 21 90 90 90 90 90 90 90 90 90 58 58 58 58 58 58 58 58 58
48 16 90 97 78 95 4 52 35 19 42 1 3 18 96 47 65 22 39 32 95 19 19 19 19 19 19 19 19 19 63 63 63 63 63 63 63 63 63 68 68 68 68 68 68 68 68 68 73 73 73 73 73 73 73 73 73 73 73 73 73 73 73 73 73 73 53 53 53 53 53 53 53 53 53 5 5 5 5 5 5 5 5 5 21 21 21 21 21 21 21 21 21 90 90 90 90 90 90 90 90 90 58 58 58 58 58 58 58 58 58
49 90 65 12 75 51 83 64 74 71 54 25 26 58 81 13 22 55 15 66 84 19 19 19 19 19 19 19 19 19 63 63 63 63 63 63 63 63 63 68 68 68 68 68 68 68 68 68 73 73 73 73 73 73 73 73 73 73 73 73 73 73 73 73 73 73 53 53 53 53 53 53 53 53 53 5 5 5 5 5 5 5 5 5 21 21 21 21 21 21 21 21 21 90 90 90 90 90 90 90 90 90 58 58 58 58 58 58 58 58 58
50 27 82 82 2 48 51 58 33 67 66 36 26 6 21 42 4 85 20 76 16 19 19 19 19 19 19 19 19 19 63 63 63 63 63 63 63 63 63 68 68 68 68 68 68 68 68 68 73 73 73 73 73 73 73 73 73 73 73 73 73 73 73 73 73 73 53 53 53 53 53 53 53 53 53 5 5 5 5 5 5 5 5 5 21 21 21 21 21 21 21 21 21 90 90 90 90 90 90 90 90 90 58 58 58 58 58 58 58 58 58
51 87 49 40 93 26 58 61 100 79 72 94 48 79 8 42 92 62 7 29 78 19 19 19 19 19 19 19 19 19 63 63 63 63 63 63 63 63 63 68 68 68 68 68 68 68 68 68 73 73 73 73 73 73 73 73 73 73 73 73 73 73 73 73 73 73 53 53 53 53 53 53 53 53 53 5 5 5 5 5 5 5 5 5 21 21 21 21 21 21 21 21 21 90 90 90 90 90 90 90 90 90 58 58 58 58 58 58 58 58 58
52 94 32 94 71 20 59 60 29 67 83 86 61 29 79 13 64 12 65 26 38 19 19 19 19 19 19 19 19 19 63 63 63 63 63 63 63 63 63 68 68 68 68 68 68 68 68 68 73 73 73 73 73 73 73 73 73 73 73 73 73 73 73 73 73 73 53 53 53 53 53 53 53 53 53 5 5 5 5 5 5 5 5 5 21 21 21 21 21 21 21 21 21 90 90 90 90 90 90 90 90 90 58 58 58 58 58 58 58 58 58
53 93 14 73 14 45 33 3 35 63 30 91 28 95 23 57 28 72 89 59 36 19 19 19 19 19 19 19 19 19 63 63 63 63 63 63 63 63 63 68 68 68 68 68 68 68 68 68 73 73 73 73 73 73 73 73 73 73 73 73 73 73 73 73 73 73 53 53 53 53 53 53 53 53 53 5 5 5 5 5 5 5 5 5 21 21 21 21 21 21 21 21 21 90 90 90 90 90 90 90 90 90 58 58 58 58 58 58 58 58 58
54 81 24 20 64 30 26 49 61 47 35 19 56 30 36 66 50 32 68 83 41 19 19 19 19 19 19 19 19 19 63 63 63 63 63 63 63 63 63 68 68 68 68 68 68 68 68 68 73 73 73 73 73 73 73 73 73 73 73 73 73 73 73 73 73 73 53 53 53 53 53 53 53 53 53 5 5 5 5 5 5 5 5 5 21 21 21 21 21 21 21 21 21 90 90 90 90 90 90 90 90 90 58 58 58 58 58 58 58 58 58
55 3 38 64 98 5 95 52 97 29 88 28 7 82 94 4 67 87 96 22 6 19 19 19 19 19 19 19 19 19 63 63 63 63 63 63 63 63 63 68 68 68 68 68 68 68 68 68 73 73 73 73 73 73 73 73 73 73 73 73 73 73 73 73 73 73 53 53 53 53 53 53 53 53 53 5 5 5 5 5 5 5 5 5 21 21 21 21 21 21 21 21 21 90 90 90 90 90 90 90 90 90 58 58 58 58 58 58 58 58 58
56 28 78 61 71 11 82 85 66 72 64 62 82 95 74 53 98 9 69 40 54 19 19 19 19 19 19 19 19 19 63 63 63 63 63 63 63 63 63 68 68 68 68 68 68 68 68 68 73 73 73 73 73 73 73 73 73 73 73 73 73 73 73 73 73 73 53 53 53 53 53 53 53 53 53 5 5 5 5 5 5 5 5 5 21 21 21 21 21 21 21 21 21 90 90 90 90 90 90 90 90 90 58 58 58 58 58 58 58 58 58
57 20 72 97 78 31 93 36 60 95 92 10 100 14 1 50 57 35 30 15 46 19 19 19 19 19 19 19 19 19 63 63 63 63 63 63 63 63 63 68 68 68 68 68 68 68 68 68 73 73 73 73 73 73 73 73 73 73 73 73 73 73 73 73 73 73 53 53 53 53 53 53 53 53 53 5 5 5 5 5 5 5 5 5 21 21 21 21 21 21 21 21 21 90 90 90 90 90 90 90 90 90 58 58 58 58 58 58 58 58 58
58 36 6 93 69 77 83 100 77 94 84 25 60 44 47 83 83 39 65 31 13 19 19 19 19 19 19 19 19 19 63 63 63 63 63 63 63 63 63 68 68 68 68 68 68 68 68 68 73 73 73 73 73 73 73 73 73 73 73 73 73 73 73 73 73 73 53 53 53 53 53 53 53 53 53 5 5 5 5 5 5 5 5 5 21 21 21 21 21 21 21 21 21 90 90 90 90 90 90 90 90 90 58 58 58 58 58 58 58 58 58
59 8 7 1 59 75 70 14 17 88 26 45 4 73 73 36 54 25 85 11 60 19 19 19 19 19 19 19 19 19 63 63 63 63 63 63 63 63 63 68 68 68 68 68 68 68 68 68 73 73 73 73 73 73 73 73 73 73 73 73 73 73 73 73 73 73 53 53 53 53 53 53 53 53 53 5 5 5 5 5 5 5 5 5 21 21 21 21 21 21 21 21 21 90 90 90 90 90 90 90 90 90 58 58 58 58 58 58 58 58 58
60 26 41 79 60 61 64 35 30 75 87 29 1 54 89 52 42 32 15 27 66 19 19 19 19 19 19 19 19 19 63 63 63 63 63 63 63 63 63 68 68 68 68 68 68 68 68 68 73 73 73 73 73 73 73 73 73 73 73 73 73 73 73 73 73 73 53 53 53 53 53 53 53 53 53 5 5 5 5 5 5 5 5 5 21 21 21 21 21 21 21 21 21 90 90 90 90 90 90 90 90 90 58 58 58 58 58 58 58 58 58
61 14 11 79 31 75 89 12 78 97 55 32 12 66 36 22 84 53 68 62 34 19 19 19 19 19 19 19 19 19 63 63 63 63 63 63 63 63 63 68 68 68 68 68 68 68 68 68 73 73 73 73 73 73 73 73 73 73 73 73 73 73 73 73 73 73 53 53 53 53 53 53 53 53 53 5 5 5 5 5 5 5 5 5 21 21 21 21 21 21 21 21 21 90 90 90 90 90 90 90 90 90 58 58 58 58 58 58 58 58 58
62 47 54 50 91 90 86 72 4 54 67 22 32 100 59 40 38 39 92 41 73 19 19 19 19 19 19 19 19 19 63 63 63 63 63 63 63 63 63 68 68 68 68 68 68 68 68 68 73 73 73 73 73 73 73 73 73 73 73 73 73 73 73 73 73 73 53 53 53 53 53 53 53 53 53 5 5 5 5 5 5 5 5 5 21 21 21 21 21 21 21 21 21 90 90 90 90 90 90 90 90 90 58 58 58 58 58 58 58 58 58
63 66 37 67 85 3 76 74 45 3 15 73 20 28 82 13 5 80 9 34 8 19 19 19 19 19 19 19 19 19 63 63 63 63 63 63 63 63 63 68 68 68 68 68 68 68 68 68 73 73 73 73 73 73 73 73 73 73 73 73 73 73 73 73 73 73 53 53 53 53 53 53 53 53 53 5 5 5 5 5 5 5 5 5 21 21 21 21 21 21 21 21 21 90 90 90 90 90 90 90 90 90 58 58 58 58 58 58 58 58 58
64 94 20 35 18 27 19 80 33 58 40 31 19 25 23 43 80 44 83 15 52 19 19 19 19 19 19 19 19 19 63 63 63 63 63 63 63 63 63 68 68 68 68 68 68 68 68 68 73 73 73 73 73 73 73 73 73 73 73 73 73 73 73 73 73 73 53 53 53 53 53 53 53 53 53 5 5 5 5 5 5 5 5 5 21 21 21 21 21 21 21 21 21 90 90 90 90 90 90 90 90 90 58 58 58 58 58 58 58 58 58
65 40 78 85 16 74 17 70 43 74 82 66 99 84 6 68 33 30 38 95 43 19 19 19 19 19 19 19 19 19 63 63 63 63 63 63 63 63 63 68 68 68 68 68 68 68 68 68 73 73 73 73 73 73 73 73 73 73 73 73 73 73 73 73 73 73 53 53 53 53 53 53 53 53 53 5 5 5 5 5 5 5 5 5 21 21 21 21 21 21 21 21 21 90 90 90 90 90 90 90 90 90 58 58 58 58 58 58 58 58 58
66 14 33 63 54 56 22 47 4 70 93 50 38 66 15 25 82 14 87 73 44 19 19 19 19 19 19 19 19 19 63 63 63 63 63 63 63 63 63 68 68 68 68 68 68 68 68 68 73 73 73 73 73 73 73 73 73 73 73 73 73 73 73 73 73 73 53 53 53 53 53 53 53 53 53 5 5 5 5 5 5 5 5 5 21 21 21 21 21 21 21 21 21 90 90 90 90 90 90 90 90 90 58 58 58 58 58 58 58 58 58
67 38 54 70 63 42 58 5 19 8 24 45 11 64 3 31 66 68 67 71 10 19 19 19 19 19 19 19 19 19 63 63 63 63 63 63 63 63 63 68 68 68 68 68 68 68 68 68 73 73 73 73 73 73 73 73 73 73 73 73 73 73 73 73 73 73 53 53 53 53 53 53 53 53 53 5 5 5 5 5 5 5 5 5 21 21 21 21 21 21 21 21 21 90 90 90 90 90 90 90 90 90 58 58 58 58 58 58 58 58 58
68 7 31 62 3 92 25 56 55 65 50 99 65 73 24 58 20 31 1 82 21 19 19 19 19 19 19 19 19 19 63 63 63 63 63 63 63 63 63 68 68 68 68 68 68 68 68 68 73 73 73 73 73 73 73 73 73 73 73 73 73 73 73 73 73 73 53 53 53 53 53 53 53 53 53 5 5 5 5 5 5 5 5 5 21 21 21 21 21 21 21 21 21 90 90 90 90 90 90 90 90 90 58 58 58 58 58 58 58 58 58
69 45 42 15 12 32 72 76 66 55 74 1 91 15 62 17 88 91 15 56 67 19 19 19 19 19 19 19 19 19 63 63 63 63 63 63 63 63 63 68 68 68 68 68 68 68 68 68 73 73 73 73 73 73 73 73 73 73 73 73 73 73 73 73 73 73 53 53 53 53 53 53 53 53 53 5 5 5 5 5 5 5 5 5 21 21 21 21 21 21 21 21 21 90 90 90 90 90 90 90 90 90 58 58 58 58 58 58 58 58 58
70 2 17 49 86 48 24 63 47 97 71 83 42 86 1 56 13 30 56 2 59 19 19 19 19 19 19 19 19 19 63 63 63 63 63 63 63 63 63 68 68 68 68 68 68 68 68 68 73 73 73 73 73 73 73 73 73 73 73 73 73 73 73 73 73 73 53 53 53 53 53 53 53 53 53 5 5 5 5 5 5 5 5 5 21 21 21 21 21 21 21 21 21 90 90 90 90 90 90 90 90 90 58 58 58 58 58 58 58 58 58
71 94 90 10 22 57 11 20 73 42 16 93 77 55 73 42 31 26 57 13 59 19 19 19 19 19 19 19 19 19 63 63 63 63 63 63 63 63 63 68 68 68 68 68 68 68 68 68 73 73 73 73 73 73 73 73 73 73 73 73 73 73 73 73 73 73 53 53 53 53 53 53 53 53 53 5 5 5 5 5 5 5 5 5 21 21 21 21 21 21 21 21 21 90 90 90 90 90 90 90 90 90 58 58 58 58 58 58 58 58 58
72 32 12 40 29 23 17 53 29 25 60 13 22 30 16 84 96 23 75 84 14 19 19 19 19 19 19 19 19 19 63 63 63 63 63 63 63 63 63 68 68 68 68 68 68 68 68 68 73 73 73 73 73 73 73 73 73 73 73 73 73 73 73 73 73 73 53 53 53 53 53 53 53 53 53 5 5 5 5 5 5 5 5 5 21 21 21 21 21 21 21 21 21 90 90 90 90 90 90 90 90 90 58 58 58 58 58 58 58 58 58
73 97 21 79 47 45 17 36 49 1 16 36 53 40 32 58 48 65 30 26 20 19 19 19 19 19 19 19 19 19 63 63 63 63 63 63 63 63 63 68 68 68 68 68 68 68 68 68 73 73 73 73 73 73 73 73 73 73 73 73 73 73 73 73 73 73 53 53 53 53 53 53 53 53 53 5 5 5 5 5 5 5 5 5 21 21 21 21 21 21 21 21 21 90 90 90 90 90 90 90 90 90 58 58 58 58 58 58 58 58 58
74 95 30 42 95 4 78 99 75 64 62 91 43 72 5 74 91 36 90 36 59 19 19 19 19 19 19 19 19 19 63 63 63 63 63 63 63 63 63 68 68 68 68 68 68 68 68 68 73 73 73 73 73 73 73 73 73 73 73 73 73 73 73 73 73 73 53 53 53 53 53 53 53 53 53 5 5 5 5 5 5 5 5 5 21 21 21 21 21 21 21 21 21 90 90 90 90 90 90 90 90 90 58 58 58 58 58 58 58 58 58
75 69 64 65 25 92 43 36 84 47 81 11 14 60 21 3 19 47 76 27 39 19 19 19 19 19 19 19 19 19 63 63 63 63 63 63 63 63 63 68 68 68 68 68 68 68 68 68 73 73 73 73 73 73 73 73 73 73 73 73 73 73 73 73 73 73 53 53 53 53 53 53 53 53 53 5 5 5 5 5 5 5 5 5 21 21 21 21 21 21 21 21 21 90 90 90 90 90 90 90 90 90 58 58 58 58 58 58 58 58 58
76 97 81 50 1 29 84 98 66 57 79 72 23 20 88 42 82 31 11 60 99 19 19 19 19 19 19 19 19 19 63 63 63 63 63 63 63 63 63 68 68 68 68 68 68 68 68 68 73 73 73 73 73 73 73 73 73 73 73 73 73 73 73 73 73 73 53 53 53 53 53 53 53 53 53 5 5 5 5 5 5 5 5 5 21 21 21 21 21 21 21 21 21 90 90 90 90 90 90 90 90 90 58 58 58 58 58 58 58 58 58
77 9 46 49 99 53 58 56 83 66 12 70 50 91 80 15 37 78 23 96 11 19 19 19 19 19 19 19 19 19 63 63 63 63 63 63 63 63 63 68 68 68 68 68 68 68 68 68 73 73 73 73 73 73 73 73 73 73 73 73 73 73 73 73 73 73 53 53 53 53 53 53 53 53 53 5 5 5 5 5 5 5 5 5 21 21 21 21 21 21 21 21 21 90 90 90 90 90 90 90 90 90 58 58 58 58 58 58 58 58 58
78 47 70 92 25 64 30 82 3 3 92 2 30 50 86 29 8 36 9 34 51 19 19 19 19 19 19 19 19 19 63 63 63 63 63 63 63 63 63 68 68 68 68 68 68 68 68 68 73 73 73 73 73 73 73 73 73 73 73 73 73 73 73 73 73 73 53 53 53 53 53 53 53 53 53 5 5 5 5 5 5 5 5 5 21 21 21 21 21 21 21 21 21 90 90 90 90 90 90 90 90 90 58 58 58 58 58 58 58 58 58
79 51 6 51 69 68 21 68 44 39 14 12 22 26 96 37 39 82 4 36 79 19 19 19 19 19 19 19 19 19 63 63 63 63 63 63 63 63 63 68 68 68 68 68 68 68 68 68 73 73 73 73 73 73 73 73 73 73 73 73 73 73 73 73 73 73 53 53 53 53 53 53 53 53 53 5 5 5 5 5 5 5 5 5 21 21 21 21 21 21 21 21 21 90 90 90 90 90 90 90 90 90 58 58 58 58 58 58 58 58 58
80 13 58 43 46 85 2 46 91 71 56 5 93 13 74 52 66 71 61 68 100 19 19 19 19 19 19 19 19 19 63 63 63 63 63 63 63 63 63 68 68 68 68 68 68 68 68 68 73 73 73 73 73 73 73 73 73 73 73 73 73 73 73 73 73 73 53 53 53 53 53 53 53 53 53 5 5 5 5 5 5 5 5 5 21 21 21 21 21 21 21 21 21 90 90 90 90 90 90 90 90 90 58 58 58 58 58 58 58 58 58
81 31 24 26 54 63 99 52 80 9 27 31 61 73 62 29 56 30 30 57 84 19 19 19 19 19 19 19 19 19 63 63 63 63 63 63 63 63 63 68 68 68 68 68 68 68 68 68 73 73 73 73 73 73 73 73 73 73 73 73 73 73 73 73 73 73 53 53 53 53 53 53 53 53 53 5 5 5 5 5 5 5 5 5 21 21 21 21 21 21 21 21 21 90 90 90 90 90 90 90 90 90 58 58 58 58 58 58 58 58 58
82 68 94 27 68 90 88 18 17 94 85 67 7 9 56 22 19 40 78 12 31 19 19 19 19 19 19 19 19 19 63 63 63 63 63 63 63 63 63 68 68 68 68 68 68 68 68 68 73 73 73 73 73 73 73 73 73 73 73 73 73 73 73 73 73 73 53 53 53 53 53 53 53 53 53 5 5 5 5 5 5 5 5 5 21 21 21 21 21 21 21 21 21 90 90 90 90 90 90 90 90 90 58 58 58 58 58 58 58 58 58
83 5 99 63 63 18 21 24 2 20 18 51 6 71 55 60 56 33 17 53 100 19 19 19 19 19 19 19 19 19 63 63 63 63 63 63 63 63 63 68 68 68 68 68 68 68 68 68 73 73 73 73 73 73 73 73 73 73 73 73 73 73 73 73 73 73 53 53 53 53 53 53 53 53 53 5 5 5 5 5 5 5 5 5 21 21 21 21 21 21 21 21 21 90 90 90 90 90 90 90 90 90 58 58 58 58 58 58 58 58 58
84 55 60 2 29 76 89 28 50 14 21 46 53 47 87 85 42 100 60 66 17 19 19 19 19 19 19 19 19 19 63 63 63 63 63 63 63 63 63 68 68 68 68 68 68 68 68 68 73 73 73 73 73 73 73 73 73 73 73 73 73 73 73 73 73 73 53 53 53 53 53 53 53 53 53 5 5 5 5 5 5 5 5 5 21 21 21 21 21 21 21 21 21 90 90 90 90 90 90 90 90 90 58 58 58 58 58 58 58 58 58
85 41 25 18 69 83 43 1 79 43 91 57 5 50 60 64 91 32 51 75 89 19 19 19 19 19 19 19 19 19 63 63 63 63 63 63 63 63 63 68 68 68 68 68 68 68 68 68 73 73 73 73 73 73 73 73 73 73 73 73 73 73 73 73 73 73 53 53 53 53 53 53 53 53 53 5 5 5 5 5 5 5 5 5 21 21 21 21 21 21 21 21 21 90 90 90 90 90 90 90 90 90 58 58 58 58 58 58 58 58 58
86 65 9 59 18 46 36 44 1 78 56 40 66 8 46 65 1 43 58 65 95 19 19 19 19 19 19 19 19 19 63 63 63 63 63 63 63 63 63 68 68 68 68 68 68 68 68 68 73 73 73 73 73 73 73 73 73 73 73 73 73 73 73 73 73 73 53 53 53 53 53 53 53 53 53 5 5 5 5 5 5 5 5 5 21 21 21 21 21 21 21 21 21 90 90 90 90 90 90 90 90 90 58 58 58 58 58 58 58 58 58
87 26 27 36 49 40 10 5 53 44 50 36 73 66 61 92 81 52 88 3 99 19 19 19 19 19 19 19 19 19 63 63 63 63 63 63 63 63 63 68 68 68 68 68 68 68 68 68 73 73 73 73 73 73 73 73 73 73 73 73 73 73 73 73 73 73 53 53 53 53 53 53 53 53 53 5 5 5 5 5 5 5 5 5 21 21 21 21 21 21 21 21 21 90 90 90 90 90 90 90 90 90 58 58 58 58 58 58 58 58 58
88 1 85 60 89 83 1 6 85 56 18 20 26 44 13 86 62 22 63 78 53 19 19 19 19 19 19 19 19 19 63 63 63 63 63 63 63 63 63 68 68 68 68 68 68 68 68 68 73 73 73 73 73 73 73 73 73 73 73 73 73 73 73 73 73 73 53 53 53 53 53 53 53 53 53 5 5 5 5 5 5 5 5 5 21 21 21 21 21 21 21 21 21 90 90 90 90 90 90 90 90 90 58 58 58 58 58 58 58 58 58
89 23 4 64 46 15 16 5 81 79 38 76 53 9 40 76 16 40 87 88 63 19 19 19 19 19 19 19 19 19 63 63 63 63 63 63 63 63 63 68 68 68 68 68 68 68 68 68 73 73 73 73 73 73 73 73 73 73 73 73 73 73 73 73 73 73 53 53 53 53 53 53 53 53 53 5 5 5 5 5 5 5 5 5 21 21 21 21 21 21 21 21 21 90 90 90 90 90 90 90 90 90 58 58 58 58 58 58 58 58 58
90 63 47 30 31 51 46 90 55 29 54 76 5 66 1 12 28 21 2 88 28 19 19 19 19 19 19 19 19 19 63 63 63 63 63 63 63 63 63 68 68 68 68 68 68 68 68 68 73 73 73 73 73 73 73 73 73 73 73 73 73 73 73 73 73 73 53 53 53 53 53 53 53 53 53 5 5 5 5 5 5 5 5 5 21 21 21 21 21 21 21 21 21 90 90 90 90 90 90 90 90 90 58 58 58 58 58 58 58 58 58
91 27 97 89 21 76 81 98 86 79 60 19 25 79 56 93 35 79 69 17 88 19 19 19 19 19 19 19 19 19 63 63 63 63 63 63 63 63 63 68 68 68 68 68 68 68 68 68 73 73 73 73 73 73 73 73 73 73 73 73 73 73 73 73 73 73 53 53 53 53 53 53 53 53 53 5 5 5 5 5 5 5 5 5 21 21 21 21 21 21 21 21 21 90 90 90 90 90 90 90 90 90 58 58 58 58 58 58 58 58 58
92 35 18 81 1 77 64 50 3 59 99 86 8 35 54 63 58 66 80 39 90 19 19 19 19 19 19 19 19 19 63 63 63 63 63 63 63 63 63 68 68 68 68 68 68 68 68 68 73 73 73 73 73 73 73 73 73 73 73 73 73 73 73 73 73 73 53 53 53 53 53 53 53 53 53 5 5 5 5 5 5 5 5 5 21 21 21 21 21 21 21 21 21 90 90 90 90 90 90 90 90 90 58 58 58 58 58 58 58 58 58
93 93 1 19 82 35 11 42 16 1 20 50 12 36 100 9 70 57 11 84 97 19 19 19 19 19 19 19 19 19 63 63 63 63 63 63 63 63 63 68 68 68 68 68 68 68 68 68 73 73 73 73 73 73 73 73 73 73 73 73 73 73 73 73 73 73 53 53 53 53 53 53 53 53 53 5 5 5 5 5 5 5 5 5 21 21 21 21 21 21 21 21 21 90 90 90 90 90 90 90 90 90 58 58 58 58 58 58 58 58 58
94 18 55 51 6 23 9 19 63 60 36 7 11 100 95 73 4 24 87 18 21 19 19 19 19 19 19 19 19 19 63 63 63 63 63 63 63 63 63 68 68 68 68 68 68 68 68 68 73 73 73 73 73 73 73 73 73 73 73 73 73 73 73 73 73 73 53 53 53 53 53 53 53 53 53 5 5 5 5 5 5 5 5 5 21 21 21 21 21 21 21 21 21 90 90 90 90 90 90 90 90 90 58 58 58 58 58 58 58 58 58
95 45 17 95 91 38 87 12 48 10 4 66 57 74 37 48 91 93 100 54 28 19 19 19 19 19 19 19 19 19 63 63 63 63 63 63 63 63 63 68 68 68 68 68 68 68 68 68 73 73 73 73 73 73 73 73 73 73 73 73 73 73 73 73 73 73 53 53 53 53 53 53 53 53 53 5 5 5 5 5 5 5 5 5 21 21 21 21 21 21 21 21 21 90 90 90 90 90 90 90 90 90 58 58 58 58 58 58 58 58 58
96 92 46 25 63 47 71 89 16 38 28 22 86 12 1 14 20 93 93 84 37 19 19 19 19 19 19 19 19 19 63 63 63 63 63 63 63 63 63 68 68 68 68 68 68 68 68 68 73 73 73 73 73 73 73 73 73 73 73 73 73 73 73 73 73 73 53 53 53 53 53 53 53 53 53 5 5 5 5 5 5 5 5 5 21 21 21 21 21 21 21 21 21 90 90 90 90 90 90 90 90 90 58 58 58 58 58 58 58 58 58
97 27 2 85 27 62 48 73 67 27 69 34 59 16 47 5 35 5 94 86 58 19 19 19 19 19 19 19 19 19 63 63 63 63 63 63 63 63 63 68 68 68 68 68 68 68 68 68 73 73 73 73 73 73 73 73 73 73 73 73 73 73 73 73 73 73 53 53 53 53 53 53 53 53 53 5 5 5 5 5 5 5 5 5 21 21 21 21 21 21 21 21 21 90 90 90 90 90 90 90 90 90 58 58 58 58 58 58 58 58 58
98 18 72 46 86 67 5 99 81 92 42 100 31 54 56 15 35 68 5 56 76 19 19 19 19 19 19 19 19 19 63 63 63 63 63 63 63 63 63 68 68 68 68 68 68 68 68 68 73 73 73 73 73 73 73 73 73 73 73 73 73 73 73 73 73 73 53 53 53 53 53 53 53 53 53 5 5 5 5 5 5 5 5 5 21 21 21 21 21 21 21 21 21 90 90 90 90 90 90 90 90 90 58 58 58 58 58 58 58 58 58
99 58 46 95 40 95 69 87 52 3 8 22 63 48 52 85 85 30 38 60 57 19 19 19 19 19 19 19 19 19 63 63 63 63 63 63 63 63 63 68 68 68 68 68 68 68 68 68 73 73 73 73 73 73 73 73 73 73 73 73 73 73 73 73 73 73 53 53 53 53 53 53 53 53 53 5 5 5 5 5 5 5 5 5 21 21 21 21 21 21 21 21 21 90 90 90 90 90 90 90 90 90 58 58 58 58 58 58 58 58 58
