15 100
2293.5 2640.0 2654.0 2350.0 2394.0 2752.0 2484.5 2679.5 2454.0 2562.5 2596.5 2255.0 2826.5 2637.5 2817.0
0 7 82 16 43 71 89 95 35 97 44 1 45 29 78 9 41 1 91 40 32 47 22 15 16 82 9 30 51 67 11 70 70 70 70 70 70 70 70 70 70 70 70 70 70 77 77 77 77 77 77 77 77 77 77 77 77 77 77 13 13 13 13 13 13 13 13 13 13 13 13 13 13 51 51 51 51 51 51 51 51 51 51 51 51 51 51 100 100 100 100 100 100 100 100 100 100 100 100 100 100 17 17 17 17 17 17 17 17 17 17 17 17 17 17 45 45 45 45 45 45 45 45 45 45 45 45 45 45 57 57 57 57 57 57 57 57 57 57 57 57 57 57 53 53 53 53 53 53 53 53 53 53 53 53 53 53 7 7 7 7 7 7 7 7 7 7 7 7 7 7 17 17 17 17 17 17 17 17 17 17 17 17 17 17 70 70 70 70 70 70 70 70 70 70 70 70 70 70 24 24 24 24 24 24 24 24 24 24 24 24 24 24 94 94 94 94 94 94 94 94 94 94 94 94 94 94 23 23 23 23 23 23 23 23 23 23 23 23 23 23
1 72 7 86 78 72 99 75 17 55 91 13 94 54 96 64 18 94 82 98 49 17 11 41 57 41 75 11 7 15 1 70 70 70 70 70 70 70 70 70 70 70 70 70 70 77 77 77 77 77 77 77 77 77 77 77 77 77 77 13 13 13 13 13 13 13 13 13 13 13 13 13 13 51 51 51 51 51 51 51 51 51 51 51 51 51 51 100 100 100 100 100 100 100 100 100 100 100 100 100 100 17 17 17 17 17 17 17 17 17 17 17 17 17 17 45 45 45 45 45 45 45 45 45 45 45 45 45 45 57 57 57 57 57 57 57 57 57 57 57 57 57 57 53 53 53 53 53 53 53 53 53 53 53 53 53 53 7 7 7 7 7 7 7 7 7 7 7 7 7 7 17 17 17 17 17 17 17 17 17 17 17 17 17 17 70 70 70 70 70 70 70 70 70 70 70 70 70 70 24 24 24 24 24 24 24 24 24 24 24 24 24 24 94 94 94 94 94 94 94 94 94 94 94 94 94 94 23 23 23 23 23 23 23 23 23 23 23 23 23 23
2 88 98 73 60 44 55 59 28 69 98 93 18 99 40 8 52 51 68 27 72 60 85 49 75 86 31 18 95 86 61 70 70 70 70 70 70 70 70 70 70 70 70 70 70 77 77 77 77 77 77 77 77 77 77 77 77 77 77 13 13 13 13 13 13 13 13 13 13 13 13 13 13 51 51 51 51 51 51 51 51 51 51 51 51 51 51 100 100 100 100 100 100 100 100 100 100 100 100 100 100 17 17 17 17 17 17 17 17 17 17 17 17 17 17 45 45 45 45 45 45 45 45 45 45 45 45 45 45 57 57 57 57 57 57 57 57 57 57 57 57 57 57 53 53 53 53 53 53 53 53 53 53 53 53 53 53 7 7 7 7 7 7 7 7 7 7 7 7 7 7 17 17 17 17 17 17 17 17 17 17 17 17 17 17 70 70 70 70 70 70 70 70 70 70 70 70 70 70 24 24 24 24 24 24 24 24 24 24 24 24 24 24 94 94 94 94 94 94 94 94 94 94 94 94 94 94 23 23 23 23 23 23 23 23 23 23 23 23 23 23
3 36 22 86 16 19 96 10 26 5 35 11 74 16 72 5 37 21 47 97 18 98 16 78 79 93 61 21 3 12 25 70 70 70 70 70 70 70 70 70 70 70 70 70 70 77 77 77 77 77 77 77 77 77 77 77 77 77 77 13 13 13 13 13 13 13 13 13 13 13 13 13 13 51 51 51 51 51 51 51 51 51 51 51 51 51 51 100 100 100 100 100 100 100 100 100 100 100 100 100 100 17 17 17 17 17 17 17 17 17 17 17 17 17 17 45 45 45 45 45 45 45 45 45 45 45 45 45 45 57 57 57 57 57 57 57 57 57 57 57 57 57 57 53 53 53 53 53 53 53 53 53 53 53 53 53 53 7 7 7 7 7 7 7 7 7 7 7 7 7 7 17 17 17 17 17 17 17 17 17 17 17 17 17 17 70 70 70 70 70 70 70 70 70 70 70 70 70 70 24 24 24 24 24 24 24 24 24 24 24 24 24 24 94 94 94 94 94 94 94 94 94 94 94 94 94 94 23 23 23 23 23 23 23 23 23 23 23 23 23 23
4 95 11 67 11 93 49 33 49 49 95 47 4 100 9 86 86 69 27 21 25 30 79 35 13 75 18 81 88 53 96 70 70 70 70 70 70 70 70 70 70 70 70 70 70 77 77 77 77 77 77 77 77 77 77 77 77 77 77 13 13 13 13 13 13 13 13 13 13 13 13 13 13 51 51 51 51 51 51 51 51 51 51 51 51 51 51 100 100 100 100 100 100 100 100 100 100 100 100 100 100 17 17 17 17 17 17 17 17 17 17 17 17 17 17 45 45 45 45 45 45 45 45 45 45 45 45 45 45 57 57 57 57 57 57 57 57 57 57 57 57 57 57 53 53 53 53 53 53 53 53 53 53 53 53 53 53 7 7 7 7 7 7 7 7 7 7 7 7 7 7 17 17 17 17 17 17 17 17 17 17 17 17 17 17 70 70 70 70 70 70 70 70 70 70 70 70 70 70 24 24 24 24 24 24 24 24 24 24 24 24 24 24 94 94 94 94 94 94 94 94 94 94 94 94 94 94 23 23 23 23 23 23 23 23 23 23 23 23 23 23
5 92 88 72 25 13 9 47 16 23 61 50 87 93 31 75 9 86 82 92 10 69 41 63 65 89 56 14 58 15 14 70 70 70 70 70 70 70 70 70 70 70 70 70 70 77 77 77 77 77 77 77 77 77 77 77 77 77 77 13 13 13 13 13 13 13 13 13 13 13 13 13 13 51 51 51 51 51 51 51 51 51 51 51 51 51 51 100 100 100 100 100 100 100 100 100 100 100 100 100 100 17 17 17 17 17 17 17 17 17 17 17 17 17 17 45 45 45 45 45 45 45 45 45 45 45 45 45 45 57 57 57 57 57 57 57 57 57 57 57 57 57 57 53 53 53 53 53 53 53 53 53 53 53 53 53 53 7 7 7 7 7 7 7 7 7 7 7 7 7 7 17 17 17 17 17 17 17 17 17 17 17 17 17 17 70 70 70 70 70 70 70 70 70 70 70 70 70 70 24 24 24 24 24 24 24 24 24 24 24 24 24 24 94 94 94 94 94 94 94 94 94 94 94 94 94 94 23 23 23 23 23 23 23 23 23 23 23 23 23 23
6 74 9 41 2 97 54 25 71 26 46 94 87 35 28 63 76 12 71 7 79 96 84 35 33 27 58 20 73 62 97 70 70 70 70 70 70 70 70 70 70 70 70 70 70 77 77 77 77 77 77 77 77 77 77 77 77 77 77 13 13 13 13 13 13 13 13 13 13 13 13 13 13 51 51 51 51 51 51 51 51 51 51 51 51 51 51 100 100 100 100 100 100 100 100 100 100 100 100 100 100 17 17 17 17 17 17 17 17 17 17 17 17 17 17 45 45 45 45 45 45 45 45 45 45 45 45 45 45 57 57 57 57 57 57 57 57 57 57 57 57 57 57 53 53 53 53 53 53 53 53 53 53 53 53 53 53 7 7 7 7 7 7 7 7 7 7 7 7 7 7 17 17 17 17 17 17 17 17 17 17 17 17 17 17 70 70 70 70 70 70 70 70 70 70 70 70 70 70 24 24 24 24 24 24 24 24 24 24 24 24 24 24 94 94 94 94 94 94 94 94 94 94 94 94 94 94 23 23 23 23 23 23 23 23 23 23 23 23 23 23
7 64 75 83 59 87 59 48 57 26 19 3 5 55 73 79 72 55 47 57 15 35 33 4 39 94 100 10 27 25 34 70 70 70 70 70 70 70 70 70 70 70 70 70 70 77 77 77 77 77 77 77 77 77 77 77 77 77 77 13 13 13 13 13 13 13 13 13 13 13 13 13 13 51 51 51 51 51 51 51 51 51 51 51 51 51 51 100 100 100 100 100 100 100 100 100 100 100 100 100 100 17 17 17 17 17 17 17 17 17 17 17 17 17 17 45 45 45 45 45 45 45 45 45 45 45 45 45 45 57 57 57 57 57 57 57 57 57 57 57 57 57 57 53 53 53 53 53 53 53 53 53 53 53 53 53 53 7 7 7 7 7 7 7 7 7 7 7 7 7 7 17 17 17 17 17 17 17 17 17 17 17 17 17 17 70 70 70 70 70 70 70 70 70 70 70 70 70 70 24 24 24 24 24 24 24 24 24 24 24 24 24 24 94 94 94 94 94 94 94 94 94 94 94 94 94 94 23 23 23 23 23 23 23 23 23 23 23 23 23 23
8 32 9 42 63 38 38 33 70 52 30 87 81 82 85 20 54 93 29 88 64 9 76 43 86 90 56 68 78 27 34 70 70 70 70 70 70 70 70 70 70 70 70 70 70 77 77 77 77 77 77 77 77 77 77 77 77 77 77 13 13 13 13 13 13 13 13 13 13 13 13 13 13 51 51 51 51 51 51 51 51 51 51 51 51 51 51 100 100 100 100 100 100 100 100 100 100 100 100 100 100 17 17 17 17 17 17 17 17 17 17 17 17 17 17 45 45 45 45 45 45 45 45 45 45 45 45 45 45 57 57 57 57 57 57 57 57 57 57 57 57 57 57 53 53 53 53 53 53 53 53 53 53 53 53 53 53 7 7 7 7 7 7 7 7 7 7 7 7 7 7 17 17 17 17 17 17 17 17 17 17 17 17 17 17 70 70 70 70 70 70 70 70 70 70 70 70 70 70 24 24 24 24 24 24 24 24 24 24 24 24 24 24 94 94 94 94 94 94 94 94 94 94 94 94 94 94 23 23 23 23 23 23 23 23 23 23 23 23 23 23
9 26 72 32 17 66 27 76 55 40 10 25 12 76 82 56 21 49 51 40 72 33 40 33 62 46 95 93 21 21 53 70 70 70 70 70 70 70 70 70 70 70 70 70 70 77 77 77 77 77 77 77 77 77 77 77 77 77 77 13 13 13 13 13 13 13 13 13 13 13 13 13 13 51 51 51 51 51 51 51 51 51 51 51 51 51 51 100 100 100 100 100 100 100 100 100 100 100 100 100 100 17 17 17 17 17 17 17 17 17 17 17 17 17 17 45 45 45 45 45 45 45 45 45 45 45 45 45 45 57 57 57 57 57 57 57 57 57 57 57 57 57 57 53 53 53 53 53 53 53 53 53 53 53 53 53 53 7 7 7 7 7 7 7 7 7 7 7 7 7 7 17 17 17 17 17 17 17 17 17 17 17 17 17 17 70 70 70 70 70 70 70 70 70 70 70 70 70 70 24 24 24 24 24 24 24 24 24 24 24 24 24 24 94 94 94 94 94 94 94 94 94 94 94 94 94 94 23 23 23 23 23 23 23 23 23 23 23 23 23 23
10 12 52 45 19 77 48 47 60 68 46 59 5 23 64 11 93 7 80 75 87 37 74 1 22 46 12 87 52 20 70 70 70 70 70 70 70 70 70 70 70 70 70 70 70 77 77 77 77 77 77 77 77 77 77 77 77 77 77 13 13 13 13 13 13 13 13 13 13 13 13 13 13 51 51 51 51 51 51 51 51 51 51 51 51 51 51 100 100 100 100 100 100 100 100 100 100 100 100 100 100 17 17 17 17 17 17 17 17 17 17 17 17 17 17 45 45 45 45 45 45 45 45 45 45 45 45 45 45 57 57 57 57 57 57 57 57 57 57 57 57 57 57 53 53 53 53 53 53 53 53 53 53 53 53 53 53 7 7 7 7 7 7 7 7 7 7 7 7 7 7 17 17 17 17 17 17 17 17 17 17 17 17 17 17 70 70 70 70 70 70 70 70 70 70 70 70 70 70 24 24 24 24 24 24 24 24 24 24 24 24 24 24 94 94 94 94 94 94 94 94 94 94 94 94 94 94 23 23 23 23 23 23 23 23 23 23 23 23 23 23
11 54 17 29 25 12 75 65 92 84 55 93 100 38 76 46 57 74 40 37 43 95 24 87 28 95 85 43 68 72 92 70 70 70 70 70 70 70 70 70 70 70 70 70 70 77 77 77 77 77 77 77 77 77 77 77 77 77 77 13 13 13 13 13 13 13 13 13 13 13 13 13 13 51 51 51 51 51 51 51 51 51 51 51 51 51 51 100 100 100 100 100 100 100 100 100 100 100 100 100 100 17 17 17 17 17 17 17 17 17 17 17 17 17 17 45 45 45 45 45 45 45 45 45 45 45 45 45 45 57 57 57 57 57 57 57 57 57 57 57 57 57 57 53 53 53 53 53 53 53 53 53 53 53 53 53 53 7 7 7 7 7 7 7 7 7 7 7 7 7 7 17 17 17 17 17 17 17 17 17 17 17 17 17 17 70 70 70 70 70 70 70 70 70 70 70 70 70 70 24 24 24 24 24 24 24 24 24 24 24 24 24 24 94 94 94 94 94 94 94 94 94 94 94 94 94 94 23 23 23 23 23 23 23 23 23 23 23 23 23 23
12 75 18 73 61 70 54 97 28 84 37 69 96 80 86 76 34 33 77 43 24 72 76 86 15 83 36 19 41 88 74 70 70 70 70 70 70 70 70 70 70 70 70 70 70 77 77 77 77 77 77 77 77 77 77 77 77 77 77 13 13 13 13 13 13 13 13 13 13 13 13 13 13 51 51 51 51 51 51 51 51 51 51 51 51 51 51 100 100 100 100 100 100 100 100 100 100 100 100 100 100 17 17 17 17 17 17 17 17 17 17 17 17 17 17 45 45 45 45 45 45 45 45 45 45 45 45 45 45 57 57 57 57 57 57 57 57 57 57 57 57 57 57 53 53 53 53 53 53 53 53 53 53 53 53 53 53 7 7 7 7 7 7 7 7 7 7 7 7 7 7 17 17 17 17 17 17 17 17 17 17 17 17 17 17 70 70 70 70 70 70 70 70 70 70 70 70 70 70 24 24 24 24 24 24 24 24 24 24 24 24 24 24 94 94 94 94 94 94 94 94 94 94 94 94 94 94 23 23 23 23 23 23 23 23 23 23 23 23 23 23
13 16 32 68 17 34 26 17 18 60 36 6 35 56 63 60 31 48 35 22 29 90 74 70 24 67 37 45 74 30 43 70 70 70 70 70 70 70 70 70 70 70 70 70 70 77 77 77 77 77 77 77 77 77 77 77 77 77 77 13 13 13 13 13 13 13 13 13 13 13 13 13 13 51 51 51 51 51 51 51 51 51 51 51 51 51 51 100 100 100 100 100 100 100 100 100 100 100 100 100 100 17 17 17 17 17 17 17 17 17 17 17 17 17 17 45 45 45 45 45 45 45 45 45 45 45 45 45 45 57 57 57 57 57 57 57 57 57 57 57 57 57 57 53 53 53 53 53 53 53 53 53 53 53 53 53 53 7 7 7 7 7 7 7 7 7 7 7 7 7 7 17 17 17 17 17 17 17 17 17 17 17 17 17 17 70 70 70 70 70 70 70 70 70 70 70 70 70 70 24 24 24 24 24 24 24 24 24 24 24 24 24 24 94 94 94 94 94 94 94 94 94 94 94 94 94 94 23 23 23 23 23 23 23 23 23 23 23 23 23 23
14 67 73 94 84 84 67 63 94 7 79 95 15 67 40 16 74 67 44 19 25 17 88 3 87 75 25 46 16 49 77 70 70 70 70 70 70 70 70 70 70 70 70 70 70 77 77 77 77 77 77 77 77 77 77 77 77 77 77 13 13 13 13 13 13 13 13 13 13 13 13 13 13 51 51 51 51 51 51 51 51 51 51 51 51 51 51 100 100 100 100 100 100 100 100 100 100 100 100 100 100 17 17 17 17 17 17 17 17 17 17 17 17 17 17 45 45 45 45 45 45 45 45 45 45 45 45 45 45 57 57 57 57 57 57 57 57 57 57 57 57 57 57 53 53 53 53 53 53 53 53 53 53 53 53 53 53 7 7 7 7 7 7 7 7 7 7 7 7 7 7 17 17 17 17 17 17 17 17 17 17 17 17 17 17 70 70 70 70 70 70 70 70 70 70 70 70 70 70 24 24 24 24 24 24 24 24 24 24 24 24 24 24 94 94 94 94 94 94 94 94 94 94 94 94 94 94 23 23 23 23 23 23 23 23 23 23 23 23 23 23
15 84 10 26 77 77 51 38 96 89 15 16 4 30 9 74 33 68 81 62 90 88 41 34 89 73 77 9 4 37 14 70 70 70 70 70 70 70 70 70 70 70 70 70 70 77 77 77 77 77 77 77 77 77 77 77 77 77 77 13 13 13 13 13 13 13 13 13 13 13 13 13 13 51 51 51 51 51 51 51 51 51 51 51 51 51 51 100 100 100 100 100 100 100 100 100 100 100 100 100 100 17 17 17 17 17 17 17 17 17 17 17 17 17 17 45 45 45 45 45 45 45 45 45 45 45 45 45 45 57 57 57 57 57 57 57 57 57 57 57 57 57 57 53 53 53 53 53 53 53 53 53 53 53 53 53 53 7 7 7 7 7 7 7 7 7 7 7 7 7 7 17 17 17 17 17 17 17 17 17 17 17 17 17 17 70 70 70 70 70 70 70 70 70 70 70 70 70 70 24 24 24 24 24 24 24 24 24 24 24 24 24 24 94 94 94 94 94 94 94 94 94 94 94 94 94 94 23 23 23 23 23 23 23 23 23 23 23 23 23 23
16 34 11 27 65 90 73 66 49 24 41 26 48 20 41 95 27 52 2 8 16 13 82 75 81 64 25 1 21 3 45 70 70 70 70 70 70 70 70 70 70 70 70 70 70 77 77 77 77 77 77 77 77 77 77 77 77 77 77 13 13 13 13 13 13 13 13 13 13 13 13 13 13 51 51 51 51 51 51 51 51 51 51 51 51 51 51 100 100 100 100 100 100 100 100 100 100 100 100 100 100 17 17 17 17 17 17 17 17 17 17 17 17 17 17 45 45 45 45 45 45 45 45 45 45 45 45 45 45 57 57 57 57 57 57 57 57 57 57 57 57 57 57 53 53 53 53 53 53 53 53 53 53 53 53 53 53 7 7 7 7 7 7 7 7 7 7 7 7 7 7 17 17 17 17 17 17 17 17 17 17 17 17 17 17 70 70 70 70 70 70 70 70 70 70 70 70 70 70 24 24 24 24 24 24 24 24 24 24 24 24 24 24 94 94 94 94 94 94 94 94 94 94 94 94 94 94 23 23 23 23 23 23 23 23 23 23 23 23 23 23
17 63 79 13 47 22 19 81 24 30 99 10 51 39 48 17 87 62 42 37 38 9 29 59 43 44 47 72 27 52 39 70 70 70 70 70 70 70 70 70 70 70 70 70 70 77 77 77 77 77 77 77 77 77 77 77 77 77 77 13 13 13 13 13 13 13 13 13 13 13 13 13 13 51 51 51 51 51 51 51 51 51 51 51 51 51 51 100 100 100 100 100 100 100 100 100 100 100 100 100 100 17 17 17 17 17 17 17 17 17 17 17 17 17 17 45 45 45 45 45 45 45 45 45 45 45 45 45 45 57 57 57 57 57 57 57 57 57 57 57 57 57 57 53 53 53 53 53 53 53 53 53 53 53 53 53 53 7 7 7 7 7 7 7 7 7 7 7 7 7 7 17 17 17 17 17 17 17 17 17 17 17 17 17 17 70 70 70 70 70 70 70 70 70 70 70 70 70 70 24 24 24 24 24 24 24 24 24 24 24 24 24 24 94 94 94 94 94 94 94 94 94 94 94 94 94 94 23 23 23 23 23 23 23 23 23 23 23 23 23 23
18 50 8 15 46 33 49 70 98 58 19 67 22 4 36 18 29 59 11 68 20 16 97 5 39 15 63 49 85 11 62 70 70 70 70 70 70 70 70 70 70 70 70 70 70 77 77 77 77 77 77 77 77 77 77 77 77 77 77 13 13 13 13 13 13 13 13 13 13 13 13 13 13 51 51 51 51 51 51 51 51 51 51 51 51 51 51 100 100 100 100 100 100 100 100 100 100 100 100 100 100 17 17 17 17 17 17 17 17 17 17 17 17 17 17 45 45 45 45 45 45 45 45 45 45 45 45 45 45 57 57 57 57 57 57 57 57 57 57 57 57 57 57 53 53 53 53 53 53 53 53 53 53 53 53 53 53 7 7 7 7 7 7 7 7 7 7 7 7 7 7 17 17 17 17 17 17 17 17 17 17 17 17 17 17 70 70 70 70 70 70 70 70 70 70 70 70 70 70 24 24 24 24 24 24 24 24 24 24 24 24 24 24 94 94 94 94 94 94 94 94 94 94 94 94 94 94 23 23 23 23 23 23 23 23 23 23 23 23 23 23
19 7 21 5 100 84 61 91 34 47 98 56 16 44 92 29 79 29 75 42 21 73 56 51 95 85 65 40 67 61 24 70 70 70 70 70 70 70 70 70 70 70 70 70 70 77 77 77 77 77 77 77 77 77 77 77 77 77 77 13 13 13 13 13 13 13 13 13 13 13 13 13 13 51 51 51 51 51 51 51 51 51 51 51 51 51 51 100 100 100 100 100 100 100 100 100 100 100 100 100 100 17 17 17 17 17 17 17 17 17 17 17 17 17 17 45 45 45 45 45 45 45 45 45 45 45 45 45 45 57 57 57 57 57 57 57 57 57 57 57 57 57 57 53 53 53 53 53 53 53 53 53 53 53 53 53 53 7 7 7 7 7 7 7 7 7 7 7 7 7 7 17 17 17 17 17 17 17 17 17 17 17 17 17 17 70 70 70 70 70 70 70 70 70 70 70 70 70 70 24 24 24 24 24 24 24 24 24 24 24 24 24 24 94 94 94 94 94 94 94 94 94 94 94 94 94 94 23 23 23 23 23 23 23 23 23 23 23 23 23 23
20 96 25 41 45 85 90 24 39 69 93 53 17 33 22 93 45 14 14 86 85 11 6 62 24 10 94 88 37 69 88 70 70 70 70 70 70 70 70 70 70 70 70 70 70 77 77 77 77 77 77 77 77 77 77 77 77 77 77 13 13 13 13 13 13 13 13 13 13 13 13 13 13 51 51 51 51 51 51 51 51 51 51 51 51 51 51 100 100 100 100 100 100 100 100 100 100 100 100 100 100 17 17 17 17 17 17 17 17 17 17 17 17 17 17 45 45 45 45 45 45 45 45 45 45 45 45 45 45 57 57 57 57 57 57 57 57 57 57 57 57 57 57 53 53 53 53 53 53 53 53 53 53 53 53 53 53 7 7 7 7 7 7 7 7 7 7 7 7 7 7 17 17 17 17 17 17 17 17 17 17 17 17 17 17 70 70 70 70 70 70 70 70 70 70 70 70 70 70 24 24 24 24 24 24 24 24 24 24 24 24 24 24 94 94 94 94 94 94 94 94 94 94 94 94 94 94 23 23 23 23 23 23 23 23 23 23 23 23 23 23
21 74 56 8 83 33 5 42 88 4 85 13 93 34 74 72 80 91 73 84 40 86 85 48 92 90 70 31 49 71 70 70 70 70 70 70 70 70 70 70 70 70 70 70 70 77 77 77 77 77 77 77 77 77 77 77 77 77 77 13 13 13 13 13 13 13 13 13 13 13 13 13 13 51 51 51 51 51 51 51 51 51 51 51 51 51 51 100 100 100 100 100 100 100 100 100 100 100 100 100 100 17 17 17 17 17 17 17 17 17 17 17 17 17 17 45 45 45 45 45 45 45 45 45 45 45 45 45 45 57 57 57 57 57 57 57 57 57 57 57 57 57 57 53 53 53 53 53 53 53 53 53 53 53 53 53 53 7 7 7 7 7 7 7 7 7 7 7 7 7 7 17 17 17 17 17 17 17 17 17 17 17 17 17 17 70 70 70 70 70 70 70 70 70 70 70 70 70 70 24 24 24 24 24 24 24 24 24 24 24 24 24 24 94 94 94 94 94 94 94 94 94 94 94 94 94 94 23 23 23 23 23 23 23 23 23 23 23 23 23 23
22 51 12 23 63 98 65 72 55 24 100 27 37 4 49 75 39 79 6 4 39 62 87 87 79 96 93 91 64 39 69 70 70 70 70 70 70 70 70 70 70 70 70 70 70 77 77 77 77 77 77 77 77 77 77 77 77 77 77 13 13 13 13 13 13 13 13 13 13 13 13 13 13 51 51 51 51 51 51 51 51 51 51 51 51 51 51 100 100 100 100 100 100 100 100 100 100 100 100 100 100 17 17 17 17 17 17 17 17 17 17 17 17 17 17 45 45 45 45 45 45 45 45 45 45 45 45 45 45 57 57 57 57 57 57 57 57 57 57 57 57 57 57 53 53 53 53 53 53 53 53 53 53 53 53 53 53 7 7 7 7 7 7 7 7 7 7 7 7 7 7 17 17 17 17 17 17 17 17 17 17 17 17 17 17 70 70 70 70 70 70 70 70 70 70 70 70 70 70 24 24 24 24 24 24 24 24 24 24 24 24 24 24 94 94 94 94 94 94 94 94 94 94 94 94 94 94 23 23 23 23 23 23 23 23 23 23 23 23 23 23
23 58 71 47 35 73 63 70 3 62 37 37 83 48 32 54 88 21 86 95 85 33 86 90 33 64 46 64 39 31 32 70 70 70 70 70 70 70 70 70 70 70 70 70 70 77 77 77 77 77 77 77 77 77 77 77 77 77 77 13 13 13 13 13 13 13 13 13 13 13 13 13 13 51 51 51 51 51 51 51 51 51 51 51 51 51 51 100 100 100 100 100 100 100 100 100 100 100 100 100 100 17 17 17 17 17 17 17 17 17 17 17 17 17 17 45 45 45 45 45 45 45 45 45 45 45 45 45 45 57 57 57 57 57 57 57 57 57 57 57 57 57 57 53 53 53 53 53 53 53 53 53 53 53 53 53 53 7 7 7 7 7 7 7 7 7 7 7 7 7 7 17 17 17 17 17 17 17 17 17 17 17 17 17 17 70 70 70 70 70 70 70 70 70 70 70 70 70 70 24 24 24 24 24 24 24 24 24 24 24 24 24 24 94 94 94 94 94 94 94 94 94 94 94 94 94 94 23 23 23 23 23 23 23 23 23 23 23 23 23 23
24 15 51 22 72 66 8 32 26 94 37 75 37 82 11 36 92 9 28 59 81 36 52 86 54 24 15 32 59 78 58 70 70 70 70 70 70 70 70 70 70 70 70 70 70 77 77 77 77 77 77 77 77 77 77 77 77 77 77 13 13 13 13 13 13 13 13 13 13 13 13 13 13 51 51 51 51 51 51 51 51 51 51 51 51 51 51 100 100 100 100 100 100 100 100 100 100 100 100 100 100 17 17 17 17 17 17 17 17 17 17 17 17 17 17 45 45 45 45 45 45 45 45 45 45 45 45 45 45 57 57 57 57 57 57 57 57 57 57 57 57 57 57 53 53 53 53 53 53 53 53 53 53 53 53 53 53 7 7 7 7 7 7 7 7 7 7 7 7 7 7 17 17 17 17 17 17 17 17 17 17 17 17 17 17 70 70 70 70 70 70 70 70 70 70 70 70 70 70 24 24 24 24 24 24 24 24 24 24 24 24 24 24 94 94 94 94 94 94 94 94 94 94 94 94 94 94 23 23 23 23 23 23 23 23 23 23 23 23 23 23
25 27 97 71 61 6 12 88 38 94 35 88 64 25 6 100 48 31 24 44 80 67 56 35 26 20 76 40 90 51 8 70 70 70 70 70 70 70 70 70 70 70 70 70 70 77 77 77 77 77 77 77 77 77 77 77 77 77 77 13 13 13 13 13 13 13 13 13 13 13 13 13 13 51 51 51 51 51 51 51 51 51 51 51 51 51 51 100 100 100 100 100 100 100 100 100 100 100 100 100 100 17 17 17 17 17 17 17 17 17 17 17 17 17 17 45 45 45 45 45 45 45 45 45 45 45 45 45 45 57 57 57 57 57 57 57 57 57 57 57 57 57 57 53 53 53 53 53 53 53 53 53 53 53 53 53 53 7 7 7 7 7 7 7 7 7 7 7 7 7 7 17 17 17 17 17 17 17 17 17 17 17 17 17 17 70 70 70 70 70 70 70 70 70 70 70 70 70 70 24 24 24 24 24 24 24 24 24 24 24 24 24 24 94 94 94 94 94 94 94 94 94 94 94 94 94 94 23 23 23 23 23 23 23 23 23 23 23 23 23 23
26 31 36 55 4 53 61 41 95 32 81 47 43 17 58 67 69 47 52 31 79 6 23 12 39 5 51 96 21 51 97 70 70 70 70 70 70 70 70 70 70 70 70 70 70 77 77 77 77 77 77 77 77 77 77 77 77 77 77 13 13 13 13 13 13 13 13 13 13 13 13 13 13 51 51 51 51 51 51 51 51 51 51 51 51 51 51 100 100 100 100 100 100 100 100 100 100 100 100 100 100 17 17 17 17 17 17 17 17 17 17 17 17 17 17 45 45 45 45 45 45 45 45 45 45 45 45 45 45 57 57 57 57 57 57 57 57 57 57 57 57 57 57 53 53 53 53 53 53 53 53 53 53 53 53 53 53 7 7 7 7 7 7 7 7 7 7 7 7 7 7 17 17 17 17 17 17 17 17 17 17 17 17 17 17 70 70 70 70 70 70 70 70 70 70 70 70 70 70 24 24 24 24 24 24 24 24 24 24 24 24 24 24 94 94 94 94 94 94 94 94 94 94 94 94 94 94 23 23 23 23 23 23 23 23 23 23 23 23 23 23
27 54 99 93 26 36 70 48 7 40 99 46 39 71 79 86 86 51 28 15 20 50 47 52 86 54 6 61 21 22 80 70 70 70 70 70 70 70 70 70 70 70 70 70 70 77 77 77 77 77 77 77 77 77 77 77 77 77 77 13 13 13 13 13 13 13 13 13 13 13 13 13 13 51 51 51 51 51 51 51 51 51 51 51 51 51 51 100 100 100 100 100 100 100 100 100 100 100 100 100 100 17 17 17 17 17 17 17 17 17 17 17 17 17 17 45 45 45 45 45 45 45 45 45 45 45 45 45 45 57 57 57 57 57 57 57 57 57 57 57 57 57 57 53 53 53 53 53 53 53 53 53 53 53 53 53 53 7 7 7 7 7 7 7 7 7 7 7 7 7 7 17 17 17 17 17 17 17 17 17 17 17 17 17 17 70 70 70 70 70 70 70 70 70 70 70 70 70 70 24 24 24 24 24 24 24 24 24 24 24 24 24 24 94 94 94 94 94 94 94 94 94 94 94 94 94 94 23 23 23 23 23 23 23 23 23 23 23 23 23 23
28 43 90 57 77 55 89 10 5 69 21 41 57 53 81 93 75 78 20 58 69 80 57 97 39 4 82 90 16 56 98 70 70 70 70 70 70 70 70 70 70 70 70 70 70 77 77 77 77 77 77 77 77 77 77 77 77 77 77 13 13 13 13 13 13 13 13 13 13 13 13 13 13 51 51 51 51 51 51 51 51 51 51 51 51 51 51 100 100 100 100 100 100 100 100 100 100 100 100 100 100 17 17 17 17 17 17 17 17 17 17 17 17 17 17 45 45 45 45 45 45 45 45 45 45 45 45 45 45 57 57 57 57 57 57 57 57 57 57 57 57 57 57 53 53 53 53 53 53 53 53 53 53 53 53 53 53 7 7 7 7 7 7 7 7 7 7 7 7 7 7 17 17 17 17 17 17 17 17 17 17 17 17 17 17 70 70 70 70 70 70 70 70 70 70 70 70 70 70 24 24 24 24 24 24 24 24 24 24 24 24 24 24 94 94 94 94 94 94 94 94 94 94 94 94 94 94 23 23 23 23 23 23 23 23 23 23 23 23 23 23
29 91 3 30 88 100 28 81 31 46 84 73 67 31 8 65 60 68 51 2 91 60 91 59 6 70 28 56 49 5 91 70 70 70 70 70 70 70 70 70 70 70 70 70 70 77 77 77 77 77 77 77 77 77 77 77 77 77 77 13 13 13 13 13 13 13 13 13 13 13 13 13 13 51 51 51 51 51 51 51 51 51 51 51 51 51 51 100 100 100 100 100 100 100 100 100 100 100 100 100 100 17 17 17 17 17 17 17 17 17 17 17 17 17 17 45 45 45 45 45 45 45 45 45 45 45 45 45 45 57 57 57 57 57 57 57 57 57 57 57 57 57 57 53 53 53 53 53 53 53 53 53 53 53 53 53 53 7 7 7 7 7 7 7 7 7 7 7 7 7 7 17 17 17 17 17 17 17 17 17 17 17 17 17 17 70 70 70 70 70 70 70 70 70 70 70 70 70 70 24 24 24 24 24 24 24 24 24 24 24 24 24 24 94 94 94 94 94 94 94 94 94 94 94 94 94 94 23 23 23 23 23 23 23 23 23 23 23 23 23 23
30 67 93 22 62 68 74 92 70 29 19 68 33 99 2 12 66 3 32 14 71 84 43 38 4 79 82 32 58 64 54 70 70 70 70 70 70 70 70 70 70 70 70 70 70 77 77 77 77 77 77 77 77 77 77 77 77 77 77 13 13 13 13 13 13 13 13 13 13 13 13 13 13 51 51 51 51 51 51 51 51 51 51 51 51 51 51 100 100 100 100 100 100 100 100 100 100 100 100 100 100 17 17 17 17 17 17 17 17 17 17 17 17 17 17 45 45 45 45 45 45 45 45 45 45 45 45 45 45 57 57 57 57 57 57 57 57 57 57 57 57 57 57 53 53 53 53 53 53 53 53 53 53 53 53 53 53 7 7 7 7 7 7 7 7 7 7 7 7 7 7 17 17 17 17 17 17 17 17 17 17 17 17 17 17 70 70 70 70 70 70 70 70 70 70 70 70 70 70 24 24 24 24 24 24 24 24 24 24 24 24 24 24 94 94 94 94 94 94 94 94 94 94 94 94 94 94 23 23 23 23 23 23 23 23 23 23 23 23 23 23
31 9 17 22 60 27 17 4 54 28 88 34 78 88 22 42 25 16 55 70 3 49 57 8 64 11 83 54 93 75 81 70 70 70 70 70 70 70 70 70 70 70 70 70 70 77 77 77 77 77 77 77 77 77 77 77 77 77 77 13 13 13 13 13 13 13 13 13 13 13 13 13 13 51 51 51 51 51 51 51 51 51 51 51 51 51 51 100 100 100 100 100 100 100 100 100 100 100 100 100 100 17 17 17 17 17 17 17 17 17 17 17 17 17 17 45 45 45 45 45 45 45 45 45 45 45 45 45 45 57 57 57 57 57 57 57 57 57 57 57 57 57 57 53 53 53 53 53 53 53 53 53 53 53 53 53 53 7 7 7 7 7 7 7 7 7 7 7 7 7 7 17 17 17 17 17 17 17 17 17 17 17 17 17 17 70 70 70 70 70 70 70 70 70 70 70 70 70 70 24 24 24 24 24 24 24 24 24 24 24 24 24 24 94 94 94 94 94 94 94 94 94 94 94 94 94 94 23 23 23 23 23 23 23 23 23 23 23 23 23 23
32 47 18 58 29 25 69 83 38 33 15 13 52 51 92 76 62 75 43 49 50 90 22 55 95 13 49 79 50 62 81 70 70 70 70 70 70 70 70 70 70 70 70 70 70 77 77 77 77 77 77 77 77 77 77 77 77 77 77 13 13 13 13 13 13 13 13 13 13 13 13 13 13 51 51 51 51 51 51 51 51 51 51 51 51 51 51 100 100 100 100 100 100 100 100 100 100 100 100 100 100 17 17 17 17 17 17 17 17 17 17 17 17 17 17 45 45 45 45 45 45 45 45 45 45 45 45 45 45 57 57 57 57 57 57 57 57 57 57 57 57 57 57 53 53 53 53 53 53 53 53 53 53 53 53 53 53 7 7 7 7 7 7 7 7 7 7 7 7 7 7 17 17 17 17 17 17 17 17 17 17 17 17 17 17 70 70 70 70 70 70 70 70 70 70 70 70 70 70 24 24 24 24 24 24 24 24 24 24 24 24 24 24 94 94 94 94 94 94 94 94 94 94 94 94 94 94 23 23 23 23 23 23 23 23 23 23 23 23 23 23
33 69 74 62 99 84 43 13 90 13 17 61 53 18 27 54 81 53 53 24 60 59 40 92 33 36 92 46 3 8 39 70 70 70 70 70 70 70 70 70 70 70 70 70 70 77 77 77 77 77 77 77 77 77 77 77 77 77 77 13 13 13 13 13 13 13 13 13 13 13 13 13 13 51 51 51 51 51 51 51 51 51 51 51 51 51 51 100 100 100 100 100 100 100 100 100 100 100 100 100 100 17 17 17 17 17 17 17 17 17 17 17 17 17 17 45 45 45 45 45 45 45 45 45 45 45 45 45 45 57 57 57 57 57 57 57 57 57 57 57 57 57 57 53 53 53 53 53 53 53 53 53 53 53 53 53 53 7 7 7 7 7 7 7 7 7 7 7 7 7 7 17 17 17 17 17 17 17 17 17 17 17 17 17 17 70 70 70 70 70 70 70 70 70 70 70 70 70 70 24 24 24 24 24 24 24 24 24 24 24 24 24 24 94 94 94 94 94 94 94 94 94 94 94 94 94 94 23 23 23 23 23 23 23 23 23 23 23 23 23 23
34 61 61 93 26 41 86 67 77 4 13 67 28 21 15 36 52 21 26 16 16 35 47 79 24 56 80 99 78 78 64 70 70 70 70 70 70 70 70 70 70 70 70 70 70 77 77 77 77 77 77 77 77 77 77 77 77 77 77 13 13 13 13 13 13 13 13 13 13 13 13 13 13 51 51 51 51 51 51 51 51 51 51 51 51 51 51 100 100 100 100 100 100 100 100 100 100 100 100 100 100 17 17 17 17 17 17 17 17 17 17 17 17 17 17 45 45 45 45 45 45 45 45 45 45 45 45 45 45 57 57 57 57 57 57 57 57 57 57 57 57 57 57 53 53 53 53 53 53 53 53 53 53 53 53 53 53 7 7 7 7 7 7 7 7 7 7 7 7 7 7 17 17 17 17 17 17 17 17 17 17 17 17 17 17 70 70 70 70 70 70 70 70 70 70 70 70 70 70 24 24 24 24 24 24 24 24 24 24 24 24 24 24 94 94 94 94 94 94 94 94 94 94 94 94 94 94 23 23 23 23 23 23 23 23 23 23 23 23 23 23
35 61 44 41 27 63 65 84 3 23 10 65 81 2 42 69 90 96 21 14 26 80 3 97 15 79 72 57 11 47 72 70 70 70 70 70 70 70 70 70 70 70 70 70 70 77 77 77 77 77 77 77 77 77 77 77 77 77 77 13 13 13 13 13 13 13 13 13 13 13 13 13 13 51 51 51 51 51 51 51 51 51 51 51 51 51 51 100 100 100 100 100 100 100 100 100 100 100 100 100 100 17 17 17 17 17 17 17 17 17 17 17 17 17 17 45 45 45 45 45 45 45 45 45 45 45 45 45 45 57 57 57 57 57 57 57 57 57 57 57 57 57 57 53 53 53 53 53 53 53 53 53 53 53 53 53 53 7 7 7 7 7 7 7 7 7 7 7 7 7 7 17 17 17 17 17 17 17 17 17 17 17 17 17 17 70 70 70 70 70 70 70 70 70 70 70 70 70 70 24 24 24 24 24 24 24 24 24 24 24 24 24 24 94 94 94 94 94 94 94 94 94 94 94 94 94 94 23 23 23 23 23 23 23 23 23 23 23 23 23 23
36 56 18 87 97 66 27 88 99 50 11 11 100 51 51 83 8 3 24 66 33 88 71 14 33 73 71 93 81 72 41 70 70 70 70 70 70 70 70 70 70 70 70 70 70 77 77 77 77 77 77 77 77 77 77 77 77 77 77 13 13 13 13 13 13 13 13 13 13 13 13 13 13 51 51 51 51 51 51 51 51 51 51 51 51 51 51 100 100 100 100 100 100 100 100 100 100 100 100 100 100 17 17 17 17 17 17 17 17 17 17 17 17 17 17 45 45 45 45 45 45 45 45 45 45 45 45 45 45 57 57 57 57 57 57 57 57 57 57 57 57 57 57 53 53 53 53 53 53 53 53 53 53 53 53 53 53 7 7 7 7 7 7 7 7 7 7 7 7 7 7 17 17 17 17 17 17 17 17 17 17 17 17 17 17 70 70 70 70 70 70 70 70 70 70 70 70 70 70 24 24 24 24 24 24 24 24 24 24 24 24 24 24 94 94 94 94 94 94 94 94 94 94 94 94 94 94 23 23 23 23 23 23 23 23 23 23 23 23 23 23
37 61 24 20 85 46 22 90 42 6 65 9 72 9 72 74 80 92 7 32 47 62 16 98 85 91 49 84 27 37 55 70 70 70 70 70 70 70 70 70 70 70 70 70 70 77 77 77 77 77 77 77 77 77 77 77 77 77 77 13 13 13 13 13 13 13 13 13 13 13 13 13 13 51 51 51 51 51 51 51 51 51 51 51 51 51 51 100 100 100 100 100 100 100 100 100 100 100 100 100 100 17 17 17 17 17 17 17 17 17 17 17 17 17 17 45 45 45 45 45 45 45 45 45 45 45 45 45 45 57 57 57 57 57 57 57 57 57 57 57 57 57 57 53 53 53 53 53 53 53 53 53 53 53 53 53 53 7 7 7 7 7 7 7 7 7 7 7 7 7 7 17 17 17 17 17 17 17 17 17 17 17 17 17 17 70 70 70 70 70 70 70 70 70 70 70 70 70 70 24 24 24 24 24 24 24 24 24 24 24 24 24 24 94 94 94 94 94 94 94 94 94 94 94 94 94 94 23 23 23 23 23 23 23 23 23 23 23 23 23 23
38 17 43 66 47 40 17 72 60 68 44 3 83 26 70 86 47 57 42 70 83 7 20 57 22 71 69 48 72 6 78 70 70 70 70 70 70 70 70 70 70 70 70 70 70 77 77 77 77 77 77 77 77 77 77 77 77 77 77 13 13 13 13 13 13 13 13 13 13 13 13 13 13 51 51 51 51 51 51 51 51 51 51 51 51 51 51 100 100 100 100 100 100 100 100 100 100 100 100 100 100 17 17 17 17 17 17 17 17 17 17 17 17 17 17 45 45 45 45 45 45 45 45 45 45 45 45 45 45 57 57 57 57 57 57 57 57 57 57 57 57 57 57 53 53 53 53 53 53 53 53 53 53 53 53 53 53 7 7 7 7 7 7 7 7 7 7 7 7 7 7 17 17 17 17 17 17 17 17 17 17 17 17 17 17 70 70 70 70 70 70 70 70 70 70 70 70 70 70 24 24 24 24 24 24 24 24 24 24 24 24 24 24 94 94 94 94 94 94 94 94 94 94 94 94 94 94 23 23 23 23 23 23 23 23 23 23 23 23 23 23
39 56 93 37 12 18 64 25 10 82 87 95 89 15 78 25 59 43 61 80 80 38 82 88 13 34 81 97 81 16 82 70 70 70 70 70 70 70 70 70 70 70 70 70 70 77 77 77 77 77 77 77 77 77 77 77 77 77 77 13 13 13 13 13 13 13 13 13 13 13 13 13 13 51 51 51 51 51 51 51 51 51 51 51 51 51 51 100 100 100 100 100 100 100 100 100 100 100 100 100 100 17 17 17 17 17 17 17 17 17 17 17 17 17 17 45 45 45 45 45 45 45 45 45 45 45 45 45 45 57 57 57 57 57 57 57 57 57 57 57 57 57 57 53 53 53 53 53 53 53 53 53 53 53 53 53 53 7 7 7 7 7 7 7 7 7 7 7 7 7 7 17 17 17 17 17 17 17 17 17 17 17 17 17 17 70 70 70 70 70 70 70 70 70 70 70 70 70 70 24 24 24 24 24 24 24 24 24 24 24 24 24 24 94 94 94 94 94 94 94 94 94 94 94 94 94 94 23 23 23 23 23 23 23 23 23 23 23 23 23 23
40 35 9 33 5 18 47 60 27 17 22 57 90 55 94 81 44 82 43 71 91 82 78 44 95 33 94 59 87 66 23 70 70 70 70 70 70 70 70 70 70 70 70 70 70 77 77 77 77 77 77 77 77 77 77 77 77 77 77 13 13 13 13 13 13 13 13 13 13 13 13 13 13 51 51 51 51 51 51 51 51 51 51 51 51 51 51 100 100 100 100 100 100 100 100 100 100 100 100 100 100 17 17 17 17 17 17 17 17 17 17 17 17 17 17 45 45 45 45 45 45 45 45 45 45 45 45 45 45 57 57 57 57 57 57 57 57 57 57 57 57 57 57 53 53 53 53 53 53 53 53 53 53 53 53 53 53 7 7 7 7 7 7 7 7 7 7 7 7 7 7 17 17 17 17 17 17 17 17 17 17 17 17 17 17 70 70 70 70 70 70 70 70 70 70 70 70 70 70 24 24 24 24 24 24 24 24 24 24 24 24 24 24 94 94 94 94 94 94 94 94 94 94 94 94 94 94 23 23 23 23 23 23 23 23 23 23 23 23 23 23
41 4 42 12 36 13 19 8 63 37 43 11 76 100 12 23 83 86 59 7 53 40 96 70 1 67 68 72 96 91 91 70 70 70 70 70 70 70 70 70 70 70 70 70 70 77 77 77 77 77 77 77 77 77 77 77 77 77 77 13 13 13 13 13 13 13 13 13 13 13 13 13 13 51 51 51 51 51 51 51 51 51 51 51 51 51 51 100 100 100 100 100 100 100 100 100 100 100 100 100 100 17 17 17 17 17 17 17 17 17 17 17 17 17 17 45 45 45 45 45 45 45 45 45 45 45 45 45 45 57 57 57 57 57 57 57 57 57 57 57 57 57 57 53 53 53 53 53 53 53 53 53 53 53 53 53 53 7 7 7 7 7 7 7 7 7 7 7 7 7 7 17 17 17 17 17 17 17 17 17 17 17 17 17 17 70 70 70 70 70 70 70 70 70 70 70 70 70 70 24 24 24 24 24 24 24 24 24 24 24 24 24 24 94 94 94 94 94 94 94 94 94 94 94 94 94 94 23 23 23 23 23 23 23 23 23 23 23 23 23 23
42 10 39 54 77 3 16 31 96 90 1 11 73 4 45 25 98 41 75 27 91 55 40 64 31 51 32 58 74 6 9 70 70 70 70 70 70 70 70 70 70 70 70 70 70 77 77 77 77 77 77 77 77 77 77 77 77 77 77 13 13 13 13 13 13 13 13 13 13 13 13 13 13 51 51 51 51 51 51 51 51 51 51 51 51 51 51 100 100 100 100 100 100 100 100 100 100 100 100 100 100 17 17 17 17 17 17 17 17 17 17 17 17 17 17 45 45 45 45 45 45 45 45 45 45 45 45 45 45 57 57 57 57 57 57 57 57 57 57 57 57 57 57 53 53 53 53 53 53 53 53 53 53 53 53 53 53 7 7 7 7 7 7 7 7 7 7 7 7 7 7 17 17 17 17 17 17 17 17 17 17 17 17 17 17 70 70 70 70 70 70 70 70 70 70 70 70 70 70 24 24 24 24 24 24 24 24 24 24 24 24 24 24 94 94 94 94 94 94 94 94 94 94 94 94 94 94 23 23 23 23 23 23 23 23 23 23 23 23 23 23
43 57 89 12 55 44 96 53 39 100 52 34 16 38 18 8 8 72 91 53 40 44 47 27 57 54 88 32 83 63 86 70 70 70 70 70 70 70 70 70 70 70 70 70 70 77 77 77 77 77 77 77 77 77 77 77 77 77 77 13 13 13 13 13 13 13 13 13 13 13 13 13 13 51 51 51 51 51 51 51 51 51 51 51 51 51 51 100 100 100 100 100 100 100 100 100 100 100 100 100 100 17 17 17 17 17 17 17 17 17 17 17 17 17 17 45 45 45 45 45 45 45 45 45 45 45 45 45 45 57 57 57 57 57 57 57 57 57 57 57 57 57 57 53 53 53 53 53 53 53 53 53 53 53 53 53 53 7 7 7 7 7 7 7 7 7 7 7 7 7 7 17 17 17 17 17 17 17 17 17 17 17 17 17 17 70 70 70 70 70 70 70 70 70 70 70 70 70 70 24 24 24 24 24 24 24 24 24 24 24 24 24 24 94 94 94 94 94 94 94 94 94 94 94 94 94 94 23 23 23 23 23 23 23 23 23 23 23 23 23 23
44 84 62 27 52 8 31 24 78 46 11 58 59 2 3 95 25 14 57 75 61 68 68 100 46 72 97 53 98 14 46 70 70 70 70 70 70 70 70 70 70 70 70 70 70 77 77 77 77 77 77 77 77 77 77 77 77 77 77 13 13 13 13 13 13 13 13 13 13 13 13 13 13 51 51 51 51 51 51 51 51 51 51 51 51 51 51 100 100 100 100 100 100 100 100 100 100 100 100 100 100 17 17 17 17 17 17 17 17 17 17 17 17 17 17 45 45 45 45 45 45 45 45 45 45 45 45 45 45 57 57 57 57 57 57 57 57 57 57 57 57 57 57 53 53 53 53 53 53 53 53 53 53 53 53 53 53 7 7 7 7 7 7 7 7 7 7 7 7 7 7 17 17 17 17 17 17 17 17 17 17 17 17 17 17 70 70 70 70 70 70 70 70 70 70 70 70 70 70 24 24 24 24 24 24 24 24 24 24 24 24 24 24 94 94 94 94 94 94 94 94 94 94 94 94 94 94 23 23 23 23 23 23 23 23 23 23 23 23 23 23
45 40 61 34 32 19 17 71 10 68 5 54 99 36 83 31 94 34 97 35 59 86 35 59 26 51 49 97 70 54 86 70 70 70 70 70 70 70 70 70 70 70 70 70 70 77 77 77 77 77 77 77 77 77 77 77 77 77 77 13 13 13 13 13 13 13 13 13 13 13 13 13 13 51 51 51 51 51 51 51 51 51 51 51 51 51 51 100 100 100 100 100 100 100 100 100 100 100 100 100 100 17 17 17 17 17 17 17 17 17 17 17 17 17 17 45 45 45 45 45 45 45 45 45 45 45 45 45 45 57 57 57 57 57 57 57 57 57 57 57 57 57 57 53 53 53 53 53 53 53 53 53 53 53 53 53 53 7 7 7 7 7 7 7 7 7 7 7 7 7 7 17 17 17 17 17 17 17 17 17 17 17 17 17 17 70 70 70 70 70 70 70 70 70 70 70 70 70 70 24 24 24 24 24 24 24 24 24 24 24 24 24 24 94 94 94 94 94 94 94 94 94 94 94 94 94 94 23 23 23 23 23 23 23 23 23 23 23 23 23 23
46 64 5 47 71 26 68 36 99 15 32 93 2 34 74 64 63 57 72 86 12 7 48 34 32 46 98 7 37 19 3 70 70 70 70 70 70 70 70 70 70 70 70 70 70 77 77 77 77 77 77 77 77 77 77 77 77 77 77 13 13 13 13 13 13 13 13 13 13 13 13 13 13 51 51 51 51 51 51 51 51 51 51 51 51 51 51 100 100 100 100 100 100 100 100 100 100 100 100 100 100 17 17 17 17 17 17 17 17 17 17 17 17 17 17 45 45 45 45 45 45 45 45 45 45 45 45 45 45 57 57 57 57 57 57 57 57 57 57 57 57 57 57 53 53 53 53 53 53 53 53 53 53 53 53 53 53 7 7 7 7 7 7 7 7 7 7 7 7 7 7 17 17 17 17 17 17 17 17 17 17 17 17 17 17 70 70 70 70 70 70 70 70 70 70 70 70 70 70 24 24 24 24 24 24 24 24 24 24 24 24 24 24 94 94 94 94 94 94 94 94 94 94 94 94 94 94 23 23 23 23 23 23 23 23 23 23 23 23 23 23
47 14 11 40 84 41 67 76 69 46 26 89 24 90 100 37 80 61 76 43 58 3 14 14 2 91 83 5 69 13 78 70 70 70 70 70 70 70 70 70 70 70 70 70 70 77 77 77 77 77 77 77 77 77 77 77 77 77 77 13 13 13 13 13 13 13 13 13 13 13 13 13 13 51 51 51 51 51 51 51 51 51 51 51 51 51 51 100 100 100 100 100 100 100 100 100 100 100 100 100 100 17 17 17 17 17 17 17 17 17 17 17 17 17 17 45 45 45 45 45 45 45 45 45 45 45 45 45 45 57 57 57 57 57 57 57 57 57 57 57 57 57 57 53 53 53 53 53 53 53 53 53 53 53 53 53 53 7 7 7 7 7 7 7 7 7 7 7 7 7 7 17 17 17 17 17 17 17 17 17 17 17 17 17 17 70 70 70 70 70 70 70 70 70 70 70 70 70 70 24 24 24 24 24 24 24 24 24 24 24 24 24 24 94 94 94 94 94 94 94 94 94 94 94 94 94 94 23 23 23 23 23 23 23 23 23 23 23 23 23 23
48 98 51 80 67 97 74 68 67 7 10 57 66 58 54 27 94 78 52 87 97 55 68 96 24 86 70 50 81 18 89 70 70 70 70 70 70 70 70 70 70 70 70 70 70 77 77 77 77 77 77 77 77 77 77 77 77 77 77 13 13 13 13 13 13 13 13 13 13 13 13 13 13 51 51 51 51 51 51 51 51 51 51 51 51 51 51 100 100 100 100 100 100 100 100 100 100 100 100 100 100 17 17 17 17 17 17 17 17 17 17 17 17 17 17 45 45 45 45 45 45 45 45 45 45 45 45 45 45 57 57 57 57 57 57 57 57 57 57 57 57 57 57 53 53 53 53 53 53 53 53 53 53 53 53 53 53 7 7 7 7 7 7 7 7 7 7 7 7 7 7 17 17 17 17 17 17 17 17 17 17 17 17 17 17 70 70 70 70 70 70 70 70 70 70 70 70 70 70 24 24 24 24 24 24 24 24 24 24 24 24 24 24 94 94 94 94 94 94 94 94 94 94 94 94 94 94 23 23 23 23 23 23 23 23 23 23 23 23 23 23
49 19 34 67 81 19 38 25 49 90 84 74 50 8 79 52 44 6 89 51 30 62 52 83 67 70 22 2 38 47 87 70 70 70 70 70 70 70 70 70 70 70 70 70 70 77 77 77 77 77 77 77 77 77 77 77 77 77 77 13 13 13 13 13 13 13 13 13 13 13 13 13 13 51 51 51 51 51 51 51 51 51 51 51 51 51 51 100 100 100 100 100 100 100 100 100 100 100 100 100 100 17 17 17 17 17 17 17 17 17 17 17 17 17 17 45 45 45 45 45 45 45 45 45 45 45 45 45 45 57 57 57 57 57 57 57 57 57 57 57 57 57 57 53 53 53 53 53 53 53 53 53 53 53 53 53 53 7 7 7 7 7 7 7 7 7 7 7 7 7 7 17 17 17 17 17 17 17 17 17 17 17 17 17 17 70 70 70 70 70 70 70 70 70 70 70 70 70 70 24 24 24 24 24 24 24 24 24 24 24 24 24 24 94 94 94 94 94 94 94 94 94 94 94 94 94 94 23 23 23 23 23 23 23 23 23 23 23 23 23 23
50 79 9 22 53 54 46 52 56 38 36 76 98 61 43 21 69 85 63 13 5 69 67 95 36 92 82 60 4 16 14 70 70 70 70 70 70 70 70 70 70 70 70 70 70 77 77 77 77 77 77 77 77 77 77 77 77 77 77 13 13 13 13 13 13 13 13 13 13 13 13 13 13 51 51 51 51 51 51 51 51 51 51 51 51 51 51 100 100 100 100 100 100 100 100 100 100 100 100 100 100 17 17 17 17 17 17 17 17 17 17 17 17 17 17 45 45 45 45 45 45 45 45 45 45 45 45 45 45 57 57 57 57 57 57 57 57 57 57 57 57 57 57 53 53 53 53 53 53 53 53 53 53 53 53 53 53 7 7 7 7 7 7 7 7 7 7 7 7 7 7 17 17 17 17 17 17 17 17 17 17 17 17 17 17 70 70 70 70 70 70 70 70 70 70 70 70 70 70 24 24 24 24 24 24 24 24 24 24 24 24 24 24 94 94 94 94 94 94 94 94 94 94 94 94 94 94 23 23 23 23 23 23 23 23 23 23 23 23 23 23
51 13 48 34 90 35 74 65 58 37 29 48 97 22 61 29 74 53 94 94 33 10 76 6 29 75 31 20 97 18 89 70 70 70 70 70 70 70 70 70 70 70 70 70 70 77 77 77 77 77 77 77 77 77 77 77 77 77 77 13 13 13 13 13 13 13 13 13 13 13 13 13 13 51 51 51 51 51 51 51 51 51 51 51 51 51 51 100 100 100 100 100 100 100 100 100 100 100 100 100 100 17 17 17 17 17 17 17 17 17 17 17 17 17 17 45 45 45 45 45 45 45 45 45 45 45 45 45 45 57 57 57 57 57 57 57 57 57 57 57 57 57 57 53 53 53 53 53 53 53 53 53 53 53 53 53 53 7 7 7 7 7 7 7 7 7 7 7 7 7 7 17 17 17 17 17 17 17 17 17 17 17 17 17 17 70 70 70 70 70 70 70 70 70 70 70 70 70 70 24 24 24 24 24 24 24 24 24 24 24 24 24 24 94 94 94 94 94 94 94 94 94 94 94 94 94 94 23 23 23 23 23 23 23 23 23 23 23 23 23 23
52 74 99 53 19 77 6 81 1 98 52 33 38 45 27 9 66 53 91 39 73 73 8 59 68 14 39 36 21 83 69 70 70 70 70 70 70 70 70 70 70 70 70 70 70 77 77 77 77 77 77 77 77 77 77 77 77 77 77 13 13 13 13 13 13 13 13 13 13 13 13 13 13 51 51 51 51 51 51 51 51 51 51 51 51 51 51 100 100 100 100 100 100 100 100 100 100 100 100 100 100 17 17 17 17 17 17 17 17 17 17 17 17 17 17 45 45 45 45 45 45 45 45 45 45 45 45 45 45 57 57 57 57 57 57 57 57 57 57 57 57 57 57 53 53 53 53 53 53 53 53 53 53 53 53 53 53 7 7 7 7 7 7 7 7 7 7 7 7 7 7 17 17 17 17 17 17 17 17 17 17 17 17 17 17 70 70 70 70 70 70 70 70 70 70 70 70 70 70 24 24 24 24 24 24 24 24 24 24 24 24 24 24 94 94 94 94 94 94 94 94 94 94 94 94 94 94 23 23 23 23 23 23 23 23 23 23 23 23 23 23
53 69 33 4 79 27 48 88 82 47 15 63 2 66 46 93 71 50 81 53 53 57 10 80 40 95 64 56 29 71 78 70 70 70 70 70 70 70 70 70 70 70 70 70 70 77 77 77 77 77 77 77 77 77 77 77 77 77 77 13 13 13 13 13 13 13 13 13 13 13 13 13 13 51 51 51 51 51 51 51 51 51 51 51 51 51 51 100 100 100 100 100 100 100 100 100 100 100 100 100 100 17 17 17 17 17 17 17 17 17 17 17 17 17 17 45 45 45 45 45 45 45 45 45 45 45 45 45 45 57 57 57 57 57 57 57 57 57 57 57 57 57 57 53 53 53 53 53 53 53 53 53 53 53 53 53 53 7 7 7 7 7 7 7 7 7 7 7 7 7 7 17 17 17 17 17 17 17 17 17 17 17 17 17 17 70 70 70 70 70 70 70 70 70 70 70 70 70 70 24 24 24 24 24 24 24 24 24 24 24 24 24 24 94 94 94 94 94 94 94 94 94 94 94 94 94 94 23 23 23 23 23 23 23 23 23 23 23 23 23 23
54 50 5 61 49 81 46 76 18 76 63 45 45 60 22 56 50 32 3 91 37 17 25 39 27 46 56 49 73 2 75 70 70 70 70 70 70 70 70 70 70 70 70 70 70 77 77 77 77 77 77 77 77 77 77 77 77 77 77 13 13 13 13 13 13 13 13 13 13 13 13 13 13 51 51 51 51 51 51 51 51 51 51 51 51 51 51 100 100 100 100 100 100 100 100 100 100 100 100 100 100 17 17 17 17 17 17 17 17 17 17 17 17 17 17 45 45 45 45 45 45 45 45 45 45 45 45 45 45 57 57 57 57 57 57 57 57 57 57 57 57 57 57 53 53 53 53 53 53 53 53 53 53 53 53 53 53 7 7 7 7 7 7 7 7 7 7 7 7 7 7 17 17 17 17 17 17 17 17 17 17 17 17 17 17 70 70 70 70 70 70 70 70 70 70 70 70 70 70 24 24 24 24 24 24 24 24 24 24 24 24 24 24 94 94 94 94 94 94 94 94 94 94 94 94 94 94 23 23 23 23 23 23 23 23 23 23 23 23 23 23
55 71 73 99 51 93 22 86 51 97 59 37 50 20 20 44 67 61 32 4 93 43 45 60 42 82 42 90 24 64 88 70 70 70 70 70 70 70 70 70 70 70 70 70 70 77 77 77 77 77 77 77 77 77 77 77 77 77 77 13 13 13 13 13 13 13 13 13 13 13 13 13 13 51 51 51 51 51 51 51 51 51 51 51 51 51 51 100 100 100 100 100 100 100 100 100 100 100 100 100 100 17 17 17 17 17 17 17 17 17 17 17 17 17 17 45 45 45 45 45 45 45 45 45 45 45 45 45 45 57 57 57 57 57 57 57 57 57 57 57 57 57 57 53 53 53 53 53 53 53 53 53 53 53 53 53 53 7 7 7 7 7 7 7 7 7 7 7 7 7 7 17 17 17 17 17 17 17 17 17 17 17 17 17 17 70 70 70 70 70 70 70 70 70 70 70 70 70 70 24 24 24 24 24 24 24 24 24 24 24 24 24 24 94 94 94 94 94 94 94 94 94 94 94 94 94 94 23 23 23 23 23 23 23 23 23 23 23 23 23 23
56 26 64 89 35 24 8 94 69 46 47 73 49 41 39 13 37 1 67 86 87 73 74 88 5 25 81 76 69 40 94 70 70 70 70 70 70 70 70 70 70 70 70 70 70 77 77 77 77 77 77 77 77 77 77 77 77 77 77 13 13 13 13 13 13 13 13 13 13 13 13 13 13 51 51 51 51 51 51 51 51 51 51 51 51 51 51 100 100 100 100 100 100 100 100 100 100 100 100 100 100 17 17 17 17 17 17 17 17 17 17 17 17 17 17 45 45 45 45 45 45 45 45 45 45 45 45 45 45 57 57 57 57 57 57 57 57 57 57 57 57 57 57 53 53 53 53 53 53 53 53 53 53 53 53 53 53 7 7 7 7 7 7 7 7 7 7 7 7 7 7 17 17 17 17 17 17 17 17 17 17 17 17 17 17 70 70 70 70 70 70 70 70 70 70 70 70 70 70 24 24 24 24 24 24 24 24 24 24 24 24 24 24 94 94 94 94 94 94 94 94 94 94 94 94 94 94 23 23 23 23 23 23 23 23 23 23 23 23 23 23
57 40 41 4 85 20 47 67 4 83 16 2 96 20 64 79 28 6 12 84 98 10 53 4 38 63 77 56 60 69 13 70 70 70 70 70 70 70 70 70 70 70 70 70 70 77 77 77 77 77 77 77 77 77 77 77 77 77 77 13 13 13 13 13 13 13 13 13 13 13 13 13 13 51 51 51 51 51 51 51 51 51 51 51 51 51 51 100 100 100 100 100 100 100 100 100 100 100 100 100 100 17 17 17 17 17 17 17 17 17 17 17 17 17 17 45 45 45 45 45 45 45 45 45 45 45 45 45 45 57 57 57 57 57 57 57 57 57 57 57 57 57 57 53 53 53 53 53 53 53 53 53 53 53 53 53 53 7 7 7 7 7 7 7 7 7 7 7 7 7 7 17 17 17 17 17 17 17 17 17 17 17 17 17 17 70 70 70 70 70 70 70 70 70 70 70 70 70 70 24 24 24 24 24 24 24 24 24 24 24 24 24 24 94 94 94 94 94 94 94 94 94 94 94 94 94 94 23 23 23 23 23 23 23 23 23 23 23 23 23 23
58 22 13 10 42 80 82 82 70 17 58 58 7 38 36 16 15 90 96 4 14 50 65 43 33 91 92 98 19 5 85 70 70 70 70 70 70 70 70 70 70 70 70 70 70 77 77 77 77 77 77 77 77 77 77 77 77 77 77 13 13 13 13 13 13 13 13 13 13 13 13 13 13 51 51 51 51 51 51 51 51 51 51 51 51 51 51 100 100 100 100 100 100 100 100 100 100 100 100 100 100 17 17 17 17 17 17 17 17 17 17 17 17 17 17 45 45 45 45 45 45 45 45 45 45 45 45 45 45 57 57 57 57 57 57 57 57 57 57 57 57 57 57 53 53 53 53 53 53 53 53 53 53 53 53 53 53 7 7 7 7 7 7 7 7 7 7 7 7 7 7 17 17 17 17 17 17 17 17 17 17 17 17 17 17 70 70 70 70 70 70 70 70 70 70 70 70 70 70 24 24 24 24 24 24 24 24 24 24 24 24 24 24 94 94 94 94 94 94 94 94 94 94 94 94 94 94 23 23 23 23 23 23 23 23 23 23 23 23 23 23
59 82 61 44 21 72 100 60 38 3 46 47 88 95 12 72 13 22 45 86 81 41 83 18 43 16 43 68 81 27 1 70 70 70 70 70 70 70 70 70 70 70 70 70 70 77 77 77 77 77 77 77 77 77 77 77 77 77 77 13 13 13 13 13 13 13 13 13 13 13 13 13 13 51 51 51 51 51 51 51 51 51 51 51 51 51 51 100 100 100 100 100 100 100 100 100 100 100 100 100 100 17 17 17 17 17 17 17 17 17 17 17 17 17 17 45 45 45 45 45 45 45 45 45 45 45 45 45 45 57 57 57 57 57 57 57 57 57 57 57 57 57 57 53 53 53 53 53 53 53 53 53 53 53 53 53 53 7 7 7 7 7 7 7 7 7 7 7 7 7 7 17 17 17 17 17 17 17 17 17 17 17 17 17 17 70 70 70 70 70 70 70 70 70 70 70 70 70 70 24 24 24 24 24 24 24 24 24 24 24 24 24 24 94 94 94 94 94 94 94 94 94 94 94 94 94 94 23 23 23 23 23 23 23 23 23 23 23 23 23 23
60 68 43 35 27 97 67 19 13 31 74 27 6 10 27 22 3 1 4 32 89 10 1 52 7 52 87 70 86 65 46 70 70 70 70 70 70 70 70 70 70 70 70 70 70 77 77 77 77 77 77 77 77 77 77 77 77 77 77 13 13 13 13 13 13 13 13 13 13 13 13 13 13 51 51 51 51 51 51 51 51 51 51 51 51 51 51 100 100 100 100 100 100 100 100 100 100 100 100 100 100 17 17 17 17 17 17 17 17 17 17 17 17 17 17 45 45 45 45 45 45 45 45 45 45 45 45 45 45 57 57 57 57 57 57 57 57 57 57 57 57 57 57 53 53 53 53 53 53 53 53 53 53 53 53 53 53 7 7 7 7 7 7 7 7 7 7 7 7 7 7 17 17 17 17 17 17 17 17 17 17 17 17 17 17 70 70 70 70 70 70 70 70 70 70 70 70 70 70 24 24 24 24 24 24 24 24 24 24 24 24 24 24 94 94 94 94 94 94 94 94 94 94 94 94 94 94 23 23 23 23 23 23 23 23 23 23 23 23 23 23
61 69 66 37 63 57 95 81 77 39 90 74 70 78 35 75 77 84 56 4 30 64 55 13 8 85 5 30 51 86 4 70 70 70 70 70 70 70 70 70 70 70 70 70 70 77 77 77 77 77 77 77 77 77 77 77 77 77 77 13 13 13 13 13 13 13 13 13 13 13 13 13 13 51 51 51 51 51 51 51 51 51 51 51 51 51 51 100 100 100 100 100 100 100 100 100 100 100 100 100 100 17 17 17 17 17 17 17 17 17 17 17 17 17 17 45 45 45 45 45 45 45 45 45 45 45 45 45 45 57 57 57 57 57 57 57 57 57 57 57 57 57 57 53 53 53 53 53 53 53 53 53 53 53 53 53 53 7 7 7 7 7 7 7 7 7 7 7 7 7 7 17 17 17 17 17 17 17 17 17 17 17 17 17 17 70 70 70 70 70 70 70 70 70 70 70 70 70 70 24 24 24 24 24 24 24 24 24 24 24 24 24 24 94 94 94 94 94 94 94 94 94 94 94 94 94 94 23 23 23 23 23 23 23 23 23 23 23 23 23 23
62 74 64 80 7 32 75 32 38 91 29 75 71 17 74 44 69 81 24 1 4 98 72 93 27 19 25 12 94 43 87 70 70 70 70 70 70 70 70 70 70 70 70 70 70 77 77 77 77 77 77 77 77 77 77 77 77 77 77 13 13 13 13 13 13 13 13 13 13 13 13 13 13 51 51 51 51 51 51 51 51 51 51 51 51 51 51 100 100 100 100 100 100 100 100 100 100 100 100 100 100 17 17 17 17 17 17 17 17 17 17 17 17 17 17 45 45 45 45 45 45 45 45 45 45 45 45 45 45 57 57 57 57 57 57 57 57 57 57 57 57 57 57 53 53 53 53 53 53 53 53 53 53 53 53 53 53 7 7 7 7 7 7 7 7 7 7 7 7 7 7 17 17 17 17 17 17 17 17 17 17 17 17 17 17 70 70 70 70 70 70 70 70 70 70 70 70 70 70 24 24 24 24 24 24 24 24 24 24 24 24 24 24 94 94 94 94 94 94 94 94 94 94 94 94 94 94 23 23 23 23 23 23 23 23 23 23 23 23 23 23
63 66 37 43 37 47 3 75 46 50 95 14 43 93 25 90 37 92 68 79 94 23 75 13 53 17 41 92 25 95 76 70 70 70 70 70 70 70 70 70 70 70 70 70 70 77 77 77 77 77 77 77 77 77 77 77 77 77 77 13 13 13 13 13 13 13 13 13 13 13 13 13 13 51 51 51 51 51 51 51 51 51 51 51 51 51 51 100 100 100 100 100 100 100 100 100 100 100 100 100 100 17 17 17 17 17 17 17 17 17 17 17 17 17 17 45 45 45 45 45 45 45 45 45 45 45 45 45 45 57 57 57 57 57 57 57 57 57 57 57 57 57 57 53 53 53 53 53 53 53 53 53 53 53 53 53 53 7 7 7 7 7 7 7 7 7 7 7 7 7 7 17 17 17 17 17 17 17 17 17 17 17 17 17 17 70 70 70 70 70 70 70 70 70 70 70 70 70 70 24 24 24 24 24 24 24 24 24 24 24 24 24 24 94 94 94 94 94 94 94 94 94 94 94 94 94 94 23 23 23 23 23 23 23 23 23 23 23 23 23 23
64 83 17 79 24 22 71 94 75 93 15 7 94 19 81 26 26 60 54 13 77 95 17 88 35 74 61 12 81 90 88 70 70 70 70 70 70 70 70 70 70 70 70 70 70 77 77 77 77 77 77 77 77 77 77 77 77 77 77 13 13 13 13 13 13 13 13 13 13 13 13 13 13 51 51 51 51 51 51 51 51 51 51 51 51 51 51 100 100 100 100 100 100 100 100 100 100 100 100 100 100 17 17 17 17 17 17 17 17 17 17 17 17 17 17 45 45 45 45 45 45 45 45 45 45 45 45 45 45 57 57 57 57 57 57 57 57 57 57 57 57 57 57 53 53 53 53 53 53 53 53 53 53 53 53 53 53 7 7 7 7 7 7 7 7 7 7 7 7 7 7 17 17 17 17 17 17 17 17 17 17 17 17 17 17 70 70 70 70 70 70 70 70 70 70 70 70 70 70 24 24 24 24 24 24 24 24 24 24 24 24 24 24 94 94 94 94 94 94 94 94 94 94 94 94 94 94 23 23 23 23 23 23 23 23 23 23 23 23 23 23
65 96 68 71 92 23 45 69 65 72 5 96 61 21 56 43 39 38 18 85 36 65 13 49 83 75 94 20 3 55 85 70 70 70 70 70 70 70 70 70 70 70 70 70 70 77 77 77 77 77 77 77 77 77 77 77 77 77 77 13 13 13 13 13 13 13 13 13 13 13 13 13 13 51 51 51 51 51 51 51 51 51 51 51 51 51 51 100 100 100 100 100 100 100 100 100 100 100 100 100 100 17 17 17 17 17 17 17 17 17 17 17 17 17 17 45 45 45 45 45 45 45 45 45 45 45 45 45 45 57 57 57 57 57 57 57 57 57 57 57 57 57 57 53 53 53 53 53 53 53 53 53 53 53 53 53 53 7 7 7 7 7 7 7 7 7 7 7 7 7 7 17 17 17 17 17 17 17 17 17 17 17 17 17 17 70 70 70 70 70 70 70 70 70 70 70 70 70 70 24 24 24 24 24 24 24 24 24 24 24 24 24 24 94 94 94 94 94 94 94 94 94 94 94 94 94 94 23 23 23 23 23 23 23 23 23 23 23 23 23 23
66 11 63 66 95 65 29 77 25 2 96 68 43 31 18 18 93 96 99 65 97 75 49 4 32 97 76 83 18 9 88 70 70 70 70 70 70 70 70 70 70 70 70 70 70 77 77 77 77 77 77 77 77 77 77 77 77 77 77 13 13 13 13 13 13 13 13 13 13 13 13 13 13 51 51 51 51 51 51 51 51 51 51 51 51 51 51 100 100 100 100 100 100 100 100 100 100 100 100 100 100 17 17 17 17 17 17 17 17 17 17 17 17 17 17 45 45 45 45 45 45 45 45 45 45 45 45 45 45 57 57 57 57 57 57 57 57 57 57 57 57 57 57 53 53 53 53 53 53 53 53 53 53 53 53 53 53 7 7 7 7 7 7 7 7 7 7 7 7 7 7 17 17 17 17 17 17 17 17 17 17 17 17 17 17 70 70 70 70 70 70 70 70 70 70 70 70 70 70 24 24 24 24 24 24 24 24 24 24 24 24 24 24 94 94 94 94 94 94 94 94 94 94 94 94 94 94 23 23 23 23 23 23 23 23 23 23 23 23 23 23
67 30 95 98 66 52 79 79 23 14 52 21 84 67 44 32 91 99 18 74 82 97 65 28 22 42 74 66 36 69 77 70 70 70 70 70 70 70 70 70 70 70 70 70 70 77 77 77 77 77 77 77 77 77 77 77 77 77 77 13 13 13 13 13 13 13 13 13 13 13 13 13 13 51 51 51 51 51 51 51 51 51 51 51 51 51 51 100 100 100 100 100 100 100 100 100 100 100 100 100 100 17 17 17 17 17 17 17 17 17 17 17 17 17 17 45 45 45 45 45 45 45 45 45 45 45 45 45 45 57 57 57 57 57 57 57 57 57 57 57 57 57 57 53 53 53 53 53 53 53 53 53 53 53 53 53 53 7 7 7 7 7 7 7 7 7 7 7 7 7 7 17 17 17 17 17 17 17 17 17 17 17 17 17 17 70 70 70 70 70 70 70 70 70 70 70 70 70 70 24 24 24 24 24 24 24 24 24 24 24 24 24 24 94 94 94 94 94 94 94 94 94 94 94 94 94 94 23 23 23 23 23 23 23 23 23 23 23 23 23 23
68 73 23 18 83 38 3 37 15 19 16 57 91 23 51 52 14 94 41 34 89 17 95 17 84 48 60 6 57 2 21 70 70 70 70 70 70 70 70 70 70 70 70 70 70 77 77 77 77 77 77 77 77 77 77 77 77 77 77 13 13 13 13 13 13 13 13 13 13 13 13 13 13 51 51 51 51 51 51 51 51 51 51 51 51 51 51 100 100 100 100 100 100 100 100 100 100 100 100 100 100 17 17 17 17 17 17 17 17 17 17 17 17 17 17 45 45 45 45 45 45 45 45 45 45 45 45 45 45 57 57 57 57 57 57 57 57 57 57 57 57 57 57 53 53 53 53 53 53 53 53 53 53 53 53 53 53 7 7 7 7 7 7 7 7 7 7 7 7 7 7 17 17 17 17 17 17 17 17 17 17 17 17 17 17 70 70 70 70 70 70 70 70 70 70 70 70 70 70 24 24 24 24 24 24 24 24 24 24 24 24 24 24 94 94 94 94 94 94 94 94 94 94 94 94 94 94 23 23 23 23 23 23 23 23 23 23 23 23 23 23
69 26 25 70 4 77 96 90 2 71 29 61 75 60 77 3 19 84 50 70 44 95 77 31 90 46 78 59 44 55 39 70 70 70 70 70 70 70 70 70 70 70 70 70 70 77 77 77 77 77 77 77 77 77 77 77 77 77 77 13 13 13 13 13 13 13 13 13 13 13 13 13 13 51 51 51 51 51 51 51 51 51 51 51 51 51 51 100 100 100 100 100 100 100 100 100 100 100 100 100 100 17 17 17 17 17 17 17 17 17 17 17 17 17 17 45 45 45 45 45 45 45 45 45 45 45 45 45 45 57 57 57 57 57 57 57 57 57 57 57 57 57 57 53 53 53 53 53 53 53 53 53 53 53 53 53 53 7 7 7 7 7 7 7 7 7 7 7 7 7 7 17 17 17 17 17 17 17 17 17 17 17 17 17 17 70 70 70 70 70 70 70 70 70 70 70 70 70 70 24 24 24 24 24 24 24 24 24 24 24 24 24 24 94 94 94 94 94 94 94 94 94 94 94 94 94 94 23 23 23 23 23 23 23 23 23 23 23 23 23 23
70 4 13 51 53 61 61 47 7 15 81 31 12 69 99 9 26 17 36 6 48 81 75 93 57 11 83 51 58 4 64 70 70 70 70 70 70 70 70 70 70 70 70 70 70 77 77 77 77 77 77 77 77 77 77 77 77 77 77 13 13 13 13 13 13 13 13 13 13 13 13 13 13 51 51 51 51 51 51 51 51 51 51 51 51 51 51 100 100 100 100 100 100 100 100 100 100 100 100 100 100 17 17 17 17 17 17 17 17 17 17 17 17 17 17 45 45 45 45 45 45 45 45 45 45 45 45 45 45 57 57 57 57 57 57 57 57 57 57 57 57 57 57 53 53 53 53 53 53 53 53 53 53 53 53 53 53 7 7 7 7 7 7 7 7 7 7 7 7 7 7 17 17 17 17 17 17 17 17 17 17 17 17 17 17 70 70 70 70 70 70 70 70 70 70 70 70 70 70 24 24 24 24 24 24 24 24 24 24 24 24 24 24 94 94 94 94 94 94 94 94 94 94 94 94 94 94 23 23 23 23 23 23 23 23 23 23 23 23 23 23
71 10 17 31 40 46 92 69 49 65 97 45 86 23 95 4 65 95 58 8 36 58 22 90 11 91 47 42 22 46 66 70 70 70 70 70 70 70 70 70 70 70 70 70 70 77 77 77 77 77 77 77 77 77 77 77 77 77 77 13 13 13 13 13 13 13 13 13 13 13 13 13 13 51 51 51 51 51 51 51 51 51 51 51 51 51 51 100 100 100 100 100 100 100 100 100 100 100 100 100 100 17 17 17 17 17 17 17 17 17 17 17 17 17 17 45 45 45 45 45 45 45 45 45 45 45 45 45 45 57 57 57 57 57 57 57 57 57 57 57 57 57 57 53 53 53 53 53 53 53 53 53 53 53 53 53 53 7 7 7 7 7 7 7 7 7 7 7 7 7 7 17 17 17 17 17 17 17 17 17 17 17 17 17 17 70 70 70 70 70 70 70 70 70 70 70 70 70 70 24 24 24 24 24 24 24 24 24 24 24 24 24 24 94 94 94 94 94 94 94 94 94 94 94 94 94 94 23 23 23 23 23 23 23 23 23 23 23 23 23 23
72 8 76 48 89 11 72 88 16 5 75 70 13 15 77 14 96 14 14 97 62 65 16 70 14 11 58 99 9 25 27 70 70 70 70 70 70 70 70 70 70 70 70 70 70 77 77 77 77 77 77 77 77 77 77 77 77 77 77 13 13 13 13 13 13 13 13 13 13 13 13 13 13 51 51 51 51 51 51 51 51 51 51 51 51 51 51 100 100 100 100 100 100 100 100 100 100 100 100 100 100 17 17 17 17 17 17 17 17 17 17 17 17 17 17 45 45 45 45 45 45 45 45 45 45 45 45 45 45 57 57 57 57 57 57 57 57 57 57 57 57 57 57 53 53 53 53 53 53 53 53 53 53 53 53 53 53 7 7 7 7 7 7 7 7 7 7 7 7 7 7 17 17 17 17 17 17 17 17 17 17 17 17 17 17 70 70 70 70 70 70 70 70 70 70 70 70 70 70 24 24 24 24 24 24 24 24 24 24 24 24 24 24 94 94 94 94 94 94 94 94 94 94 94 94 94 94 23 23 23 23 23 23 23 23 23 23 23 23 23 23
73 64 25 42 2 29 99 25 40 1 15 58 61 79 44 25 83 38 52 17 42 95 22 89 16 43 96 67 96 27 96 70 70 70 70 70 70 70 70 70 70 70 70 70 70 77 77 77 77 77 77 77 77 77 77 77 77 77 77 13 13 13 13 13 13 13 13 13 13 13 13 13 13 51 51 51 51 51 51 51 51 51 51 51 51 51 51 100 100 100 100 100 100 100 100 100 100 100 100 100 100 17 17 17 17 17 17 17 17 17 17 17 17 17 17 45 45 45 45 45 45 45 45 45 45 45 45 45 45 57 57 57 57 57 57 57 57 57 57 57 57 57 57 53 53 53 53 53 53 53 53 53 53 53 53 53 53 7 7 7 7 7 7 7 7 7 7 7 7 7 7 17 17 17 17 17 17 17 17 17 17 17 17 17 17 70 70 70 70 70 70 70 70 70 70 70 70 70 70 24 24 24 24 24 24 24 24 24 24 24 24 24 24 94 94 94 94 94 94 94 94 94 94 94 94 94 94 23 23 23 23 23 23 23 23 23 23 23 23 23 23
74 97 24 6 77 25 88 90 17 39 8 32 71 43 57 29 9 67 64 74 82 66 3 42 8 29 9 33 83 76 4 70 70 70 70 70 70 70 70 70 70 70 70 70 70 77 77 77 77 77 77 77 77 77 77 77 77 77 77 13 13 13 13 13 13 13 13 13 13 13 13 13 13 51 51 51 51 51 51 51 51 51 51 51 51 51 51 100 100 100 100 100 100 100 100 100 100 100 100 100 100 17 17 17 17 17 17 17 17 17 17 17 17 17 17 45 45 45 45 45 45 45 45 45 45 45 45 45 45 57 57 57 57 57 57 57 57 57 57 57 57 57 57 53 53 53 53 53 53 53 53 53 53 53 53 53 53 7 7 7 7 7 7 7 7 7 7 7 7 7 7 17 17 17 17 17 17 17 17 17 17 17 17 17 17 70 70 70 70 70 70 70 70 70 70 70 70 70 70 24 24 24 24 24 24 24 24 24 24 24 24 24 24 94 94 94 94 94 94 94 94 94 94 94 94 94 94 23 23 23 23 23 23 23 23 23 23 23 23 23 23
75 94 70 78 22 14 35 51 6 46 60 81 61 60 15 79 24 46 18 82 70 60 75 71 10 93 58 97 42 67 40 70 70 70 70 70 70 70 70 70 70 70 70 70 70 77 77 77 77 77 77 77 77 77 77 77 77 77 77 13 13 13 13 13 13 13 13 13 13 13 13 13 13 51 51 51 51 51 51 51 51 51 51 51 51 51 51 100 100 100 100 100 100 100 100 100 100 100 100 100 100 17 17 17 17 17 17 17 17 17 17 17 17 17 17 45 45 45 45 45 45 45 45 45 45 45 45 45 45 57 57 57 57 57 57 57 57 57 57 57 57 57 57 53 53 53 53 53 53 53 53 53 53 53 53 53 53 7 7 7 7 7 7 7 7 7 7 7 7 7 7 17 17 17 17 17 17 17 17 17 17 17 17 17 17 70 70 70 70 70 70 70 70 70 70 70 70 70 70 24 24 24 24 24 24 24 24 24 24 24 24 24 24 94 94 94 94 94 94 94 94 94 94 94 94 94 94 23 23 23 23 23 23 23 23 23 23 23 23 23 23
76 7 21 31 57 32 51 14 53 39 7 60 48 25 82 91 15 58 97 34 4 84 84 41 40 25 91 34 74 60 76 70 70 70 70 70 70 70 70 70 70 70 70 70 70 77 77 77 77 77 77 77 77 77 77 77 77 77 77 13 13 13 13 13 13 13 13 13 13 13 13 13 13 51 51 51 51 51 51 51 51 51 51 51 51 51 51 100 100 100 100 100 100 100 100 100 100 100 100 100 100 17 17 17 17 17 17 17 17 17 17 17 17 17 17 45 45 45 45 45 45 45 45 45 45 45 45 45 45 57 57 57 57 57 57 57 57 57 57 57 57 57 57 53 53 53 53 53 53 53 53 53 53 53 53 53 53 7 7 7 7 7 7 7 7 7 7 7 7 7 7 17 17 17 17 17 17 17 17 17 17 17 17 17 17 70 70 70 70 70 70 70 70 70 70 70 70 70 70 24 24 24 24 24 24 24 24 24 24 24 24 24 24 94 94 94 94 94 94 94 94 94 94 94 94 94 94 23 23 23 23 23 23 23 23 23 23 23 23 23 23
77 54 56 11 76 93 67 1 4 41 47 8 17 96 69 65 83 98 49 98 30 77 85 12 97 50 86 88 91 100 33 70 70 70 70 70 70 70 70 70 70 70 70 70 70 77 77 77 77 77 77 77 77 77 77 77 77 77 77 13 13 13 13 13 13 13 13 13 13 13 13 13 13 51 51 51 51 51 51 51 51 51 51 51 51 51 51 100 100 100 100 100 100 100 100 100 100 100 100 100 100 17 17 17 17 17 17 17 17 17 17 17 17 17 17 45 45 45 45 45 45 45 45 45 45 45 45 45 45 57 57 57 57 57 57 57 57 57 57 57 57 57 57 53 53 53 53 53 53 53 53 53 53 53 53 53 53 7 7 7 7 7 7 7 7 7 7 7 7 7 7 17 17 17 17 17 17 17 17 17 17 17 17 17 17 70 70 70 70 70 70 70 70 70 70 70 70 70 70 24 24 24 24 24 24 24 24 24 24 24 24 24 24 94 94 94 94 94 94 94 94 94 94 94 94 94 94 23 23 23 23 23 23 23 23 23 23 23 23 23 23
78 36 47 16 18 28 41 81 89 60 71 6 84 8 60 17 40 11 13 1 48 32 29 51 67 91 76 80 33 79 61 70 70 70 70 70 70 70 70 70 70 70 70 70 70 77 77 77 77 77 77 77 77 77 77 77 77 77 77 13 13 13 13 13 13 13 13 13 13 13 13 13 13 51 51 51 51 51 51 51 51 51 51 51 51 51 51 100 100 100 100 100 100 100 100 100 100 100 100 100 100 17 17 17 17 17 17 17 17 17 17 17 17 17 17 45 45 45 45 45 45 45 45 45 45 45 45 45 45 57 57 57 57 57 57 57 57 57 57 57 57 57 57 53 53 53 53 53 53 53 53 53 53 53 53 53 53 7 7 7 7 7 7 7 7 7 7 7 7 7 7 17 17 17 17 17 17 17 17 17 17 17 17 17 17 70 70 70 70 70 70 70 70 70 70 70 70 70 70 24 24 24 24 24 24 24 24 24 24 24 24 24 24 94 94 94 94 94 94 94 94 94 94 94 94 94 94 23 23 23 23 23 23 23 23 23 23 23 23 23 23
79 81 84 12 80 50 98 83 64 99 91 49 74 20 8 28 77 57 5 28 29 27 67 46 44 58 33 43 22 67 13 70 70 70 70 70 70 70 70 70 70 70 70 70 70 77 77 77 77 77 77 77 77 77 77 77 77 77 77 13 13 13 13 13 13 13 13 13 13 13 13 13 13 51 51 51 51 51 51 51 51 51 51 51 51 51 51 100 100 100 100 100 100 100 100 100 100 100 100 100 100 17 17 17 17 17 17 17 17 17 17 17 17 17 17 45 45 45 45 45 45 45 45 45 45 45 45 45 45 57 57 57 57 57 57 57 57 57 57 57 57 57 57 53 53 53 53 53 53 53 53 53 53 53 53 53 53 7 7 7 7 7 7 7 7 7 7 7 7 7 7 17 17 17 17 17 17 17 17 17 17 17 17 17 17 70 70 70 70 70 70 70 70 70 70 70 70 70 70 24 24 24 24 24 24 24 24 24 24 24 24 24 24 94 94 94 94 94 94 94 94 94 94 94 94 94 94 23 23 23 23 23 23 23 23 23 23 23 23 23 23
80 16 52 77 33 18 81 67 16 82 73 29 77 71 81 56 33 47 27 32 36 23 88 32 50 41 69 53 72 64 48 70 70 70 70 70 70 70 70 70 70 70 70 70 70 77 77 77 77 77 77 77 77 77 77 77 77 77 77 13 13 13 13 13 13 13 13 13 13 13 13 13 13 51 51 51 51 51 51 51 51 51 51 51 51 51 51 100 100 100 100 100 100 100 100 100 100 100 100 100 100 17 17 17 17 17 17 17 17 17 17 17 17 17 17 45 45 45 45 45 45 45 45 45 45 45 45 45 45 57 57 57 57 57 57 57 57 57 57 57 57 57 57 53 53 53 53 53 53 53 53 53 53 53 53 53 53 7 7 7 7 7 7 7 7 7 7 7 7 7 7 17 17 17 17 17 17 17 17 17 17 17 17 17 17 70 70 70 70 70 70 70 70 70 70 70 70 70 70 24 24 24 24 24 24 24 24 24 24 24 24 24 24 94 94 94 94 94 94 94 94 94 94 94 94 94 94 23 23 23 23 23 23 23 23 23 23 23 23 23 23
81 66 46 55 91 57 27 95 100 29 11 85 61 21 16 60 76 46 60 64 37 39 100 85 33 72 14 67 84 17 41 70 70 70 70 70 70 70 70 70 70 70 70 70 70 77 77 77 77 77 77 77 77 77 77 77 77 77 77 13 13 13 13 13 13 13 13 13 13 13 13 13 13 51 51 51 51 51 51 51 51 51 51 51 51 51 51 100 100 100 100 100 100 100 100 100 100 100 100 100 100 17 17 17 17 17 17 17 17 17 17 17 17 17 17 45 45 45 45 45 45 45 45 45 45 45 45 45 45 57 57 57 57 57 57 57 57 57 57 57 57 57 57 53 53 53 53 53 53 53 53 53 53 53 53 53 53 7 7 7 7 7 7 7 7 7 7 7 7 7 7 17 17 17 17 17 17 17 17 17 17 17 17 17 17 70 70 70 70 70 70 70 70 70 70 70 70 70 70 24 24 24 24 24 24 24 24 24 24 24 24 24 24 94 94 94 94 94 94 94 94 94 94 94 94 94 94 23 23 23 23 23 23 23 23 23 23 23 23 23 23
82 55 67 80 71 36 31 33 3 48 39 85 29 20 80 74 5 10 85 32 55 5 58 28 71 70 19 34 35 27 30 70 70 70 70 70 70 70 70 70 70 70 70 70 70 77 77 77 77 77 77 77 77 77 77 77 77 77 77 13 13 13 13 13 13 13 13 13 13 13 13 13 13 51 51 51 51 51 51 51 51 51 51 51 51 51 51 100 100 100 100 100 100 100 100 100 100 100 100 100 100 17 17 17 17 17 17 17 17 17 17 17 17 17 17 45 45 45 45 45 45 45 45 45 45 45 45 45 45 57 57 57 57 57 57 57 57 57 57 57 57 57 57 53 53 53 53 53 53 53 53 53 53 53 53 53 53 7 7 7 7 7 7 7 7 7 7 7 7 7 7 17 17 17 17 17 17 17 17 17 17 17 17 17 17 70 70 70 70 70 70 70 70 70 70 70 70 70 70 24 24 24 24 24 24 24 24 24 24 24 24 24 24 94 94 94 94 94 94 94 94 94 94 94 94 94 94 23 23 23 23 23 23 23 23 23 23 23 23 23 23
83 20 98 38 53 46 15 44 39 89 85 54 49 83 33 82 60 88 64 10 13 13 25 45 98 32 99 16 26 60 96 70 70 70 70 70 70 70 70 70 70 70 70 70 70 77 77 77 77 77 77 77 77 77 77 77 77 77 77 13 13 13 13 13 13 13 13 13 13 13 13 13 13 51 51 51 51 51 51 51 51 51 51 51 51 51 51 100 100 100 100 100 100 100 100 100 100 100 100 100 100 17 17 17 17 17 17 17 17 17 17 17 17 17 17 45 45 45 45 45 45 45 45 45 45 45 45 45 45 57 57 57 57 57 57 57 57 57 57 57 57 57 57 53 53 53 53 53 53 53 53 53 53 53 53 53 53 7 7 7 7 7 7 7 7 7 7 7 7 7 7 17 17 17 17 17 17 17 17 17 17 17 17 17 17 70 70 70 70 70 70 70 70 70 70 70 70 70 70 24 24 24 24 24 24 24 24 24 24 24 24 24 24 94 94 94 94 94 94 94 94 94 94 94 94 94 94 23 23 23 23 23 23 23 23 23 23 23 23 23 23
84 96 37 8 12 38 60 84 74 90 42 8 76 59 32 62 85 21 43 41 72 74 13 95 66 75 1 20 70 74 69 70 70 70 70 70 70 70 70 70 70 70 70 70 70 77 77 77 77 77 77 77 77 77 77 77 77 77 77 13 13 13 13 13 13 13 13 13 13 13 13 13 13 51 51 51 51 51 51 51 51 51 51 51 51 51 51 100 100 100 100 100 100 100 100 100 100 100 100 100 100 17 17 17 17 17 17 17 17 17 17 17 17 17 17 45 45 45 45 45 45 45 45 45 45 45 45 45 45 57 57 57 57 57 57 57 57 57 57 57 57 57 57 53 53 53 53 53 53 53 53 53 53 53 53 53 53 7 7 7 7 7 7 7 7 7 7 7 7 7 7 17 17 17 17 17 17 17 17 17 17 17 17 17 17 70 70 70 70 70 70 70 70 70 70 70 70 70 70 24 24 24 24 24 24 24 24 24 24 24 24 24 24 94 94 94 94 94 94 94 94 94 94 94 94 94 94 23 23 23 23 23 23 23 23 23 23 23 23 23 23
85 20 28 72 43 9 33 42 75 95 18 94 62 32 20 87 55 11 75 43 28 62 51 25 14 63 100 23 47 55 67 70 70 70 70 70 70 70 70 70 70 70 70 70 70 77 77 77 77 77 77 77 77 77 77 77 77 77 77 13 13 13 13 13 13 13 13 13 13 13 13 13 13 51 51 51 51 51 51 51 51 51 51 51 51 51 51 100 100 100 100 100 100 100 100 100 100 100 100 100 100 17 17 17 17 17 17 17 17 17 17 17 17 17 17 45 45 45 45 45 45 45 45 45 45 45 45 45 45 57 57 57 57 57 57 57 57 57 57 57 57 57 57 53 53 53 53 53 53 53 53 53 53 53 53 53 53 7 7 7 7 7 7 7 7 7 7 7 7 7 7 17 17 17 17 17 17 17 17 17 17 17 17 17 17 70 70 70 70 70 70 70 70 70 70 70 70 70 70 24 24 24 24 24 24 24 24 24 24 24 24 24 24 94 94 94 94 94 94 94 94 94 94 94 94 94 94 23 23 23 23 23 23 23 23 23 23 23 23 23 23
86 5 50 61 83 27 59 53 9 33 64 67 14 36 7 94 97 27 68 14 75 94 5 33 80 82 60 57 78 99 72 70 70 70 70 70 70 70 70 70 70 70 70 70 70 77 77 77 77 77 77 77 77 77 77 77 77 77 77 13 13 13 13 13 13 13 13 13 13 13 13 13 13 51 51 51 51 51 51 51 51 51 51 51 51 51 51 100 100 100 100 100 100 100 100 100 100 100 100 100 100 17 17 17 17 17 17 17 17 17 17 17 17 17 17 45 45 45 45 45 45 45 45 45 45 45 45 45 45 57 57 57 57 57 57 57 57 57 57 57 57 57 57 53 53 53 53 53 53 53 53 53 53 53 53 53 53 7 7 7 7 7 7 7 7 7 7 7 7 7 7 17 17 17 17 17 17 17 17 17 17 17 17 17 17 70 70 70 70 70 70 70 70 70 70 70 70 70 70 24 24 24 24 24 24 24 24 24 24 24 24 24 24 94 94 94 94 94 94 94 94 94 94 94 94 94 94 23 23 23 23 23 23 23 23 23 23 23 23 23 23
87 66 91 6 91 42 95 30 88 93 79 70 61 33 68 97 26 12 70 4 11 30 71 38 95 8 1 16 29 12 82 70 70 70 70 70 70 70 70 70 70 70 70 70 70 77 77 77 77 77 77 77 77 77 77 77 77 77 77 13 13 13 13 13 13 13 13 13 13 13 13 13 13 51 51 51 51 51 51 51 51 51 51 51 51 51 51 100 100 100 100 100 100 100 100 100 100 100 100 100 100 17 17 17 17 17 17 17 17 17 17 17 17 17 17 45 45 45 45 45 45 45 45 45 45 45 45 45 45 57 57 57 57 57 57 57 57 57 57 57 57 57 57 53 53 53 53 53 53 53 53 53 53 53 53 53 53 7 7 7 7 7 7 7 7 7 7 7 7 7 7 17 17 17 17 17 17 17 17 17 17 17 17 17 17 70 70 70 70 70 70 70 70 70 70 70 70 70 70 24 24 24 24 24 24 24 24 24 24 24 24 24 24 94 94 94 94 94 94 94 94 94 94 94 94 94 94 23 23 23 23 23 23 23 23 23 23 23 23 23 23
88 76 21 60 80 92 63 12 45 35 4 77 99 100 67 48 22 15 41 90 97 82 70 45 11 34 38 73 27 67 18 70 70 70 70 70 70 70 70 70 70 70 70 70 70 77 77 77 77 77 77 77 77 77 77 77 77 77 77 13 13 13 13 13 13 13 13 13 13 13 13 13 13 51 51 51 51 51 51 51 51 51 51 51 51 51 51 100 100 100 100 100 100 100 100 100 100 100 100 100 100 17 17 17 17 17 17 17 17 17 17 17 17 17 17 45 45 45 45 45 45 45 45 45 45 45 45 45 45 57 57 57 57 57 57 57 57 57 57 57 57 57 57 53 53 53 53 53 53 53 53 53 53 53 53 53 53 7 7 7 7 7 7 7 7 7 7 7 7 7 7 17 17 17 17 17 17 17 17 17 17 17 17 17 17 70 70 70 70 70 70 70 70 70 70 70 70 70 70 24 24 24 24 24 24 24 24 24 24 24 24 24 24 94 94 94 94 94 94 94 94 94 94 94 94 94 94 23 23 23 23 23 23 23 23 23 23 23 23 23 23
89 61 80 50 75 65 43 21 56 13 100 93 33 26 80 53 45 97 76 24 50 56 92 41 66 73 6 14 97 71 32 70 70 70 70 70 70 70 70 70 70 70 70 70 70 77 77 77 77 77 77 77 77 77 77 77 77 77 77 13 13 13 13 13 13 13 13 13 13 13 13 13 13 51 51 51 51 51 51 51 51 51 51 51 51 51 51 100 100 100 100 100 100 100 100 100 100 100 100 100 100 17 17 17 17 17 17 17 17 17 17 17 17 17 17 45 45 45 45 45 45 45 45 45 45 45 45 45 45 57 57 57 57 57 57 57 57 57 57 57 57 57 57 53 53 53 53 53 53 53 53 53 53 53 53 53 53 7 7 7 7 7 7 7 7 7 7 7 7 7 7 17 17 17 17 17 17 17 17 17 17 17 17 17 17 70 70 70 70 70 70 70 70 70 70 70 70 70 70 24 24 24 24 24 24 24 24 24 24 24 24 24 24 94 94 94 94 94 94 94 94 94 94 94 94 94 94 23 23 23 23 23 23 23 23 23 23 23 23 23 23
90 53 11 8 65 86 44 34 52 97 61 76 32 93 1 7 77 66 3 31 10 21 48 60 28 45 18 25 74 78 5 70 70 70 70 70 70 70 70 70 70 70 70 70 70 77 77 77 77 77 77 77 77 77 77 77 77 77 77 13 13 13 13 13 13 13 13 13 13 13 13 13 13 51 51 51 51 51 51 51 51 51 51 51 51 51 51 100 100 100 100 100 100 100 100 100 100 100 100 100 100 17 17 17 17 17 17 17 17 17 17 17 17 17 17 45 45 45 45 45 45 45 45 45 45 45 45 45 45 57 57 57 57 57 57 57 57 57 57 57 57 57 57 53 53 53 53 53 53 53 53 53 53 53 53 53 53 7 7 7 7 7 7 7 7 7 7 7 7 7 7 17 17 17 17 17 17 17 17 17 17 17 17 17 17 70 70 70 70 70 70 70 70 70 70 70 70 70 70 24 24 24 24 24 24 24 24 24 24 24 24 24 24 94 94 94 94 94 94 94 94 94 94 94 94 94 94 23 23 23 23 23 23 23 23 23 23 23 23 23 23
91 82 51 36 45 15 19 63 24 72 39 52 91 74 36 59 27 18 16 33 14 3 72 85 23 83 12 89 75 57 60 70 70 70 70 70 70 70 70 70 70 70 70 70 70 77 77 77 77 77 77 77 77 77 77 77 77 77 77 13 13 13 13 13 13 13 13 13 13 13 13 13 13 51 51 51 51 51 51 51 51 51 51 51 51 51 51 100 100 100 100 100 100 100 100 100 100 100 100 100 100 17 17 17 17 17 17 17 17 17 17 17 17 17 17 45 45 45 45 45 45 45 45 45 45 45 45 45 45 57 57 57 57 57 57 57 57 57 57 57 57 57 57 53 53 53 53 53 53 53 53 53 53 53 53 53 53 7 7 7 7 7 7 7 7 7 7 7 7 7 7 17 17 17 17 17 17 17 17 17 17 17 17 17 17 70 70 70 70 70 70 70 70 70 70 70 70 70 70 24 24 24 24 24 24 24 24 24 24 24 24 24 24 94 94 94 94 94 94 94 94 94 94 94 94 94 94 23 23 23 23 23 23 23 23 23 23 23 23 23 23
92 83 97 89 84 85 83 3 74 27 39 53 51 26 68 6 19 18 56 34 68 54 32 44 99 10 61 90 15 93 68 70 70 70 70 70 70 70 70 70 70 70 70 70 70 77 77 77 77 77 77 77 77 77 77 77 77 77 77 13 13 13 13 13 13 13 13 13 13 13 13 13 13 51 51 51 51 51 51 51 51 51 51 51 51 51 51 100 100 100 100 100 100 100 100 100 100 100 100 100 100 17 17 17 17 17 17 17 17 17 17 17 17 17 17 45 45 45 45 45 45 45 45 45 45 45 45 45 45 57 57 57 57 57 57 57 57 57 57 57 57 57 57 53 53 53 53 53 53 53 53 53 53 53 53 53 53 7 7 7 7 7 7 7 7 7 7 7 7 7 7 17 17 17 17 17 17 17 17 17 17 17 17 17 17 70 70 70 70 70 70 70 70 70 70 70 70 70 70 24 24 24 24 24 24 24 24 24 24 24 24 24 24 94 94 94 94 94 94 94 94 94 94 94 94 94 94 23 23 23 23 23 23 23 23 23 23 23 23 23 23
93 14 10 45 54 2 64 72 87 42 6 16 64 38 5 87 79 80 24 59 44 38 60 39 44 9 70 29 47 44 51 70 70 70 70 70 70 70 70 70 70 70 70 70 70 77 77 77 77 77 77 77 77 77 77 77 77 77 77 13 13 13 13 13 13 13 13 13 13 13 13 13 13 51 51 51 51 51 51 51 51 51 51 51 51 51 51 100 100 100 100 100 100 100 100 100 100 100 100 100 100 17 17 17 17 17 17 17 17 17 17 17 17 17 17 45 45 45 45 45 45 45 45 45 45 45 45 45 45 57 57 57 57 57 57 57 57 57 57 57 57 57 57 53 53 53 53 53 53 53 53 53 53 53 53 53 53 7 7 7 7 7 7 7 7 7 7 7 7 7 7 17 17 17 17 17 17 17 17 17 17 17 17 17 17 70 70 70 70 70 70 70 70 70 70 70 70 70 70 24 24 24 24 24 24 24 24 24 24 24 24 24 24 94 94 94 94 94 94 94 94 94 94 94 94 94 94 23 23 23 23 23 23 23 23 23 23 23 23 23 23
94 81 84 45 48 57 19 77 20 59 17 95 99 28 36 28 69 34 89 40 51 93 87 92 46 79 61 89 90 1 39 70 70 70 70 70 70 70 70 70 70 70 70 70 70 77 77 77 77 77 77 77 77 77 77 77 77 77 77 13 13 13 13 13 13 13 13 13 13 13 13 13 13 51 51 51 51 51 51 51 51 51 51 51 51 51 51 100 100 100 100 100 100 100 100 100 100 100 100 100 100 17 17 17 17 17 17 17 17 17 17 17 17 17 17 45 45 45 45 45 45 45 45 45 45 45 45 45 45 57 57 57 57 57 57 57 57 57 57 57 57 57 57 53 53 53 53 53 53 53 53 53 53 53 53 53 53 7 7 7 7 7 7 7 7 7 7 7 7 7 7 17 17 17 17 17 17 17 17 17 17 17 17 17 17 70 70 70 70 70 70 70 70 70 70 70 70 70 70 24 24 24 24 24 24 24 24 24 24 24 24 24 24 94 94 94 94 94 94 94 94 94 94 94 94 94 94 23 23 23 23 23 23 23 23 23 23 23 23 23 23
95 7 26 96 34 50 12 85 21 21 62 97 55 86 10 84 77 15 21 83 52 72 31 98 79 65 39 56 32 13 65 70 70 70 70 70 70 70 70 70 70 70 70 70 70 77 77 77 77 77 77 77 77 77 77 77 77 77 77 13 13 13 13 13 13 13 13 13 13 13 13 13 13 51 51 51 51 51 51 51 51 51 51 51 51 51 51 100 100 100 100 100 100 100 100 100 100 100 100 100 100 17 17 17 17 17 17 17 17 17 17 17 17 17 17 45 45 45 45 45 45 45 45 45 45 45 45 45 45 57 57 57 57 57 57 57 57 57 57 57 57 57 57 53 53 53 53 53 53 53 53 53 53 53 53 53 53 7 7 7 7 7 7 7 7 7 7 7 7 7 7 17 17 17 17 17 17 17 17 17 17 17 17 17 17 70 70 70 70 70 70 70 70 70 70 70 70 70 70 24 24 24 24 24 24 24 24 24 24 24 24 24 24 94 94 94 94 94 94 94 94 94 94 94 94 94 94 23 23 23 23 23 23 23 23 23 23 23 23 23 23
96 57 12 15 75 57 24 50 56 69 17 92 23 66 34 69 27 38 62 72 6 33 15 14 45 37 24 52 92 32 31 70 70 70 70 70 70 70 70 70 70 70 70 70 70 77 77 77 77 77 77 77 77 77 77 77 77 77 77 13 13 13 13 13 13 13 13 13 13 13 13 13 13 51 51 51 51 51 51 51 51 51 51 51 51 51 51 100 100 100 100 100 100 100 100 100 100 100 100 100 100 17 17 17 17 17 17 17 17 17 17 17 17 17 17 45 45 45 45 45 45 45 45 45 45 45 45 45 45 57 57 57 57 57 57 57 57 57 57 57 57 57 57 53 53 53 53 53 53 53 53 53 53 53 53 53 53 7 7 7 7 7 7 7 7 7 7 7 7 7 7 17 17 17 17 17 17 17 17 17 17 17 17 17 17 70 70 70 70 70 70 70 70 70 70 70 70 70 70 24 24 24 24 24 24 24 24 24 24 24 24 24 24 94 94 94 94 94 94 94 94 94 94 94 94 94 94 23 23 23 23 23 23 23 23 23 23 23 23 23 23
97 94 15 58 1 71 95 31 45 15 94 84 27 49 80 74 96 29 30 56 41 55 99 37 79 67 6 2 26 70 74 70 70 70 70 70 70 70 70 70 70 70 70 70 70 77 77 77 77 77 77 77 77 77 77 77 77 77 77 13 13 13 13 13 13 13 13 13 13 13 13 13 13 51 51 51 51 51 51 51 51 51 51 51 51 51 51 100 100 100 100 100 100 100 100 100 100 100 100 100 100 17 17 17 17 17 17 17 17 17 17 17 17 17 17 45 45 45 45 45 45 45 45 45 45 45 45 45 45 57 57 57 57 57 57 57 57 57 57 57 57 57 57 53 53 53 53 53 53 53 53 53 53 53 53 53 53 7 7 7 7 7 7 7 7 7 7 7 7 7 7 17 17 17 17 17 17 17 17 17 17 17 17 17 17 70 70 70 70 70 70 70 70 70 70 70 70 70 70 24 24 24 24 24 24 24 24 24 24 24 24 24 24 94 94 94 94 94 94 94 94 94 94 94 94 94 94 23 23 23 23 23 23 23 23 23 23 23 23 23 23
98 41 55 95 74 48 64 67 95 72 45 40 26 86 70 40 7 63 3 79 49 59 4 64 20 71 34 59 15 90 18 70 70 70 70 70 70 70 70 70 70 70 70 70 70 77 77 77 77 77 77 77 77 77 77 77 77 77 77 13 13 13 13 13 13 13 13 13 13 13 13 13 13 51 51 51 51 51 51 51 51 51 51 51 51 51 51 100 100 100 100 100 100 100 100 100 100 100 100 100 100 17 17 17 17 17 17 17 17 17 17 17 17 17 17 45 45 45 45 45 45 45 45 45 45 45 45 45 45 57 57 57 57 57 57 57 57 57 57 57 57 57 57 53 53 53 53 53 53 53 53 53 53 53 53 53 53 7 7 7 7 7 7 7 7 7 7 7 7 7 7 17 17 17 17 17 17 17 17 17 17 17 17 17 17 70 70 70 70 70 70 70 70 70 70 70 70 70 70 24 24 24 24 24 24 24 24 24 24 24 24 24 24 94 94 94 94 94 94 94 94 94 94 94 94 94 94 23 23 23 23 23 23 23 23 23 23 23 23 23 23
99 58 54 81 59 75 85 75 6 66 38 53 80 49 79 86 6 81 34 49 90 83 4 99 2 74 55 47 54 76 69 70 70 70 70 70 70 70 70 70 70 70 70 70 70 77 77 77 77 77 77 77 77 77 77 77 77 77 77 13 13 13 13 13 13 13 13 13 13 13 13 13 13 51 51 51 51 51 51 51 51 51 51 51 51 51 51 100 100 100 100 100 100 100 100 100 100 100 100 100 100 17 17 17 17 17 17 17 17 17 17 17 17 17 17 45 45 45 45 45 45 45 45 45 45 45 45 45 45 57 57 57 57 57 57 57 57 57 57 57 57 57 57 53 53 53 53 53 53 53 53 53 53 53 53 53 53 7 7 7 7 7 7 7 7 7 7 7 7 7 7 17 17 17 17 17 17 17 17 17 17 17 17 17 17 70 70 70 70 70 70 70 70 70 70 70 70 70 70 24 24 24 24 24 24 24 24 24 24 24 24 24 24 94 94 94 94 94 94 94 94 94 94 94 94 94 94 23 23 23 23 23 23 23 23 23 23 23 23 23 23
