15 100
1041.2 998.4000000000001 959.6 1064.4 989.0 1078.0 987.2 978.6 1056.4 906.6 1001.8000000000001 1094.4 922.2 976.8000000000001 981.6
0 21 52 18 58 4 63 39 37 40 67 66 1 76 2 64 71 27 12 80 41 88 5 98 96 66 26 35 31 43 2 33 33 33 33 33 33 33 33 33 33 33 33 33 33 18 18 18 18 18 18 18 18 18 18 18 18 18 18 13 13 13 13 13 13 13 13 13 13 13 13 13 13 36 36 36 36 36 36 36 36 36 36 36 36 36 36 20 20 20 20 20 20 20 20 20 20 20 20 20 20 26 26 26 26 26 26 26 26 26 26 26 26 26 26 25 25 25 25 25 25 25 25 25 25 25 25 25 25 88 88 88 88 88 88 88 88 88 88 88 88 88 88 76 76 76 76 76 76 76 76 76 76 76 76 76 76 31 31 31 31 31 31 31 31 31 31 31 31 31 31 48 48 48 48 48 48 48 48 48 48 48 48 48 48 90 90 90 90 90 90 90 90 90 90 90 90 90 90 50 50 50 50 50 50 50 50 50 50 50 50 50 50 90 90 90 90 90 90 90 90 90 90 90 90 90 90 25 25 25 25 25 25 25 25 25 25 25 25 25 25
1 30 34 42 44 77 73 14 57 83 38 100 49 88 9 84 85 47 78 81 15 59 57 53 27 69 3 33 37 38 33 33 33 33 33 33 33 33 33 33 33 33 33 33 33 18 18 18 18 18 18 18 18 18 18 18 18 18 18 13 13 13 13 13 13 13 13 13 13 13 13 13 13 36 36 36 36 36 36 36 36 36 36 36 36 36 36 20 20 20 20 20 20 20 20 20 20 20 20 20 20 26 26 26 26 26 26 26 26 26 26 26 26 26 26 25 25 25 25 25 25 25 25 25 25 25 25 25 25 88 88 88 88 88 88 88 88 88 88 88 88 88 88 76 76 76 76 76 76 76 76 76 76 76 76 76 76 31 31 31 31 31 31 31 31 31 31 31 31 31 31 48 48 48 48 48 48 48 48 48 48 48 48 48 48 90 90 90 90 90 90 90 90 90 90 90 90 90 90 50 50 50 50 50 50 50 50 50 50 50 50 50 50 90 90 90 90 90 90 90 90 90 90 90 90 90 90 25 25 25 25 25 25 25 25 25 25 25 25 25 25
2 49 80 53 99 22 12 11 89 41 47 94 55 31 37 76 26 62 51 17 88 43 79 36 14 96 47 56 11 13 94 33 33 33 33 33 33 33 33 33 33 33 33 33 33 18 18 18 18 18 18 18 18 18 18 18 18 18 18 13 13 13 13 13 13 13 13 13 13 13 13 13 13 36 36 36 36 36 36 36 36 36 36 36 36 36 36 20 20 20 20 20 20 20 20 20 20 20 20 20 20 26 26 26 26 26 26 26 26 26 26 26 26 26 26 25 25 25 25 25 25 25 25 25 25 25 25 25 25 88 88 88 88 88 88 88 88 88 88 88 88 88 88 76 76 76 76 76 76 76 76 76 76 76 76 76 76 31 31 31 31 31 31 31 31 31 31 31 31 31 31 48 48 48 48 48 48 48 48 48 48 48 48 48 48 90 90 90 90 90 90 90 90 90 90 90 90 90 90 50 50 50 50 50 50 50 50 50 50 50 50 50 50 90 90 90 90 90 90 90 90 90 90 90 90 90 90 25 25 25 25 25 25 25 25 25 25 25 25 25 25
3 32 97 50 10 16 70 2 24 60 45 26 19 72 8 94 22 4 28 86 63 66 71 75 36 39 88 86 27 31 19 33 33 33 33 33 33 33 33 33 33 33 33 33 33 18 18 18 18 18 18 18 18 18 18 18 18 18 18 13 13 13 13 13 13 13 13 13 13 13 13 13 13 36 36 36 36 36 36 36 36 36 36 36 36 36 36 20 20 20 20 20 20 20 20 20 20 20 20 20 20 26 26 26 26 26 26 26 26 26 26 26 26 26 26 25 25 25 25 25 25 25 25 25 25 25 25 25 25 88 88 88 88 88 88 88 88 88 88 88 88 88 88 76 76 76 76 76 76 76 76 76 76 76 76 76 76 31 31 31 31 31 31 31 31 31 31 31 31 31 31 48 48 48 48 48 48 48 48 48 48 48 48 48 48 90 90 90 90 90 90 90 90 90 90 90 90 90 90 50 50 50 50 50 50 50 50 50 50 50 50 50 50 90 90 90 90 90 90 90 90 90 90 90 90 90 90 25 25 25 25 25 25 25 25 25 25 25 25 25 25
4 39 8 12 37 61 71 23 57 50 22 87 33 47 62 29 55 3 65 33 91 68 35 68 87 52 40 89 82 49 98 33 33 33 33 33 33 33 33 33 33 33 33 33 33 18 18 18 18 18 18 18 18 18 18 18 18 18 18 13 13 13 13 13 13 13 13 13 13 13 13 13 13 36 36 36 36 36 36 36 36 36 36 36 36 36 36 20 20 20 20 20 20 20 20 20 20 20 20 20 20 26 26 26 26 26 26 26 26 26 26 26 26 26 26 25 25 25 25 25 25 25 25 25 25 25 25 25 25 88 88 88 88 88 88 88 88 88 88 88 88 88 88 76 76 76 76 76 76 76 76 76 76 76 76 76 76 31 31 31 31 31 31 31 31 31 31 31 31 31 31 48 48 48 48 48 48 48 48 48 48 48 48 48 48 90 90 90 90 90 90 90 90 90 90 90 90 90 90 50 50 50 50 50 50 50 50 50 50 50 50 50 50 90 90 90 90 90 90 90 90 90 90 90 90 90 90 25 25 25 25 25 25 25 25 25 25 25 25 25 25
5 40 16 54 64 60 47 98 1 90 58 57 29 29 9 32 86 11 45 47 14 54 67 44 27 20 10 36 7 30 82 33 33 33 33 33 33 33 33 33 33 33 33 33 33 18 18 18 18 18 18 18 18 18 18 18 18 18 18 13 13 13 13 13 13 13 13 13 13 13 13 13 13 36 36 36 36 36 36 36 36 36 36 36 36 36 36 20 20 20 20 20 20 20 20 20 20 20 20 20 20 26 26 26 26 26 26 26 26 26 26 26 26 26 26 25 25 25 25 25 25 25 25 25 25 25 25 25 25 88 88 88 88 88 88 88 88 88 88 88 88 88 88 76 76 76 76 76 76 76 76 76 76 76 76 76 76 31 31 31 31 31 31 31 31 31 31 31 31 31 31 48 48 48 48 48 48 48 48 48 48 48 48 48 48 90 90 90 90 90 90 90 90 90 90 90 90 90 90 50 50 50 50 50 50 50 50 50 50 50 50 50 50 90 90 90 90 90 90 90 90 90 90 90 90 90 90 25 25 25 25 25 25 25 25 25 25 25 25 25 25
6 75 71 68 25 39 99 14 66 69 45 92 89 27 87 8 10 51 96 58 2 78 63 49 29 24 89 6 11 82 88 33 33 33 33 33 33 33 33 33 33 33 33 33 33 18 18 18 18 18 18 18 18 18 18 18 18 18 18 13 13 13 13 13 13 13 13 13 13 13 13 13 13 36 36 36 36 36 36 36 36 36 36 36 36 36 36 20 20 20 20 20 20 20 20 20 20 20 20 20 20 26 26 26 26 26 26 26 26 26 26 26 26 26 26 25 25 25 25 25 25 25 25 25 25 25 25 25 25 88 88 88 88 88 88 88 88 88 88 88 88 88 88 76 76 76 76 76 76 76 76 76 76 76 76 76 76 31 31 31 31 31 31 31 31 31 31 31 31 31 31 48 48 48 48 48 48 48 48 48 48 48 48 48 48 90 90 90 90 90 90 90 90 90 90 90 90 90 90 50 50 50 50 50 50 50 50 50 50 50 50 50 50 90 90 90 90 90 90 90 90 90 90 90 90 90 90 25 25 25 25 25 25 25 25 25 25 25 25 25 25
7 9 24 62 39 95 9 91 56 79 84 37 46 77 17 34 10 58 75 100 53 19 48 5 76 41 47 56 76 90 4 33 33 33 33 33 33 33 33 33 33 33 33 33 33 18 18 18 18 18 18 18 18 18 18 18 18 18 18 13 13 13 13 13 13 13 13 13 13 13 13 13 13 36 36 36 36 36 36 36 36 36 36 36 36 36 36 20 20 20 20 20 20 20 20 20 20 20 20 20 20 26 26 26 26 26 26 26 26 26 26 26 26 26 26 25 25 25 25 25 25 25 25 25 25 25 25 25 25 88 88 88 88 88 88 88 88 88 88 88 88 88 88 76 76 76 76 76 76 76 76 76 76 76 76 76 76 31 31 31 31 31 31 31 31 31 31 31 31 31 31 48 48 48 48 48 48 48 48 48 48 48 48 48 48 90 90 90 90 90 90 90 90 90 90 90 90 90 90 50 50 50 50 50 50 50 50 50 50 50 50 50 50 90 90 90 90 90 90 90 90 90 90 90 90 90 90 25 25 25 25 25 25 25 25 25 25 25 25 25 25
8 65 94 66 17 14 2 70 53 90 58 17 62 68 64 9 7 3 18 33 39 31 77 70 17 43 37 59 24 54 32 33 33 33 33 33 33 33 33 33 33 33 33 33 33 18 18 18 18 18 18 18 18 18 18 18 18 18 18 13 13 13 13 13 13 13 13 13 13 13 13 13 13 36 36 36 36 36 36 36 36 36 36 36 36 36 36 20 20 20 20 20 20 20 20 20 20 20 20 20 20 26 26 26 26 26 26 26 26 26 26 26 26 26 26 25 25 25 25 25 25 25 25 25 25 25 25 25 25 88 88 88 88 88 88 88 88 88 88 88 88 88 88 76 76 76 76 76 76 76 76 76 76 76 76 76 76 31 31 31 31 31 31 31 31 31 31 31 31 31 31 48 48 48 48 48 48 48 48 48 48 48 48 48 48 90 90 90 90 90 90 90 90 90 90 90 90 90 90 50 50 50 50 50 50 50 50 50 50 50 50 50 50 90 90 90 90 90 90 90 90 90 90 90 90 90 90 25 25 25 25 25 25 25 25 25 25 25 25 25 25
9 35 68 91 29 29 53 1 72 96 4 33 60 36 98 56 56 8 56 41 49 97 45 9 67 13 41 46 1 87 60 33 33 33 33 33 33 33 33 33 33 33 33 33 33 18 18 18 18 18 18 18 18 18 18 18 18 18 18 13 13 13 13 13 13 13 13 13 13 13 13 13 13 36 36 36 36 36 36 36 36 36 36 36 36 36 36 20 20 20 20 20 20 20 20 20 20 20 20 20 20 26 26 26 26 26 26 26 26 26 26 26 26 26 26 25 25 25 25 25 25 25 25 25 25 25 25 25 25 88 88 88 88 88 88 88 88 88 88 88 88 88 88 76 76 76 76 76 76 76 76 76 76 76 76 76 76 31 31 31 31 31 31 31 31 31 31 31 31 31 31 48 48 48 48 48 48 48 48 48 48 48 48 48 48 90 90 90 90 90 90 90 90 90 90 90 90 90 90 50 50 50 50 50 50 50 50 50 50 50 50 50 50 90 90 90 90 90 90 90 90 90 90 90 90 90 90 25 25 25 25 25 25 25 25 25 25 25 25 25 25
10 3 10 23 87 15 1 83 83 11 40 14 76 33 70 24 7 67 88 6 52 71 93 30 42 47 60 44 15 5 73 33 33 33 33 33 33 33 33 33 33 33 33 33 33 18 18 18 18 18 18 18 18 18 18 18 18 18 18 13 13 13 13 13 13 13 13 13 13 13 13 13 13 36 36 36 36 36 36 36 36 36 36 36 36 36 36 20 20 20 20 20 20 20 20 20 20 20 20 20 20 26 26 26 26 26 26 26 26 26 26 26 26 26 26 25 25 25 25 25 25 25 25 25 25 25 25 25 25 88 88 88 88 88 88 88 88 88 88 88 88 88 88 76 76 76 76 76 76 76 76 76 76 76 76 76 76 31 31 31 31 31 31 31 31 31 31 31 31 31 31 48 48 48 48 48 48 48 48 48 48 48 48 48 48 90 90 90 90 90 90 90 90 90 90 90 90 90 90 50 50 50 50 50 50 50 50 50 50 50 50 50 50 90 90 90 90 90 90 90 90 90 90 90 90 90 90 25 25 25 25 25 25 25 25 25 25 25 25 25 25
11 98 62 33 27 24 61 3 56 51 89 32 72 100 3 53 42 59 99 47 32 72 59 84 73 95 49 57 54 44 3 33 33 33 33 33 33 33 33 33 33 33 33 33 33 18 18 18 18 18 18 18 18 18 18 18 18 18 18 13 13 13 13 13 13 13 13 13 13 13 13 13 13 36 36 36 36 36 36 36 36 36 36 36 36 36 36 20 20 20 20 20 20 20 20 20 20 20 20 20 20 26 26 26 26 26 26 26 26 26 26 26 26 26 26 25 25 25 25 25 25 25 25 25 25 25 25 25 25 88 88 88 88 88 88 88 88 88 88 88 88 88 88 76 76 76 76 76 76 76 76 76 76 76 76 76 76 31 31 31 31 31 31 31 31 31 31 31 31 31 31 48 48 48 48 48 48 48 48 48 48 48 48 48 48 90 90 90 90 90 90 90 90 90 90 90 90 90 90 50 50 50 50 50 50 50 50 50 50 50 50 50 50 90 90 90 90 90 90 90 90 90 90 90 90 90 90 25 25 25 25 25 25 25 25 25 25 25 25 25 25
12 74 61 59 15 37 11 15 20 30 27 75 97 33 11 83 36 28 38 58 7 34 57 71 78 56 37 69 62 96 94 33 33 33 33 33 33 33 33 33 33 33 33 33 33 18 18 18 18 18 18 18 18 18 18 18 18 18 18 13 13 13 13 13 13 13 13 13 13 13 13 13 13 36 36 36 36 36 36 36 36 36 36 36 36 36 36 20 20 20 20 20 20 20 20 20 20 20 20 20 20 26 26 26 26 26 26 26 26 26 26 26 26 26 26 25 25 25 25 25 25 25 25 25 25 25 25 25 25 88 88 88 88 88 88 88 88 88 88 88 88 88 88 76 76 76 76 76 76 76 76 76 76 76 76 76 76 31 31 31 31 31 31 31 31 31 31 31 31 31 31 48 48 48 48 48 48 48 48 48 48 48 48 48 48 90 90 90 90 90 90 90 90 90 90 90 90 90 90 50 50 50 50 50 50 50 50 50 50 50 50 50 50 90 90 90 90 90 90 90 90 90 90 90 90 90 90 25 25 25 25 25 25 25 25 25 25 25 25 25 25
13 98 83 30 61 69 2 41 99 10 15 16 100 64 15 99 86 65 38 94 8 89 12 41 3 24 36 12 39 50 83 33 33 33 33 33 33 33 33 33 33 33 33 33 33 18 18 18 18 18 18 18 18 18 18 18 18 18 18 13 13 13 13 13 13 13 13 13 13 13 13 13 13 36 36 36 36 36 36 36 36 36 36 36 36 36 36 20 20 20 20 20 20 20 20 20 20 20 20 20 20 26 26 26 26 26 26 26 26 26 26 26 26 26 26 25 25 25 25 25 25 25 25 25 25 25 25 25 25 88 88 88 88 88 88 88 88 88 88 88 88 88 88 76 76 76 76 76 76 76 76 76 76 76 76 76 76 31 31 31 31 31 31 31 31 31 31 31 31 31 31 48 48 48 48 48 48 48 48 48 48 48 48 48 48 90 90 90 90 90 90 90 90 90 90 90 90 90 90 50 50 50 50 50 50 50 50 50 50 50 50 50 50 90 90 90 90 90 90 90 90 90 90 90 90 90 90 25 25 25 25 25 25 25 25 25 25 25 25 25 25
14 31 66 5 60 57 35 36 84 96 70 1 68 1 4 44 84 49 19 47 30 49 45 53 13 93 37 71 69 49 41 33 33 33 33 33 33 33 33 33 33 33 33 33 33 18 18 18 18 18 18 18 18 18 18 18 18 18 18 13 13 13 13 13 13 13 13 13 13 13 13 13 13 36 36 36 36 36 36 36 36 36 36 36 36 36 36 20 20 20 20 20 20 20 20 20 20 20 20 20 20 26 26 26 26 26 26 26 26 26 26 26 26 26 26 25 25 25 25 25 25 25 25 25 25 25 25 25 25 88 88 88 88 88 88 88 88 88 88 88 88 88 88 76 76 76 76 76 76 76 76 76 76 76 76 76 76 31 31 31 31 31 31 31 31 31 31 31 31 31 31 48 48 48 48 48 48 48 48 48 48 48 48 48 48 90 90 90 90 90 90 90 90 90 90 90 90 90 90 50 50 50 50 50 50 50 50 50 50 50 50 50 50 90 90 90 90 90 90 90 90 90 90 90 90 90 90 25 25 25 25 25 25 25 25 25 25 25 25 25 25
15 99 22 10 16 25 7 71 34 84 59 34 7 41 55 93 85 97 18 62 97 53 82 5 83 78 76 91 25 90 27 33 33 33 33 33 33 33 33 33 33 33 33 33 33 18 18 18 18 18 18 18 18 18 18 18 18 18 18 13 13 13 13 13 13 13 13 13 13 13 13 13 13 36 36 36 36 36 36 36 36 36 36 36 36 36 36 20 20 20 20 20 20 20 20 20 20 20 20 20 20 26 26 26 26 26 26 26 26 26 26 26 26 26 26 25 25 25 25 25 25 25 25 25 25 25 25 25 25 88 88 88 88 88 88 88 88 88 88 88 88 88 88 76 76 76 76 76 76 76 76 76 76 76 76 76 76 31 31 31 31 31 31 31 31 31 31 31 31 31 31 48 48 48 48 48 48 48 48 48 48 48 48 48 48 90 90 90 90 90 90 90 90 90 90 90 90 90 90 50 50 50 50 50 50 50 50 50 50 50 50 50 50 90 90 90 90 90 90 90 90 90 90 90 90 90 90 25 25 25 25 25 25 25 25 25 25 25 25 25 25
16 99 71 70 12 9 10 60 57 34 3 63 83 50 90 62 64 47 100 9 8 62 87 91 21 27 50 66 40 73 22 33 33 33 33 33 33 33 33 33 33 33 33 33 33 18 18 18 18 18 18 18 18 18 18 18 18 18 18 13 13 13 13 13 13 13 13 13 13 13 13 13 13 36 36 36 36 36 36 36 36 36 36 36 36 36 36 20 20 20 20 20 20 20 20 20 20 20 20 20 20 26 26 26 26 26 26 26 26 26 26 26 26 26 26 25 25 25 25 25 25 25 25 25 25 25 25 25 25 88 88 88 88 88 88 88 88 88 88 88 88 88 88 76 76 76 76 76 76 76 76 76 76 76 76 76 76 31 31 31 31 31 31 31 31 31 31 31 31 31 31 48 48 48 48 48 48 48 48 48 48 48 48 48 48 90 90 90 90 90 90 90 90 90 90 90 90 90 90 50 50 50 50 50 50 50 50 50 50 50 50 50 50 90 90 90 90 90 90 90 90 90 90 90 90 90 90 25 25 25 25 25 25 25 25 25 25 25 25 25 25
17 52 88 20 88 69 6 43 77 95 49 10 12 53 65 79 48 81 24 13 100 57 99 57 96 57 22 82 24 4 61 33 33 33 33 33 33 33 33 33 33 33 33 33 33 18 18 18 18 18 18 18 18 18 18 18 18 18 18 13 13 13 13 13 13 13 13 13 13 13 13 13 13 36 36 36 36 36 36 36 36 36 36 36 36 36 36 20 20 20 20 20 20 20 20 20 20 20 20 20 20 26 26 26 26 26 26 26 26 26 26 26 26 26 26 25 25 25 25 25 25 25 25 25 25 25 25 25 25 88 88 88 88 88 88 88 88 88 88 88 88 88 88 76 76 76 76 76 76 76 76 76 76 76 76 76 76 31 31 31 31 31 31 31 31 31 31 31 31 31 31 48 48 48 48 48 48 48 48 48 48 48 48 48 48 90 90 90 90 90 90 90 90 90 90 90 90 90 90 50 50 50 50 50 50 50 50 50 50 50 50 50 50 90 90 90 90 90 90 90 90 90 90 90 90 90 90 25 25 25 25 25 25 25 25 25 25 25 25 25 25
18 7 42 27 2 48 70 18 20 13 79 83 10 67 93 45 9 69 41 76 30 84 98 90 83 81 3 11 1 41 38 33 33 33 33 33 33 33 33 33 33 33 33 33 33 18 18 18 18 18 18 18 18 18 18 18 18 18 18 13 13 13 13 13 13 13 13 13 13 13 13 13 13 36 36 36 36 36 36 36 36 36 36 36 36 36 36 20 20 20 20 20 20 20 20 20 20 20 20 20 20 26 26 26 26 26 26 26 26 26 26 26 26 26 26 25 25 25 25 25 25 25 25 25 25 25 25 25 25 88 88 88 88 88 88 88 88 88 88 88 88 88 88 76 76 76 76 76 76 76 76 76 76 76 76 76 76 31 31 31 31 31 31 31 31 31 31 31 31 31 31 48 48 48 48 48 48 48 48 48 48 48 48 48 48 90 90 90 90 90 90 90 90 90 90 90 90 90 90 50 50 50 50 50 50 50 50 50 50 50 50 50 50 90 90 90 90 90 90 90 90 90 90 90 90 90 90 25 25 25 25 25 25 25 25 25 25 25 25 25 25
19 48 79 57 13 79 12 62 51 78 39 11 3 44 67 68 52 60 53 85 59 39 20 27 100 6 30 81 36 85 31 33 33 33 33 33 33 33 33 33 33 33 33 33 33 18 18 18 18 18 18 18 18 18 18 18 18 18 18 13 13 13 13 13 13 13 13 13 13 13 13 13 13 36 36 36 36 36 36 36 36 36 36 36 36 36 36 20 20 20 20 20 20 20 20 20 20 20 20 20 20 26 26 26 26 26 26 26 26 26 26 26 26 26 26 25 25 25 25 25 25 25 25 25 25 25 25 25 25 88 88 88 88 88 88 88 88 88 88 88 88 88 88 76 76 76 76 76 76 76 76 76 76 76 76 76 76 31 31 31 31 31 31 31 31 31 31 31 31 31 31 48 48 48 48 48 48 48 48 48 48 48 48 48 48 90 90 90 90 90 90 90 90 90 90 90 90 90 90 50 50 50 50 50 50 50 50 50 50 50 50 50 50 90 90 90 90 90 90 90 90 90 90 90 90 90 90 25 25 25 25 25 25 25 25 25 25 25 25 25 25
20 66 32 83 42 89 43 64 96 96 68 85 18 96 42 10 39 24 67 32 3 85 66 58 91 16 57 51 24 56 8 33 33 33 33 33 33 33 33 33 33 33 33 33 33 18 18 18 18 18 18 18 18 18 18 18 18 18 18 13 13 13 13 13 13 13 13 13 13 13 13 13 13 36 36 36 36 36 36 36 36 36 36 36 36 36 36 20 20 20 20 20 20 20 20 20 20 20 20 20 20 26 26 26 26 26 26 26 26 26 26 26 26 26 26 25 25 25 25 25 25 25 25 25 25 25 25 25 25 88 88 88 88 88 88 88 88 88 88 88 88 88 88 76 76 76 76 76 76 76 76 76 76 76 76 76 76 31 31 31 31 31 31 31 31 31 31 31 31 31 31 48 48 48 48 48 48 48 48 48 48 48 48 48 48 90 90 90 90 90 90 90 90 90 90 90 90 90 90 50 50 50 50 50 50 50 50 50 50 50 50 50 50 90 90 90 90 90 90 90 90 90 90 90 90 90 90 25 25 25 25 25 25 25 25 25 25 25 25 25 25
21 7 53 88 83 27 100 60 6 15 44 6 49 84 24 29 35 16 52 92 53 57 97 21 33 36 30 23 43 92 5 33 33 33 33 33 33 33 33 33 33 33 33 33 33 18 18 18 18 18 18 18 18 18 18 18 18 18 18 13 13 13 13 13 13 13 13 13 13 13 13 13 13 36 36 36 36 36 36 36 36 36 36 36 36 36 36 20 20 20 20 20 20 20 20 20 20 20 20 20 20 26 26 26 26 26 26 26 26 26 26 26 26 26 26 25 25 25 25 25 25 25 25 25 25 25 25 25 25 88 88 88 88 88 88 88 88 88 88 88 88 88 88 76 76 76 76 76 76 76 76 76 76 76 76 76 76 31 31 31 31 31 31 31 31 31 31 31 31 31 31 48 48 48 48 48 48 48 48 48 48 48 48 48 48 90 90 90 90 90 90 90 90 90 90 90 90 90 90 50 50 50 50 50 50 50 50 50 50 50 50 50 50 90 90 90 90 90 90 90 90 90 90 90 90 90 90 25 25 25 25 25 25 25 25 25 25 25 25 25 25
22 45 24 56 66 62 18 27 96 91 47 37 4 73 83 89 48 6 71 86 12 95 36 7 84 67 48 15 68 78 50 33 33 33 33 33 33 33 33 33 33 33 33 33 33 18 18 18 18 18 18 18 18 18 18 18 18 18 18 13 13 13 13 13 13 13 13 13 13 13 13 13 13 36 36 36 36 36 36 36 36 36 36 36 36 36 36 20 20 20 20 20 20 20 20 20 20 20 20 20 20 26 26 26 26 26 26 26 26 26 26 26 26 26 26 25 25 25 25 25 25 25 25 25 25 25 25 25 25 88 88 88 88 88 88 88 88 88 88 88 88 88 88 76 76 76 76 76 76 76 76 76 76 76 76 76 76 31 31 31 31 31 31 31 31 31 31 31 31 31 31 48 48 48 48 48 48 48 48 48 48 48 48 48 48 90 90 90 90 90 90 90 90 90 90 90 90 90 90 50 50 50 50 50 50 50 50 50 50 50 50 50 50 90 90 90 90 90 90 90 90 90 90 90 90 90 90 25 25 25 25 25 25 25 25 25 25 25 25 25 25
23 39 81 16 25 50 91 57 15 17 90 64 73 39 33 53 26 99 84 91 83 6 14 39 40 83 14 77 82 81 48 33 33 33 33 33 33 33 33 33 33 33 33 33 33 18 18 18 18 18 18 18 18 18 18 18 18 18 18 13 13 13 13 13 13 13 13 13 13 13 13 13 13 36 36 36 36 36 36 36 36 36 36 36 36 36 36 20 20 20 20 20 20 20 20 20 20 20 20 20 20 26 26 26 26 26 26 26 26 26 26 26 26 26 26 25 25 25 25 25 25 25 25 25 25 25 25 25 25 88 88 88 88 88 88 88 88 88 88 88 88 88 88 76 76 76 76 76 76 76 76 76 76 76 76 76 76 31 31 31 31 31 31 31 31 31 31 31 31 31 31 48 48 48 48 48 48 48 48 48 48 48 48 48 48 90 90 90 90 90 90 90 90 90 90 90 90 90 90 50 50 50 50 50 50 50 50 50 50 50 50 50 50 90 90 90 90 90 90 90 90 90 90 90 90 90 90 25 25 25 25 25 25 25 25 25 25 25 25 25 25
24 1 12 37 74 15 78 75 46 51 82 69 67 76 12 34 92 20 16 6 87 93 49 2 4 83 35 28 6 88 61 33 33 33 33 33 33 33 33 33 33 33 33 33 33 18 18 18 18 18 18 18 18 18 18 18 18 18 18 13 13 13 13 13 13 13 13 13 13 13 13 13 13 36 36 36 36 36 36 36 36 36 36 36 36 36 36 20 20 20 20 20 20 20 20 20 20 20 20 20 20 26 26 26 26 26 26 26 26 26 26 26 26 26 26 25 25 25 25 25 25 25 25 25 25 25 25 25 25 88 88 88 88 88 88 88 88 88 88 88 88 88 88 76 76 76 76 76 76 76 76 76 76 76 76 76 76 31 31 31 31 31 31 31 31 31 31 31 31 31 31 48 48 48 48 48 48 48 48 48 48 48 48 48 48 90 90 90 90 90 90 90 90 90 90 90 90 90 90 50 50 50 50 50 50 50 50 50 50 50 50 50 50 90 90 90 90 90 90 90 90 90 90 90 90 90 90 25 25 25 25 25 25 25 25 25 25 25 25 25 25
25 76 50 86 41 89 58 91 44 1 54 50 36 13 81 38 7 18 92 82 76 95 11 67 11 38 66 39 66 28 92 33 33 33 33 33 33 33 33 33 33 33 33 33 33 18 18 18 18 18 18 18 18 18 18 18 18 18 18 13 13 13 13 13 13 13 13 13 13 13 13 13 13 36 36 36 36 36 36 36 36 36 36 36 36 36 36 20 20 20 20 20 20 20 20 20 20 20 20 20 20 26 26 26 26 26 26 26 26 26 26 26 26 26 26 25 25 25 25 25 25 25 25 25 25 25 25 25 25 88 88 88 88 88 88 88 88 88 88 88 88 88 88 76 76 76 76 76 76 76 76 76 76 76 76 76 76 31 31 31 31 31 31 31 31 31 31 31 31 31 31 48 48 48 48 48 48 48 48 48 48 48 48 48 48 90 90 90 90 90 90 90 90 90 90 90 90 90 90 50 50 50 50 50 50 50 50 50 50 50 50 50 50 90 90 90 90 90 90 90 90 90 90 90 90 90 90 25 25 25 25 25 25 25 25 25 25 25 25 25 25
26 67 79 83 80 81 16 16 36 83 89 4 35 23 71 49 42 48 37 32 74 90 63 41 24 82 24 36 36 56 3 33 33 33 33 33 33 33 33 33 33 33 33 33 33 18 18 18 18 18 18 18 18 18 18 18 18 18 18 13 13 13 13 13 13 13 13 13 13 13 13 13 13 36 36 36 36 36 36 36 36 36 36 36 36 36 36 20 20 20 20 20 20 20 20 20 20 20 20 20 20 26 26 26 26 26 26 26 26 26 26 26 26 26 26 25 25 25 25 25 25 25 25 25 25 25 25 25 25 88 88 88 88 88 88 88 88 88 88 88 88 88 88 76 76 76 76 76 76 76 76 76 76 76 76 76 76 31 31 31 31 31 31 31 31 31 31 31 31 31 31 48 48 48 48 48 48 48 48 48 48 48 48 48 48 90 90 90 90 90 90 90 90 90 90 90 90 90 90 50 50 50 50 50 50 50 50 50 50 50 50 50 50 90 90 90 90 90 90 90 90 90 90 90 90 90 90 25 25 25 25 25 25 25 25 25 25 25 25 25 25
27 74 80 70 97 51 52 93 98 95 77 86 11 34 87 61 37 94 42 80 87 49 13 16 82 9 62 58 57 68 47 33 33 33 33 33 33 33 33 33 33 33 33 33 33 18 18 18 18 18 18 18 18 18 18 18 18 18 18 13 13 13 13 13 13 13 13 13 13 13 13 13 13 36 36 36 36 36 36 36 36 36 36 36 36 36 36 20 20 20 20 20 20 20 20 20 20 20 20 20 20 26 26 26 26 26 26 26 26 26 26 26 26 26 26 25 25 25 25 25 25 25 25 25 25 25 25 25 25 88 88 88 88 88 88 88 88 88 88 88 88 88 88 76 76 76 76 76 76 76 76 76 76 76 76 76 76 31 31 31 31 31 31 31 31 31 31 31 31 31 31 48 48 48 48 48 48 48 48 48 48 48 48 48 48 90 90 90 90 90 90 90 90 90 90 90 90 90 90 50 50 50 50 50 50 50 50 50 50 50 50 50 50 90 90 90 90 90 90 90 90 90 90 90 90 90 90 25 25 25 25 25 25 25 25 25 25 25 25 25 25
28 35 7 65 2 16 98 98 44 71 90 2 78 15 76 84 84 65 41 23 91 63 2 82 87 30 27 40 73 64 21 33 33 33 33 33 33 33 33 33 33 33 33 33 33 18 18 18 18 18 18 18 18 18 18 18 18 18 18 13 13 13 13 13 13 13 13 13 13 13 13 13 13 36 36 36 36 36 36 36 36 36 36 36 36 36 36 20 20 20 20 20 20 20 20 20 20 20 20 20 20 26 26 26 26 26 26 26 26 26 26 26 26 26 26 25 25 25 25 25 25 25 25 25 25 25 25 25 25 88 88 88 88 88 88 88 88 88 88 88 88 88 88 76 76 76 76 76 76 76 76 76 76 76 76 76 76 31 31 31 31 31 31 31 31 31 31 31 31 31 31 48 48 48 48 48 48 48 48 48 48 48 48 48 48 90 90 90 90 90 90 90 90 90 90 90 90 90 90 50 50 50 50 50 50 50 50 50 50 50 50 50 50 90 90 90 90 90 90 90 90 90 90 90 90 90 90 25 25 25 25 25 25 25 25 25 25 25 25 25 25
29 98 43 85 31 82 71 3 90 17 67 96 51 79 64 23 31 3 94 51 44 85 75 13 45 23 10 63 81 61 92 33 33 33 33 33 33 33 33 33 33 33 33 33 33 18 18 18 18 18 18 18 18 18 18 18 18 18 18 13 13 13 13 13 13 13 13 13 13 13 13 13 13 36 36 36 36 36 36 36 36 36 36 36 36 36 36 20 20 20 20 20 20 20 20 20 20 20 20 20 20 26 26 26 26 26 26 26 26 26 26 26 26 26 26 25 25 25 25 25 25 25 25 25 25 25 25 25 25 88 88 88 88 88 88 88 88 88 88 88 88 88 88 76 76 76 76 76 76 76 76 76 76 76 76 76 76 31 31 31 31 31 31 31 31 31 31 31 31 31 31 48 48 48 48 48 48 48 48 48 48 48 48 48 48 90 90 90 90 90 90 90 90 90 90 90 90 90 90 50 50 50 50 50 50 50 50 50 50 50 50 50 50 90 90 90 90 90 90 90 90 90 90 90 90 90 90 25 25 25 25 25 25 25 25 25 25 25 25 25 25
30 28 93 98 32 19 95 66 80 93 5 5 61 94 93 77 83 31 10 45 14 7 62 82 10 48 85 43 94 91 60 33 33 33 33 33 33 33 33 33 33 33 33 33 33 18 18 18 18 18 18 18 18 18 18 18 18 18 18 13 13 13 13 13 13 13 13 13 13 13 13 13 13 36 36 36 36 36 36 36 36 36 36 36 36 36 36 20 20 20 20 20 20 20 20 20 20 20 20 20 20 26 26 26 26 26 26 26 26 26 26 26 26 26 26 25 25 25 25 25 25 25 25 25 25 25 25 25 25 88 88 88 88 88 88 88 88 88 88 88 88 88 88 76 76 76 76 76 76 76 76 76 76 76 76 76 76 31 31 31 31 31 31 31 31 31 31 31 31 31 31 48 48 48 48 48 48 48 48 48 48 48 48 48 48 90 90 90 90 90 90 90 90 90 90 90 90 90 90 50 50 50 50 50 50 50 50 50 50 50 50 50 50 90 90 90 90 90 90 90 90 90 90 90 90 90 90 25 25 25 25 25 25 25 25 25 25 25 25 25 25
31 43 65 5 53 38 6 85 86 7 50 88 90 6 74 42 37 53 87 77 21 97 80 31 21 98 49 29 86 37 53 33 33 33 33 33 33 33 33 33 33 33 33 33 33 18 18 18 18 18 18 18 18 18 18 18 18 18 18 13 13 13 13 13 13 13 13 13 13 13 13 13 13 36 36 36 36 36 36 36 36 36 36 36 36 36 36 20 20 20 20 20 20 20 20 20 20 20 20 20 20 26 26 26 26 26 26 26 26 26 26 26 26 26 26 25 25 25 25 25 25 25 25 25 25 25 25 25 25 88 88 88 88 88 88 88 88 88 88 88 88 88 88 76 76 76 76 76 76 76 76 76 76 76 76 76 76 31 31 31 31 31 31 31 31 31 31 31 31 31 31 48 48 48 48 48 48 48 48 48 48 48 48 48 48 90 90 90 90 90 90 90 90 90 90 90 90 90 90 50 50 50 50 50 50 50 50 50 50 50 50 50 50 90 90 90 90 90 90 90 90 90 90 90 90 90 90 25 25 25 25 25 25 25 25 25 25 25 25 25 25
32 50 26 71 76 77 57 95 95 66 45 16 17 76 75 47 87 88 99 34 20 69 47 23 57 94 14 16 52 51 4 33 33 33 33 33 33 33 33 33 33 33 33 33 33 18 18 18 18 18 18 18 18 18 18 18 18 18 18 13 13 13 13 13 13 13 13 13 13 13 13 13 13 36 36 36 36 36 36 36 36 36 36 36 36 36 36 20 20 20 20 20 20 20 20 20 20 20 20 20 20 26 26 26 26 26 26 26 26 26 26 26 26 26 26 25 25 25 25 25 25 25 25 25 25 25 25 25 25 88 88 88 88 88 88 88 88 88 88 88 88 88 88 76 76 76 76 76 76 76 76 76 76 76 76 76 76 31 31 31 31 31 31 31 31 31 31 31 31 31 31 48 48 48 48 48 48 48 48 48 48 48 48 48 48 90 90 90 90 90 90 90 90 90 90 90 90 90 90 50 50 50 50 50 50 50 50 50 50 50 50 50 50 90 90 90 90 90 90 90 90 90 90 90 90 90 90 25 25 25 25 25 25 25 25 25 25 25 25 25 25
33 92 94 40 91 46 2 49 73 37 51 8 26 65 28 29 4 99 26 90 18 44 90 50 96 88 70 78 53 20 21 33 33 33 33 33 33 33 33 33 33 33 33 33 33 18 18 18 18 18 18 18 18 18 18 18 18 18 18 13 13 13 13 13 13 13 13 13 13 13 13 13 13 36 36 36 36 36 36 36 36 36 36 36 36 36 36 20 20 20 20 20 20 20 20 20 20 20 20 20 20 26 26 26 26 26 26 26 26 26 26 26 26 26 26 25 25 25 25 25 25 25 25 25 25 25 25 25 25 88 88 88 88 88 88 88 88 88 88 88 88 88 88 76 76 76 76 76 76 76 76 76 76 76 76 76 76 31 31 31 31 31 31 31 31 31 31 31 31 31 31 48 48 48 48 48 48 48 48 48 48 48 48 48 48 90 90 90 90 90 90 90 90 90 90 90 90 90 90 50 50 50 50 50 50 50 50 50 50 50 50 50 50 90 90 90 90 90 90 90 90 90 90 90 90 90 90 25 25 25 25 25 25 25 25 25 25 25 25 25 25
34 83 41 42 70 77 36 83 68 50 90 93 56 50 25 94 93 76 49 89 65 26 79 19 96 16 46 59 16 29 91 33 33 33 33 33 33 33 33 33 33 33 33 33 33 18 18 18 18 18 18 18 18 18 18 18 18 18 18 13 13 13 13 13 13 13 13 13 13 13 13 13 13 36 36 36 36 36 36 36 36 36 36 36 36 36 36 20 20 20 20 20 20 20 20 20 20 20 20 20 20 26 26 26 26 26 26 26 26 26 26 26 26 26 26 25 25 25 25 25 25 25 25 25 25 25 25 25 25 88 88 88 88 88 88 88 88 88 88 88 88 88 88 76 76 76 76 76 76 76 76 76 76 76 76 76 76 31 31 31 31 31 31 31 31 31 31 31 31 31 31 48 48 48 48 48 48 48 48 48 48 48 48 48 48 90 90 90 90 90 90 90 90 90 90 90 90 90 90 50 50 50 50 50 50 50 50 50 50 50 50 50 50 90 90 90 90 90 90 90 90 90 90 90 90 90 90 25 25 25 25 25 25 25 25 25 25 25 25 25 25
35 41 76 56 32 79 57 85 92 85 71 40 24 97 55 67 11 45 51 62 79 79 20 36 98 31 29 33 69 33 92 33 33 33 33 33 33 33 33 33 33 33 33 33 33 18 18 18 18 18 18 18 18 18 18 18 18 18 18 13 13 13 13 13 13 13 13 13 13 13 13 13 13 36 36 36 36 36 36 36 36 36 36 36 36 36 36 20 20 20 20 20 20 20 20 20 20 20 20 20 20 26 26 26 26 26 26 26 26 26 26 26 26 26 26 25 25 25 25 25 25 25 25 25 25 25 25 25 25 88 88 88 88 88 88 88 88 88 88 88 88 88 88 76 76 76 76 76 76 76 76 76 76 76 76 76 76 31 31 31 31 31 31 31 31 31 31 31 31 31 31 48 48 48 48 48 48 48 48 48 48 48 48 48 48 90 90 90 90 90 90 90 90 90 90 90 90 90 90 50 50 50 50 50 50 50 50 50 50 50 50 50 50 90 90 90 90 90 90 90 90 90 90 90 90 90 90 25 25 25 25 25 25 25 25 25 25 25 25 25 25
36 84 64 33 98 83 79 43 75 69 36 11 91 58 25 100 70 31 86 74 63 35 56 20 55 64 12 37 36 59 49 33 33 33 33 33 33 33 33 33 33 33 33 33 33 18 18 18 18 18 18 18 18 18 18 18 18 18 18 13 13 13 13 13 13 13 13 13 13 13 13 13 13 36 36 36 36 36 36 36 36 36 36 36 36 36 36 20 20 20 20 20 20 20 20 20 20 20 20 20 20 26 26 26 26 26 26 26 26 26 26 26 26 26 26 25 25 25 25 25 25 25 25 25 25 25 25 25 25 88 88 88 88 88 88 88 88 88 88 88 88 88 88 76 76 76 76 76 76 76 76 76 76 76 76 76 76 31 31 31 31 31 31 31 31 31 31 31 31 31 31 48 48 48 48 48 48 48 48 48 48 48 48 48 48 90 90 90 90 90 90 90 90 90 90 90 90 90 90 50 50 50 50 50 50 50 50 50 50 50 50 50 50 90 90 90 90 90 90 90 90 90 90 90 90 90 90 25 25 25 25 25 25 25 25 25 25 25 25 25 25
37 92 56 27 7 29 55 94 76 39 38 68 90 28 38 1 24 51 64 78 59 39 87 85 92 22 75 57 67 34 34 33 33 33 33 33 33 33 33 33 33 33 33 33 33 18 18 18 18 18 18 18 18 18 18 18 18 18 18 13 13 13 13 13 13 13 13 13 13 13 13 13 13 36 36 36 36 36 36 36 36 36 36 36 36 36 36 20 20 20 20 20 20 20 20 20 20 20 20 20 20 26 26 26 26 26 26 26 26 26 26 26 26 26 26 25 25 25 25 25 25 25 25 25 25 25 25 25 25 88 88 88 88 88 88 88 88 88 88 88 88 88 88 76 76 76 76 76 76 76 76 76 76 76 76 76 76 31 31 31 31 31 31 31 31 31 31 31 31 31 31 48 48 48 48 48 48 48 48 48 48 48 48 48 48 90 90 90 90 90 90 90 90 90 90 90 90 90 90 50 50 50 50 50 50 50 50 50 50 50 50 50 50 90 90 90 90 90 90 90 90 90 90 90 90 90 90 25 25 25 25 25 25 25 25 25 25 25 25 25 25
38 54 58 31 42 82 61 82 4 3 51 40 25 40 52 52 32 65 69 66 91 41 87 40 5 63 15 97 23 30 41 33 33 33 33 33 33 33 33 33 33 33 33 33 33 18 18 18 18 18 18 18 18 18 18 18 18 18 18 13 13 13 13 13 13 13 13 13 13 13 13 13 13 36 36 36 36 36 36 36 36 36 36 36 36 36 36 20 20 20 20 20 20 20 20 20 20 20 20 20 20 26 26 26 26 26 26 26 26 26 26 26 26 26 26 25 25 25 25 25 25 25 25 25 25 25 25 25 25 88 88 88 88 88 88 88 88 88 88 88 88 88 88 76 76 76 76 76 76 76 76 76 76 76 76 76 76 31 31 31 31 31 31 31 31 31 31 31 31 31 31 48 48 48 48 48 48 48 48 48 48 48 48 48 48 90 90 90 90 90 90 90 90 90 90 90 90 90 90 50 50 50 50 50 50 50 50 50 50 50 50 50 50 90 90 90 90 90 90 90 90 90 90 90 90 90 90 25 25 25 25 25 25 25 25 25 25 25 25 25 25
39 78 13 79 6 4 35 16 41 80 12 13 84 8 69 74 67 29 49 88 19 15 65 71 41 3 27 40 1 47 29 33 33 33 33 33 33 33 33 33 33 33 33 33 33 18 18 18 18 18 18 18 18 18 18 18 18 18 18 13 13 13 13 13 13 13 13 13 13 13 13 13 13 36 36 36 36 36 36 36 36 36 36 36 36 36 36 20 20 20 20 20 20 20 20 20 20 20 20 20 20 26 26 26 26 26 26 26 26 26 26 26 26 26 26 25 25 25 25 25 25 25 25 25 25 25 25 25 25 88 88 88 88 88 88 88 88 88 88 88 88 88 88 76 76 76 76 76 76 76 76 76 76 76 76 76 76 31 31 31 31 31 31 31 31 31 31 31 31 31 31 48 48 48 48 48 48 48 48 48 48 48 48 48 48 90 90 90 90 90 90 90 90 90 90 90 90 90 90 50 50 50 50 50 50 50 50 50 50 50 50 50 50 90 90 90 90 90 90 90 90 90 90 90 90 90 90 25 25 25 25 25 25 25 25 25 25 25 25 25 25
40 90 67 81 17 47 36 59 68 84 97 4 6 82 52 5 100 74 87 26 54 66 4 20 27 77 92 95 58 47 99 33 33 33 33 33 33 33 33 33 33 33 33 33 33 18 18 18 18 18 18 18 18 18 18 18 18 18 18 13 13 13 13 13 13 13 13 13 13 13 13 13 13 36 36 36 36 36 36 36 36 36 36 36 36 36 36 20 20 20 20 20 20 20 20 20 20 20 20 20 20 26 26 26 26 26 26 26 26 26 26 26 26 26 26 25 25 25 25 25 25 25 25 25 25 25 25 25 25 88 88 88 88 88 88 88 88 88 88 88 88 88 88 76 76 76 76 76 76 76 76 76 76 76 76 76 76 31 31 31 31 31 31 31 31 31 31 31 31 31 31 48 48 48 48 48 48 48 48 48 48 48 48 48 48 90 90 90 90 90 90 90 90 90 90 90 90 90 90 50 50 50 50 50 50 50 50 50 50 50 50 50 50 90 90 90 90 90 90 90 90 90 90 90 90 90 90 25 25 25 25 25 25 25 25 25 25 25 25 25 25
41 53 27 85 12 70 71 13 59 38 28 49 23 98 67 42 32 94 50 12 54 62 48 7 60 61 86 96 56 93 32 33 33 33 33 33 33 33 33 33 33 33 33 33 33 18 18 18 18 18 18 18 18 18 18 18 18 18 18 13 13 13 13 13 13 13 13 13 13 13 13 13 13 36 36 36 36 36 36 36 36 36 36 36 36 36 36 20 20 20 20 20 20 20 20 20 20 20 20 20 20 26 26 26 26 26 26 26 26 26 26 26 26 26 26 25 25 25 25 25 25 25 25 25 25 25 25 25 25 88 88 88 88 88 88 88 88 88 88 88 88 88 88 76 76 76 76 76 76 76 76 76 76 76 76 76 76 31 31 31 31 31 31 31 31 31 31 31 31 31 31 48 48 48 48 48 48 48 48 48 48 48 48 48 48 90 90 90 90 90 90 90 90 90 90 90 90 90 90 50 50 50 50 50 50 50 50 50 50 50 50 50 50 90 90 90 90 90 90 90 90 90 90 90 90 90 90 25 25 25 25 25 25 25 25 25 25 25 25 25 25
42 79 97 21 25 63 7 86 9 27 64 64 25 50 34 58 36 69 20 11 36 31 29 82 53 46 31 82 85 28 16 33 33 33 33 33 33 33 33 33 33 33 33 33 33 18 18 18 18 18 18 18 18 18 18 18 18 18 18 13 13 13 13 13 13 13 13 13 13 13 13 13 13 36 36 36 36 36 36 36 36 36 36 36 36 36 36 20 20 20 20 20 20 20 20 20 20 20 20 20 20 26 26 26 26 26 26 26 26 26 26 26 26 26 26 25 25 25 25 25 25 25 25 25 25 25 25 25 25 88 88 88 88 88 88 88 88 88 88 88 88 88 88 76 76 76 76 76 76 76 76 76 76 76 76 76 76 31 31 31 31 31 31 31 31 31 31 31 31 31 31 48 48 48 48 48 48 48 48 48 48 48 48 48 48 90 90 90 90 90 90 90 90 90 90 90 90 90 90 50 50 50 50 50 50 50 50 50 50 50 50 50 50 90 90 90 90 90 90 90 90 90 90 90 90 90 90 25 25 25 25 25 25 25 25 25 25 25 25 25 25
43 4 10 35 11 70 95 83 66 82 27 41 78 97 33 7 57 30 79 31 44 29 5 88 88 10 97 83 77 19 18 33 33 33 33 33 33 33 33 33 33 33 33 33 33 18 18 18 18 18 18 18 18 18 18 18 18 18 18 13 13 13 13 13 13 13 13 13 13 13 13 13 13 36 36 36 36 36 36 36 36 36 36 36 36 36 36 20 20 20 20 20 20 20 20 20 20 20 20 20 20 26 26 26 26 26 26 26 26 26 26 26 26 26 26 25 25 25 25 25 25 25 25 25 25 25 25 25 25 88 88 88 88 88 88 88 88 88 88 88 88 88 88 76 76 76 76 76 76 76 76 76 76 76 76 76 76 31 31 31 31 31 31 31 31 31 31 31 31 31 31 48 48 48 48 48 48 48 48 48 48 48 48 48 48 90 90 90 90 90 90 90 90 90 90 90 90 90 90 50 50 50 50 50 50 50 50 50 50 50 50 50 50 90 90 90 90 90 90 90 90 90 90 90 90 90 90 25 25 25 25 25 25 25 25 25 25 25 25 25 25
44 20 90 31 29 24 16 59 52 21 30 54 9 13 74 20 50 52 46 5 7 31 7 3 39 57 51 9 9 71 8 33 33 33 33 33 33 33 33 33 33 33 33 33 33 18 18 18 18 18 18 18 18 18 18 18 18 18 18 13 13 13 13 13 13 13 13 13 13 13 13 13 13 36 36 36 36 36 36 36 36 36 36 36 36 36 36 20 20 20 20 20 20 20 20 20 20 20 20 20 20 26 26 26 26 26 26 26 26 26 26 26 26 26 26 25 25 25 25 25 25 25 25 25 25 25 25 25 25 88 88 88 88 88 88 88 88 88 88 88 88 88 88 76 76 76 76 76 76 76 76 76 76 76 76 76 76 31 31 31 31 31 31 31 31 31 31 31 31 31 31 48 48 48 48 48 48 48 48 48 48 48 48 48 48 90 90 90 90 90 90 90 90 90 90 90 90 90 90 50 50 50 50 50 50 50 50 50 50 50 50 50 50 90 90 90 90 90 90 90 90 90 90 90 90 90 90 25 25 25 25 25 25 25 25 25 25 25 25 25 25
45 68 27 60 60 94 77 20 62 39 32 14 8 57 27 41 60 14 7 7 76 97 17 80 50 79 8 80 22 34 26 33 33 33 33 33 33 33 33 33 33 33 33 33 33 18 18 18 18 18 18 18 18 18 18 18 18 18 18 13 13 13 13 13 13 13 13 13 13 13 13 13 13 36 36 36 36 36 36 36 36 36 36 36 36 36 36 20 20 20 20 20 20 20 20 20 20 20 20 20 20 26 26 26 26 26 26 26 26 26 26 26 26 26 26 25 25 25 25 25 25 25 25 25 25 25 25 25 25 88 88 88 88 88 88 88 88 88 88 88 88 88 88 76 76 76 76 76 76 76 76 76 76 76 76 76 76 31 31 31 31 31 31 31 31 31 31 31 31 31 31 48 48 48 48 48 48 48 48 48 48 48 48 48 48 90 90 90 90 90 90 90 90 90 90 90 90 90 90 50 50 50 50 50 50 50 50 50 50 50 50 50 50 90 90 90 90 90 90 90 90 90 90 90 90 90 90 25 25 25 25 25 25 25 25 25 25 25 25 25 25
46 48 22 92 49 3 79 69 3 16 81 12 91 82 46 67 31 40 10 55 41 4 18 18 76 73 84 77 21 46 14 33 33 33 33 33 33 33 33 33 33 33 33 33 33 18 18 18 18 18 18 18 18 18 18 18 18 18 18 13 13 13 13 13 13 13 13 13 13 13 13 13 13 36 36 36 36 36 36 36 36 36 36 36 36 36 36 20 20 20 20 20 20 20 20 20 20 20 20 20 20 26 26 26 26 26 26 26 26 26 26 26 26 26 26 25 25 25 25 25 25 25 25 25 25 25 25 25 25 88 88 88 88 88 88 88 88 88 88 88 88 88 88 76 76 76 76 76 76 76 76 76 76 76 76 76 76 31 31 31 31 31 31 31 31 31 31 31 31 31 31 48 48 48 48 48 48 48 48 48 48 48 48 48 48 90 90 90 90 90 90 90 90 90 90 90 90 90 90 50 50 50 50 50 50 50 50 50 50 50 50 50 50 90 90 90 90 90 90 90 90 90 90 90 90 90 90 25 25 25 25 25 25 25 25 25 25 25 25 25 25
47 34 44 67 33 60 39 86 59 4 72 50 44 65 98 57 27 39 99 58 39 68 26 48 13 75 71 39 63 27 5 33 33 33 33 33 33 33 33 33 33 33 33 33 33 18 18 18 18 18 18 18 18 18 18 18 18 18 18 13 13 13 13 13 13 13 13 13 13 13 13 13 13 36 36 36 36 36 36 36 36 36 36 36 36 36 36 20 20 20 20 20 20 20 20 20 20 20 20 20 20 26 26 26 26 26 26 26 26 26 26 26 26 26 26 25 25 25 25 25 25 25 25 25 25 25 25 25 25 88 88 88 88 88 88 88 88 88 88 88 88 88 88 76 76 76 76 76 76 76 76 76 76 76 76 76 76 31 31 31 31 31 31 31 31 31 31 31 31 31 31 48 48 48 48 48 48 48 48 48 48 48 48 48 48 90 90 90 90 90 90 90 90 90 90 90 90 90 90 50 50 50 50 50 50 50 50 50 50 50 50 50 50 90 90 90 90 90 90 90 90 90 90 90 90 90 90 25 25 25 25 25 25 25 25 25 25 25 25 25 25
48 84 50 79 82 100 78 53 2 71 53 87 98 69 1 81 97 94 38 40 20 1 97 95 54 50 13 17 95 9 52 33 33 33 33 33 33 33 33 33 33 33 33 33 33 18 18 18 18 18 18 18 18 18 18 18 18 18 18 13 13 13 13 13 13 13 13 13 13 13 13 13 13 36 36 36 36 36 36 36 36 36 36 36 36 36 36 20 20 20 20 20 20 20 20 20 20 20 20 20 20 26 26 26 26 26 26 26 26 26 26 26 26 26 26 25 25 25 25 25 25 25 25 25 25 25 25 25 25 88 88 88 88 88 88 88 88 88 88 88 88 88 88 76 76 76 76 76 76 76 76 76 76 76 76 76 76 31 31 31 31 31 31 31 31 31 31 31 31 31 31 48 48 48 48 48 48 48 48 48 48 48 48 48 48 90 90 90 90 90 90 90 90 90 90 90 90 90 90 50 50 50 50 50 50 50 50 50 50 50 50 50 50 90 90 90 90 90 90 90 90 90 90 90 90 90 90 25 25 25 25 25 25 25 25 25 25 25 25 25 25
49 40 14 76 62 9 46 10 40 73 73 71 84 61 93 97 88 46 31 9 88 75 15 71 47 53 82 29 4 99 52 33 33 33 33 33 33 33 33 33 33 33 33 33 33 18 18 18 18 18 18 18 18 18 18 18 18 18 18 13 13 13 13 13 13 13 13 13 13 13 13 13 13 36 36 36 36 36 36 36 36 36 36 36 36 36 36 20 20 20 20 20 20 20 20 20 20 20 20 20 20 26 26 26 26 26 26 26 26 26 26 26 26 26 26 25 25 25 25 25 25 25 25 25 25 25 25 25 25 88 88 88 88 88 88 88 88 88 88 88 88 88 88 76 76 76 76 76 76 76 76 76 76 76 76 76 76 31 31 31 31 31 31 31 31 31 31 31 31 31 31 48 48 48 48 48 48 48 48 48 48 48 48 48 48 90 90 90 90 90 90 90 90 90 90 90 90 90 90 50 50 50 50 50 50 50 50 50 50 50 50 50 50 90 90 90 90 90 90 90 90 90 90 90 90 90 90 25 25 25 25 25 25 25 25 25 25 25 25 25 25
50 53 73 59 93 16 94 66 95 40 51 23 60 27 80 48 48 81 48 29 46 12 5 40 88 87 5 82 29 12 85 33 33 33 33 33 33 33 33 33 33 33 33 33 33 18 18 18 18 18 18 18 18 18 18 18 18 18 18 13 13 13 13 13 13 13 13 13 13 13 13 13 13 36 36 36 36 36 36 36 36 36 36 36 36 36 36 20 20 20 20 20 20 20 20 20 20 20 20 20 20 26 26 26 26 26 26 26 26 26 26 26 26 26 26 25 25 25 25 25 25 25 25 25 25 25 25 25 25 88 88 88 88 88 88 88 88 88 88 88 88 88 88 76 76 76 76 76 76 76 76 76 76 76 76 76 76 31 31 31 31 31 31 31 31 31 31 31 31 31 31 48 48 48 48 48 48 48 48 48 48 48 48 48 48 90 90 90 90 90 90 90 90 90 90 90 90 90 90 50 50 50 50 50 50 50 50 50 50 50 50 50 50 90 90 90 90 90 90 90 90 90 90 90 90 90 90 25 25 25 25 25 25 25 25 25 25 25 25 25 25
51 61 89 56 49 11 13 77 8 23 27 40 77 40 12 43 21 70 67 59 9 95 84 99 13 93 72 33 11 70 82 33 33 33 33 33 33 33 33 33 33 33 33 33 33 18 18 18 18 18 18 18 18 18 18 18 18 18 18 13 13 13 13 13 13 13 13 13 13 13 13 13 13 36 36 36 36 36 36 36 36 36 36 36 36 36 36 20 20 20 20 20 20 20 20 20 20 20 20 20 20 26 26 26 26 26 26 26 26 26 26 26 26 26 26 25 25 25 25 25 25 25 25 25 25 25 25 25 25 88 88 88 88 88 88 88 88 88 88 88 88 88 88 76 76 76 76 76 76 76 76 76 76 76 76 76 76 31 31 31 31 31 31 31 31 31 31 31 31 31 31 48 48 48 48 48 48 48 48 48 48 48 48 48 48 90 90 90 90 90 90 90 90 90 90 90 90 90 90 50 50 50 50 50 50 50 50 50 50 50 50 50 50 90 90 90 90 90 90 90 90 90 90 90 90 90 90 25 25 25 25 25 25 25 25 25 25 25 25 25 25
52 9 99 87 29 21 1 30 55 14 76 92 90 26 49 36 18 100 63 12 87 25 26 13 10 41 34 25 47 6 66 33 33 33 33 33 33 33 33 33 33 33 33 33 33 18 18 18 18 18 18 18 18 18 18 18 18 18 18 13 13 13 13 13 13 13 13 13 13 13 13 13 13 36 36 36 36 36 36 36 36 36 36 36 36 36 36 20 20 20 20 20 20 20 20 20 20 20 20 20 20 26 26 26 26 26 26 26 26 26 26 26 26 26 26 25 25 25 25 25 25 25 25 25 25 25 25 25 25 88 88 88 88 88 88 88 88 88 88 88 88 88 88 76 76 76 76 76 76 76 76 76 76 76 76 76 76 31 31 31 31 31 31 31 31 31 31 31 31 31 31 48 48 48 48 48 48 48 48 48 48 48 48 48 48 90 90 90 90 90 90 90 90 90 90 90 90 90 90 50 50 50 50 50 50 50 50 50 50 50 50 50 50 90 90 90 90 90 90 90 90 90 90 90 90 90 90 25 25 25 25 25 25 25 25 25 25 25 25 25 25
53 43 42 21 87 60 1 58 99 15 39 98 35 45 34 45 46 1 28 80 28 63 80 94 86 92 96 69 68 52 38 33 33 33 33 33 33 33 33 33 33 33 33 33 33 18 18 18 18 18 18 18 18 18 18 18 18 18 18 13 13 13 13 13 13 13 13 13 13 13 13 13 13 36 36 36 36 36 36 36 36 36 36 36 36 36 36 20 20 20 20 20 20 20 20 20 20 20 20 20 20 26 26 26 26 26 26 26 26 26 26 26 26 26 26 25 25 25 25 25 25 25 25 25 25 25 25 25 25 88 88 88 88 88 88 88 88 88 88 88 88 88 88 76 76 76 76 76 76 76 76 76 76 76 76 76 76 31 31 31 31 31 31 31 31 31 31 31 31 31 31 48 48 48 48 48 48 48 48 48 48 48 48 48 48 90 90 90 90 90 90 90 90 90 90 90 90 90 90 50 50 50 50 50 50 50 50 50 50 50 50 50 50 90 90 90 90 90 90 90 90 90 90 90 90 90 90 25 25 25 25 25 25 25 25 25 25 25 25 25 25
54 94 60 10 45 33 87 75 26 93 58 89 31 6 22 27 62 1 48 8 60 10 84 5 37 13 26 99 92 13 40 33 33 33 33 33 33 33 33 33 33 33 33 33 33 18 18 18 18 18 18 18 18 18 18 18 18 18 18 13 13 13 13 13 13 13 13 13 13 13 13 13 13 36 36 36 36 36 36 36 36 36 36 36 36 36 36 20 20 20 20 20 20 20 20 20 20 20 20 20 20 26 26 26 26 26 26 26 26 26 26 26 26 26 26 25 25 25 25 25 25 25 25 25 25 25 25 25 25 88 88 88 88 88 88 88 88 88 88 88 88 88 88 76 76 76 76 76 76 76 76 76 76 76 76 76 76 31 31 31 31 31 31 31 31 31 31 31 31 31 31 48 48 48 48 48 48 48 48 48 48 48 48 48 48 90 90 90 90 90 90 90 90 90 90 90 90 90 90 50 50 50 50 50 50 50 50 50 50 50 50 50 50 90 90 90 90 90 90 90 90 90 90 90 90 90 90 25 25 25 25 25 25 25 25 25 25 25 25 25 25
55 32 44 55 15 98 63 23 33 93 33 18 26 1 17 38 32 38 25 17 26 74 77 85 75 93 37 5 95 67 87 33 33 33 33 33 33 33 33 33 33 33 33 33 33 18 18 18 18 18 18 18 18 18 18 18 18 18 18 13 13 13 13 13 13 13 13 13 13 13 13 13 13 36 36 36 36 36 36 36 36 36 36 36 36 36 36 20 20 20 20 20 20 20 20 20 20 20 20 20 20 26 26 26 26 26 26 26 26 26 26 26 26 26 26 25 25 25 25 25 25 25 25 25 25 25 25 25 25 88 88 88 88 88 88 88 88 88 88 88 88 88 88 76 76 76 76 76 76 76 76 76 76 76 76 76 76 31 31 31 31 31 31 31 31 31 31 31 31 31 31 48 48 48 48 48 48 48 48 48 48 48 48 48 48 90 90 90 90 90 90 90 90 90 90 90 90 90 90 50 50 50 50 50 50 50 50 50 50 50 50 50 50 90 90 90 90 90 90 90 90 90 90 90 90 90 90 25 25 25 25 25 25 25 25 25 25 25 25 25 25
56 27 28 35 39 19 2 36 16 13 40 70 78 80 40 91 52 36 97 98 19 48 28 8 86 2 31 16 97 6 4 33 33 33 33 33 33 33 33 33 33 33 33 33 33 18 18 18 18 18 18 18 18 18 18 18 18 18 18 13 13 13 13 13 13 13 13 13 13 13 13 13 13 36 36 36 36 36 36 36 36 36 36 36 36 36 36 20 20 20 20 20 20 20 20 20 20 20 20 20 20 26 26 26 26 26 26 26 26 26 26 26 26 26 26 25 25 25 25 25 25 25 25 25 25 25 25 25 25 88 88 88 88 88 88 88 88 88 88 88 88 88 88 76 76 76 76 76 76 76 76 76 76 76 76 76 76 31 31 31 31 31 31 31 31 31 31 31 31 31 31 48 48 48 48 48 48 48 48 48 48 48 48 48 48 90 90 90 90 90 90 90 90 90 90 90 90 90 90 50 50 50 50 50 50 50 50 50 50 50 50 50 50 90 90 90 90 90 90 90 90 90 90 90 90 90 90 25 25 25 25 25 25 25 25 25 25 25 25 25 25
57 95 38 20 53 42 22 39 97 87 22 50 98 60 63 49 42 18 18 83 61 52 99 97 60 58 22 72 1 20 14 33 33 33 33 33 33 33 33 33 33 33 33 33 33 18 18 18 18 18 18 18 18 18 18 18 18 18 18 13 13 13 13 13 13 13 13 13 13 13 13 13 13 36 36 36 36 36 36 36 36 36 36 36 36 36 36 20 20 20 20 20 20 20 20 20 20 20 20 20 20 26 26 26 26 26 26 26 26 26 26 26 26 26 26 25 25 25 25 25 25 25 25 25 25 25 25 25 25 88 88 88 88 88 88 88 88 88 88 88 88 88 88 76 76 76 76 76 76 76 76 76 76 76 76 76 76 31 31 31 31 31 31 31 31 31 31 31 31 31 31 48 48 48 48 48 48 48 48 48 48 48 48 48 48 90 90 90 90 90 90 90 90 90 90 90 90 90 90 50 50 50 50 50 50 50 50 50 50 50 50 50 50 90 90 90 90 90 90 90 90 90 90 90 90 90 90 25 25 25 25 25 25 25 25 25 25 25 25 25 25
58 38 24 73 39 72 14 17 75 74 25 13 74 26 79 29 93 63 97 96 38 82 16 20 22 82 29 53 80 80 95 33 33 33 33 33 33 33 33 33 33 33 33 33 33 18 18 18 18 18 18 18 18 18 18 18 18 18 18 13 13 13 13 13 13 13 13 13 13 13 13 13 13 36 36 36 36 36 36 36 36 36 36 36 36 36 36 20 20 20 20 20 20 20 20 20 20 20 20 20 20 26 26 26 26 26 26 26 26 26 26 26 26 26 26 25 25 25 25 25 25 25 25 25 25 25 25 25 25 88 88 88 88 88 88 88 88 88 88 88 88 88 88 76 76 76 76 76 76 76 76 76 76 76 76 76 76 31 31 31 31 31 31 31 31 31 31 31 31 31 31 48 48 48 48 48 48 48 48 48 48 48 48 48 48 90 90 90 90 90 90 90 90 90 90 90 90 90 90 50 50 50 50 50 50 50 50 50 50 50 50 50 50 90 90 90 90 90 90 90 90 90 90 90 90 90 90 25 25 25 25 25 25 25 25 25 25 25 25 25 25
59 28 69 83 32 71 39 87 38 98 40 26 68 88 56 32 3 56 19 20 41 13 61 98 25 92 12 2 43 81 91 33 33 33 33 33 33 33 33 33 33 33 33 33 33 18 18 18 18 18 18 18 18 18 18 18 18 18 18 13 13 13 13 13 13 13 13 13 13 13 13 13 13 36 36 36 36 36 36 36 36 36 36 36 36 36 36 20 20 20 20 20 20 20 20 20 20 20 20 20 20 26 26 26 26 26 26 26 26 26 26 26 26 26 26 25 25 25 25 25 25 25 25 25 25 25 25 25 25 88 88 88 88 88 88 88 88 88 88 88 88 88 88 76 76 76 76 76 76 76 76 76 76 76 76 76 76 31 31 31 31 31 31 31 31 31 31 31 31 31 31 48 48 48 48 48 48 48 48 48 48 48 48 48 48 90 90 90 90 90 90 90 90 90 90 90 90 90 90 50 50 50 50 50 50 50 50 50 50 50 50 50 50 90 90 90 90 90 90 90 90 90 90 90 90 90 90 25 25 25 25 25 25 25 25 25 25 25 25 25 25
60 30 48 26 96 36 85 81 74 88 82 89 15 82 67 81 85 89 67 16 28 64 97 88 34 73 24 70 4 94 27 33 33 33 33 33 33 33 33 33 33 33 33 33 33 18 18 18 18 18 18 18 18 18 18 18 18 18 18 13 13 13 13 13 13 13 13 13 13 13 13 13 13 36 36 36 36 36 36 36 36 36 36 36 36 36 36 20 20 20 20 20 20 20 20 20 20 20 20 20 20 26 26 26 26 26 26 26 26 26 26 26 26 26 26 25 25 25 25 25 25 25 25 25 25 25 25 25 25 88 88 88 88 88 88 88 88 88 88 88 88 88 88 76 76 76 76 76 76 76 76 76 76 76 76 76 76 31 31 31 31 31 31 31 31 31 31 31 31 31 31 48 48 48 48 48 48 48 48 48 48 48 48 48 48 90 90 90 90 90 90 90 90 90 90 90 90 90 90 50 50 50 50 50 50 50 50 50 50 50 50 50 50 90 90 90 90 90 90 90 90 90 90 90 90 90 90 25 25 25 25 25 25 25 25 25 25 25 25 25 25
61 10 15 19 74 42 83 95 8 76 29 57 28 80 2 69 56 34 55 78 8 70 50 43 21 79 8 44 61 8 33 33 33 33 33 33 33 33 33 33 33 33 33 33 33 18 18 18 18 18 18 18 18 18 18 18 18 18 18 13 13 13 13 13 13 13 13 13 13 13 13 13 13 36 36 36 36 36 36 36 36 36 36 36 36 36 36 20 20 20 20 20 20 20 20 20 20 20 20 20 20 26 26 26 26 26 26 26 26 26 26 26 26 26 26 25 25 25 25 25 25 25 25 25 25 25 25 25 25 88 88 88 88 88 88 88 88 88 88 88 88 88 88 76 76 76 76 76 76 76 76 76 76 76 76 76 76 31 31 31 31 31 31 31 31 31 31 31 31 31 31 48 48 48 48 48 48 48 48 48 48 48 48 48 48 90 90 90 90 90 90 90 90 90 90 90 90 90 90 50 50 50 50 50 50 50 50 50 50 50 50 50 50 90 90 90 90 90 90 90 90 90 90 90 90 90 90 25 25 25 25 25 25 25 25 25 25 25 25 25 25
62 19 43 96 99 7 84 8 8 90 62 49 90 52 99 42 19 44 51 50 50 12 77 51 65 20 7 32 50 82 86 33 33 33 33 33 33 33 33 33 33 33 33 33 33 18 18 18 18 18 18 18 18 18 18 18 18 18 18 13 13 13 13 13 13 13 13 13 13 13 13 13 13 36 36 36 36 36 36 36 36 36 36 36 36 36 36 20 20 20 20 20 20 20 20 20 20 20 20 20 20 26 26 26 26 26 26 26 26 26 26 26 26 26 26 25 25 25 25 25 25 25 25 25 25 25 25 25 25 88 88 88 88 88 88 88 88 88 88 88 88 88 88 76 76 76 76 76 76 76 76 76 76 76 76 76 76 31 31 31 31 31 31 31 31 31 31 31 31 31 31 48 48 48 48 48 48 48 48 48 48 48 48 48 48 90 90 90 90 90 90 90 90 90 90 90 90 90 90 50 50 50 50 50 50 50 50 50 50 50 50 50 50 90 90 90 90 90 90 90 90 90 90 90 90 90 90 25 25 25 25 25 25 25 25 25 25 25 25 25 25
63 93 65 33 15 30 14 92 85 51 89 75 76 40 22 2 99 53 46 59 35 100 30 18 17 46 60 51 39 99 88 33 33 33 33 33 33 33 33 33 33 33 33 33 33 18 18 18 18 18 18 18 18 18 18 18 18 18 18 13 13 13 13 13 13 13 13 13 13 13 13 13 13 36 36 36 36 36 36 36 36 36 36 36 36 36 36 20 20 20 20 20 20 20 20 20 20 20 20 20 20 26 26 26 26 26 26 26 26 26 26 26 26 26 26 25 25 25 25 25 25 25 25 25 25 25 25 25 25 88 88 88 88 88 88 88 88 88 88 88 88 88 88 76 76 76 76 76 76 76 76 76 76 76 76 76 76 31 31 31 31 31 31 31 31 31 31 31 31 31 31 48 48 48 48 48 48 48 48 48 48 48 48 48 48 90 90 90 90 90 90 90 90 90 90 90 90 90 90 50 50 50 50 50 50 50 50 50 50 50 50 50 50 90 90 90 90 90 90 90 90 90 90 90 90 90 90 25 25 25 25 25 25 25 25 25 25 25 25 25 25
64 3 68 32 50 98 64 90 89 32 25 13 71 46 18 46 23 97 75 85 65 64 29 30 48 33 21 26 97 94 99 33 33 33 33 33 33 33 33 33 33 33 33 33 33 18 18 18 18 18 18 18 18 18 18 18 18 18 18 13 13 13 13 13 13 13 13 13 13 13 13 13 13 36 36 36 36 36 36 36 36 36 36 36 36 36 36 20 20 20 20 20 20 20 20 20 20 20 20 20 20 26 26 26 26 26 26 26 26 26 26 26 26 26 26 25 25 25 25 25 25 25 25 25 25 25 25 25 25 88 88 88 88 88 88 88 88 88 88 88 88 88 88 76 76 76 76 76 76 76 76 76 76 76 76 76 76 31 31 31 31 31 31 31 31 31 31 31 31 31 31 48 48 48 48 48 48 48 48 48 48 48 48 48 48 90 90 90 90 90 90 90 90 90 90 90 90 90 90 50 50 50 50 50 50 50 50 50 50 50 50 50 50 90 90 90 90 90 90 90 90 90 90 90 90 90 90 25 25 25 25 25 25 25 25 25 25 25 25 25 25
65 67 36 55 91 81 55 22 32 54 27 41 14 67 22 51 17 2 57 7 97 47 88 42 45 64 15 93 63 72 17 33 33 33 33 33 33 33 33 33 33 33 33 33 33 18 18 18 18 18 18 18 18 18 18 18 18 18 18 13 13 13 13 13 13 13 13 13 13 13 13 13 13 36 36 36 36 36 36 36 36 36 36 36 36 36 36 20 20 20 20 20 20 20 20 20 20 20 20 20 20 26 26 26 26 26 26 26 26 26 26 26 26 26 26 25 25 25 25 25 25 25 25 25 25 25 25 25 25 88 88 88 88 88 88 88 88 88 88 88 88 88 88 76 76 76 76 76 76 76 76 76 76 76 76 76 76 31 31 31 31 31 31 31 31 31 31 31 31 31 31 48 48 48 48 48 48 48 48 48 48 48 48 48 48 90 90 90 90 90 90 90 90 90 90 90 90 90 90 50 50 50 50 50 50 50 50 50 50 50 50 50 50 90 90 90 90 90 90 90 90 90 90 90 90 90 90 25 25 25 25 25 25 25 25 25 25 25 25 25 25
66 18 29 83 66 83 33 63 86 76 25 83 30 21 28 64 5 4 69 38 91 89 6 51 96 87 91 29 20 38 86 33 33 33 33 33 33 33 33 33 33 33 33 33 33 18 18 18 18 18 18 18 18 18 18 18 18 18 18 13 13 13 13 13 13 13 13 13 13 13 13 13 13 36 36 36 36 36 36 36 36 36 36 36 36 36 36 20 20 20 20 20 20 20 20 20 20 20 20 20 20 26 26 26 26 26 26 26 26 26 26 26 26 26 26 25 25 25 25 25 25 25 25 25 25 25 25 25 25 88 88 88 88 88 88 88 88 88 88 88 88 88 88 76 76 76 76 76 76 76 76 76 76 76 76 76 76 31 31 31 31 31 31 31 31 31 31 31 31 31 31 48 48 48 48 48 48 48 48 48 48 48 48 48 48 90 90 90 90 90 90 90 90 90 90 90 90 90 90 50 50 50 50 50 50 50 50 50 50 50 50 50 50 90 90 90 90 90 90 90 90 90 90 90 90 90 90 25 25 25 25 25 25 25 25 25 25 25 25 25 25
67 9 6 21 42 76 19 57 14 22 8 59 37 61 97 5 89 17 23 65 9 98 27 45 32 44 73 7 45 48 50 33 33 33 33 33 33 33 33 33 33 33 33 33 33 18 18 18 18 18 18 18 18 18 18 18 18 18 18 13 13 13 13 13 13 13 13 13 13 13 13 13 13 36 36 36 36 36 36 36 36 36 36 36 36 36 36 20 20 20 20 20 20 20 20 20 20 20 20 20 20 26 26 26 26 26 26 26 26 26 26 26 26 26 26 25 25 25 25 25 25 25 25 25 25 25 25 25 25 88 88 88 88 88 88 88 88 88 88 88 88 88 88 76 76 76 76 76 76 76 76 76 76 76 76 76 76 31 31 31 31 31 31 31 31 31 31 31 31 31 31 48 48 48 48 48 48 48 48 48 48 48 48 48 48 90 90 90 90 90 90 90 90 90 90 90 90 90 90 50 50 50 50 50 50 50 50 50 50 50 50 50 50 90 90 90 90 90 90 90 90 90 90 90 90 90 90 25 25 25 25 25 25 25 25 25 25 25 25 25 25
68 69 25 75 87 26 91 99 96 84 12 51 81 91 55 89 71 81 68 53 92 17 6 32 92 26 37 48 67 58 11 33 33 33 33 33 33 33 33 33 33 33 33 33 33 18 18 18 18 18 18 18 18 18 18 18 18 18 18 13 13 13 13 13 13 13 13 13 13 13 13 13 13 36 36 36 36 36 36 36 36 36 36 36 36 36 36 20 20 20 20 20 20 20 20 20 20 20 20 20 20 26 26 26 26 26 26 26 26 26 26 26 26 26 26 25 25 25 25 25 25 25 25 25 25 25 25 25 25 88 88 88 88 88 88 88 88 88 88 88 88 88 88 76 76 76 76 76 76 76 76 76 76 76 76 76 76 31 31 31 31 31 31 31 31 31 31 31 31 31 31 48 48 48 48 48 48 48 48 48 48 48 48 48 48 90 90 90 90 90 90 90 90 90 90 90 90 90 90 50 50 50 50 50 50 50 50 50 50 50 50 50 50 90 90 90 90 90 90 90 90 90 90 90 90 90 90 25 25 25 25 25 25 25 25 25 25 25 25 25 25
69 2 66 72 92 27 3 93 51 12 46 35 86 99 74 56 60 14 6 22 79 76 41 46 82 5 22 35 19 60 25 33 33 33 33 33 33 33 33 33 33 33 33 33 33 18 18 18 18 18 18 18 18 18 18 18 18 18 18 13 13 13 13 13 13 13 13 13 13 13 13 13 13 36 36 36 36 36 36 36 36 36 36 36 36 36 36 20 20 20 20 20 20 20 20 20 20 20 20 20 20 26 26 26 26 26 26 26 26 26 26 26 26 26 26 25 25 25 25 25 25 25 25 25 25 25 25 25 25 88 88 88 88 88 88 88 88 88 88 88 88 88 88 76 76 76 76 76 76 76 76 76 76 76 76 76 76 31 31 31 31 31 31 31 31 31 31 31 31 31 31 48 48 48 48 48 48 48 48 48 48 48 48 48 48 90 90 90 90 90 90 90 90 90 90 90 90 90 90 50 50 50 50 50 50 50 50 50 50 50 50 50 50 90 90 90 90 90 90 90 90 90 90 90 90 90 90 25 25 25 25 25 25 25 25 25 25 25 25 25 25
70 7 71 57 37 55 85 83 8 38 32 63 82 27 19 35 34 62 26 34 100 89 23 5 92 29 79 34 87 92 86 33 33 33 33 33 33 33 33 33 33 33 33 33 33 18 18 18 18 18 18 18 18 18 18 18 18 18 18 13 13 13 13 13 13 13 13 13 13 13 13 13 13 36 36 36 36 36 36 36 36 36 36 36 36 36 36 20 20 20 20 20 20 20 20 20 20 20 20 20 20 26 26 26 26 26 26 26 26 26 26 26 26 26 26 25 25 25 25 25 25 25 25 25 25 25 25 25 25 88 88 88 88 88 88 88 88 88 88 88 88 88 88 76 76 76 76 76 76 76 76 76 76 76 76 76 76 31 31 31 31 31 31 31 31 31 31 31 31 31 31 48 48 48 48 48 48 48 48 48 48 48 48 48 48 90 90 90 90 90 90 90 90 90 90 90 90 90 90 50 50 50 50 50 50 50 50 50 50 50 50 50 50 90 90 90 90 90 90 90 90 90 90 90 90 90 90 25 25 25 25 25 25 25 25 25 25 25 25 25 25
71 14 25 66 27 88 7 31 82 4 69 12 25 81 94 11 10 100 95 29 19 34 26 13 85 16 28 19 18 5 23 33 33 33 33 33 33 33 33 33 33 33 33 33 33 18 18 18 18 18 18 18 18 18 18 18 18 18 18 13 13 13 13 13 13 13 13 13 13 13 13 13 13 36 36 36 36 36 36 36 36 36 36 36 36 36 36 20 20 20 20 20 20 20 20 20 20 20 20 20 20 26 26 26 26 26 26 26 26 26 26 26 26 26 26 25 25 25 25 25 25 25 25 25 25 25 25 25 25 88 88 88 88 88 88 88 88 88 88 88 88 88 88 76 76 76 76 76 76 76 76 76 76 76 76 76 76 31 31 31 31 31 31 31 31 31 31 31 31 31 31 48 48 48 48 48 48 48 48 48 48 48 48 48 48 90 90 90 90 90 90 90 90 90 90 90 90 90 90 50 50 50 50 50 50 50 50 50 50 50 50 50 50 90 90 90 90 90 90 90 90 90 90 90 90 90 90 25 25 25 25 25 25 25 25 25 25 25 25 25 25
72 59 23 95 65 33 69 58 92 37 81 12 40 2 52 87 90 30 76 92 15 2 31 55 78 76 92 6 81 13 80 33 33 33 33 33 33 33 33 33 33 33 33 33 33 18 18 18 18 18 18 18 18 18 18 18 18 18 18 13 13 13 13 13 13 13 13 13 13 13 13 13 13 36 36 36 36 36 36 36 36 36 36 36 36 36 36 20 20 20 20 20 20 20 20 20 20 20 20 20 20 26 26 26 26 26 26 26 26 26 26 26 26 26 26 25 25 25 25 25 25 25 25 25 25 25 25 25 25 88 88 88 88 88 88 88 88 88 88 88 88 88 88 76 76 76 76 76 76 76 76 76 76 76 76 76 76 31 31 31 31 31 31 31 31 31 31 31 31 31 31 48 48 48 48 48 48 48 48 48 48 48 48 48 48 90 90 90 90 90 90 90 90 90 90 90 90 90 90 50 50 50 50 50 50 50 50 50 50 50 50 50 50 90 90 90 90 90 90 90 90 90 90 90 90 90 90 25 25 25 25 25 25 25 25 25 25 25 25 25 25
73 60 87 3 13 51 18 95 100 43 3 78 100 2 66 86 36 73 53 5 1 83 56 39 3 10 25 54 38 55 9 33 33 33 33 33 33 33 33 33 33 33 33 33 33 18 18 18 18 18 18 18 18 18 18 18 18 18 18 13 13 13 13 13 13 13 13 13 13 13 13 13 13 36 36 36 36 36 36 36 36 36 36 36 36 36 36 20 20 20 20 20 20 20 20 20 20 20 20 20 20 26 26 26 26 26 26 26 26 26 26 26 26 26 26 25 25 25 25 25 25 25 25 25 25 25 25 25 25 88 88 88 88 88 88 88 88 88 88 88 88 88 88 76 76 76 76 76 76 76 76 76 76 76 76 76 76 31 31 31 31 31 31 31 31 31 31 31 31 31 31 48 48 48 48 48 48 48 48 48 48 48 48 48 48 90 90 90 90 90 90 90 90 90 90 90 90 90 90 50 50 50 50 50 50 50 50 50 50 50 50 50 50 90 90 90 90 90 90 90 90 90 90 90 90 90 90 25 25 25 25 25 25 25 25 25 25 25 25 25 25
74 83 70 21 62 83 16 93 98 36 30 94 92 86 29 80 78 79 3 49 5 4 28 96 19 61 75 27 74 60 84 33 33 33 33 33 33 33 33 33 33 33 33 33 33 18 18 18 18 18 18 18 18 18 18 18 18 18 18 13 13 13 13 13 13 13 13 13 13 13 13 13 13 36 36 36 36 36 36 36 36 36 36 36 36 36 36 20 20 20 20 20 20 20 20 20 20 20 20 20 20 26 26 26 26 26 26 26 26 26 26 26 26 26 26 25 25 25 25 25 25 25 25 25 25 25 25 25 25 88 88 88 88 88 88 88 88 88 88 88 88 88 88 76 76 76 76 76 76 76 76 76 76 76 76 76 76 31 31 31 31 31 31 31 31 31 31 31 31 31 31 48 48 48 48 48 48 48 48 48 48 48 48 48 48 90 90 90 90 90 90 90 90 90 90 90 90 90 90 50 50 50 50 50 50 50 50 50 50 50 50 50 50 90 90 90 90 90 90 90 90 90 90 90 90 90 90 25 25 25 25 25 25 25 25 25 25 25 25 25 25
75 98 64 52 57 88 14 29 72 20 89 5 51 45 14 61 88 30 80 92 34 64 86 25 90 84 47 98 56 22 43 33 33 33 33 33 33 33 33 33 33 33 33 33 33 18 18 18 18 18 18 18 18 18 18 18 18 18 18 13 13 13 13 13 13 13 13 13 13 13 13 13 13 36 36 36 36 36 36 36 36 36 36 36 36 36 36 20 20 20 20 20 20 20 20 20 20 20 20 20 20 26 26 26 26 26 26 26 26 26 26 26 26 26 26 25 25 25 25 25 25 25 25 25 25 25 25 25 25 88 88 88 88 88 88 88 88 88 88 88 88 88 88 76 76 76 76 76 76 76 76 76 76 76 76 76 76 31 31 31 31 31 31 31 31 31 31 31 31 31 31 48 48 48 48 48 48 48 48 48 48 48 48 48 48 90 90 90 90 90 90 90 90 90 90 90 90 90 90 50 50 50 50 50 50 50 50 50 50 50 50 50 50 90 90 90 90 90 90 90 90 90 90 90 90 90 90 25 25 25 25 25 25 25 25 25 25 25 25 25 25
76 1 88 30 31 66 78 84 23 72 68 72 99 46 22 72 94 93 17 35 28 54 20 48 65 5 89 58 67 52 25 33 33 33 33 33 33 33 33 33 33 33 33 33 33 18 18 18 18 18 18 18 18 18 18 18 18 18 18 13 13 13 13 13 13 13 13 13 13 13 13 13 13 36 36 36 36 36 36 36 36 36 36 36 36 36 36 20 20 20 20 20 20 20 20 20 20 20 20 20 20 26 26 26 26 26 26 26 26 26 26 26 26 26 26 25 25 25 25 25 25 25 25 25 25 25 25 25 25 88 88 88 88 88 88 88 88 88 88 88 88 88 88 76 76 76 76 76 76 76 76 76 76 76 76 76 76 31 31 31 31 31 31 31 31 31 31 31 31 31 31 48 48 48 48 48 48 48 48 48 48 48 48 48 48 90 90 90 90 90 90 90 90 90 90 90 90 90 90 50 50 50 50 50 50 50 50 50 50 50 50 50 50 90 90 90 90 90 90 90 90 90 90 90 90 90 90 25 25 25 25 25 25 25 25 25 25 25 25 25 25
77 72 40 30 28 82 84 28 4 48 19 91 55 22 64 8 15 18 11 99 39 20 21 1 38 26 76 55 91 75 63 33 33 33 33 33 33 33 33 33 33 33 33 33 33 18 18 18 18 18 18 18 18 18 18 18 18 18 18 13 13 13 13 13 13 13 13 13 13 13 13 13 13 36 36 36 36 36 36 36 36 36 36 36 36 36 36 20 20 20 20 20 20 20 20 20 20 20 20 20 20 26 26 26 26 26 26 26 26 26 26 26 26 26 26 25 25 25 25 25 25 25 25 25 25 25 25 25 25 88 88 88 88 88 88 88 88 88 88 88 88 88 88 76 76 76 76 76 76 76 76 76 76 76 76 76 76 31 31 31 31 31 31 31 31 31 31 31 31 31 31 48 48 48 48 48 48 48 48 48 48 48 48 48 48 90 90 90 90 90 90 90 90 90 90 90 90 90 90 50 50 50 50 50 50 50 50 50 50 50 50 50 50 90 90 90 90 90 90 90 90 90 90 90 90 90 90 25 25 25 25 25 25 25 25 25 25 25 25 25 25
78 11 88 2 90 5 92 96 44 90 6 15 40 61 77 81 36 36 86 52 11 37 66 89 100 85 57 40 7 99 31 33 33 33 33 33 33 33 33 33 33 33 33 33 33 18 18 18 18 18 18 18 18 18 18 18 18 18 18 13 13 13 13 13 13 13 13 13 13 13 13 13 13 36 36 36 36 36 36 36 36 36 36 36 36 36 36 20 20 20 20 20 20 20 20 20 20 20 20 20 20 26 26 26 26 26 26 26 26 26 26 26 26 26 26 25 25 25 25 25 25 25 25 25 25 25 25 25 25 88 88 88 88 88 88 88 88 88 88 88 88 88 88 76 76 76 76 76 76 76 76 76 76 76 76 76 76 31 31 31 31 31 31 31 31 31 31 31 31 31 31 48 48 48 48 48 48 48 48 48 48 48 48 48 48 90 90 90 90 90 90 90 90 90 90 90 90 90 90 50 50 50 50 50 50 50 50 50 50 50 50 50 50 90 90 90 90 90 90 90 90 90 90 90 90 90 90 25 25 25 25 25 25 25 25 25 25 25 25 25 25
79 46 77 58 13 59 26 3 27 85 92 78 82 22 45 17 73 77 59 66 48 81 50 16 18 25 38 36 99 29 98 33 33 33 33 33 33 33 33 33 33 33 33 33 33 18 18 18 18 18 18 18 18 18 18 18 18 18 18 13 13 13 13 13 13 13 13 13 13 13 13 13 13 36 36 36 36 36 36 36 36 36 36 36 36 36 36 20 20 20 20 20 20 20 20 20 20 20 20 20 20 26 26 26 26 26 26 26 26 26 26 26 26 26 26 25 25 25 25 25 25 25 25 25 25 25 25 25 25 88 88 88 88 88 88 88 88 88 88 88 88 88 88 76 76 76 76 76 76 76 76 76 76 76 76 76 76 31 31 31 31 31 31 31 31 31 31 31 31 31 31 48 48 48 48 48 48 48 48 48 48 48 48 48 48 90 90 90 90 90 90 90 90 90 90 90 90 90 90 50 50 50 50 50 50 50 50 50 50 50 50 50 50 90 90 90 90 90 90 90 90 90 90 90 90 90 90 25 25 25 25 25 25 25 25 25 25 25 25 25 25
80 4 38 95 76 38 97 6 91 26 80 88 66 1 97 97 15 43 27 34 57 48 51 49 72 16 56 95 53 68 49 33 33 33 33 33 33 33 33 33 33 33 33 33 33 18 18 18 18 18 18 18 18 18 18 18 18 18 18 13 13 13 13 13 13 13 13 13 13 13 13 13 13 36 36 36 36 36 36 36 36 36 36 36 36 36 36 20 20 20 20 20 20 20 20 20 20 20 20 20 20 26 26 26 26 26 26 26 26 26 26 26 26 26 26 25 25 25 25 25 25 25 25 25 25 25 25 25 25 88 88 88 88 88 88 88 88 88 88 88 88 88 88 76 76 76 76 76 76 76 76 76 76 76 76 76 76 31 31 31 31 31 31 31 31 31 31 31 31 31 31 48 48 48 48 48 48 48 48 48 48 48 48 48 48 90 90 90 90 90 90 90 90 90 90 90 90 90 90 50 50 50 50 50 50 50 50 50 50 50 50 50 50 90 90 90 90 90 90 90 90 90 90 90 90 90 90 25 25 25 25 25 25 25 25 25 25 25 25 25 25
81 20 5 97 58 64 64 66 11 68 49 10 48 72 17 9 53 55 28 30 37 37 57 24 77 9 75 55 86 54 37 33 33 33 33 33 33 33 33 33 33 33 33 33 33 18 18 18 18 18 18 18 18 18 18 18 18 18 18 13 13 13 13 13 13 13 13 13 13 13 13 13 13 36 36 36 36 36 36 36 36 36 36 36 36 36 36 20 20 20 20 20 20 20 20 20 20 20 20 20 20 26 26 26 26 26 26 26 26 26 26 26 26 26 26 25 25 25 25 25 25 25 25 25 25 25 25 25 25 88 88 88 88 88 88 88 88 88 88 88 88 88 88 76 76 76 76 76 76 76 76 76 76 76 76 76 76 31 31 31 31 31 31 31 31 31 31 31 31 31 31 48 48 48 48 48 48 48 48 48 48 48 48 48 48 90 90 90 90 90 90 90 90 90 90 90 90 90 90 50 50 50 50 50 50 50 50 50 50 50 50 50 50 90 90 90 90 90 90 90 90 90 90 90 90 90 90 25 25 25 25 25 25 25 25 25 25 25 25 25 25
82 40 90 92 58 41 44 97 41 9 62 96 73 62 91 68 41 100 51 77 9 19 6 82 79 4 44 70 76 26 85 33 33 33 33 33 33 33 33 33 33 33 33 33 33 18 18 18 18 18 18 18 18 18 18 18 18 18 18 13 13 13 13 13 13 13 13 13 13 13 13 13 13 36 36 36 36 36 36 36 36 36 36 36 36 36 36 20 20 20 20 20 20 20 20 20 20 20 20 20 20 26 26 26 26 26 26 26 26 26 26 26 26 26 26 25 25 25 25 25 25 25 25 25 25 25 25 25 25 88 88 88 88 88 88 88 88 88 88 88 88 88 88 76 76 76 76 76 76 76 76 76 76 76 76 76 76 31 31 31 31 31 31 31 31 31 31 31 31 31 31 48 48 48 48 48 48 48 48 48 48 48 48 48 48 90 90 90 90 90 90 90 90 90 90 90 90 90 90 50 50 50 50 50 50 50 50 50 50 50 50 50 50 90 90 90 90 90 90 90 90 90 90 90 90 90 90 25 25 25 25 25 25 25 25 25 25 25 25 25 25
83 99 84 47 36 88 16 7 32 40 76 38 96 47 26 16 94 31 48 10 21 48 80 71 58 38 19 30 92 50 3 33 33 33 33 33 33 33 33 33 33 33 33 33 33 18 18 18 18 18 18 18 18 18 18 18 18 18 18 13 13 13 13 13 13 13 13 13 13 13 13 13 13 36 36 36 36 36 36 36 36 36 36 36 36 36 36 20 20 20 20 20 20 20 20 20 20 20 20 20 20 26 26 26 26 26 26 26 26 26 26 26 26 26 26 25 25 25 25 25 25 25 25 25 25 25 25 25 25 88 88 88 88 88 88 88 88 88 88 88 88 88 88 76 76 76 76 76 76 76 76 76 76 76 76 76 76 31 31 31 31 31 31 31 31 31 31 31 31 31 31 48 48 48 48 48 48 48 48 48 48 48 48 48 48 90 90 90 90 90 90 90 90 90 90 90 90 90 90 50 50 50 50 50 50 50 50 50 50 50 50 50 50 90 90 90 90 90 90 90 90 90 90 90 90 90 90 25 25 25 25 25 25 25 25 25 25 25 25 25 25
84 75 47 78 57 78 3 88 78 46 52 53 41 61 55 93 34 55 37 78 41 12 25 19 40 24 100 18 54 21 82 33 33 33 33 33 33 33 33 33 33 33 33 33 33 18 18 18 18 18 18 18 18 18 18 18 18 18 18 13 13 13 13 13 13 13 13 13 13 13 13 13 13 36 36 36 36 36 36 36 36 36 36 36 36 36 36 20 20 20 20 20 20 20 20 20 20 20 20 20 20 26 26 26 26 26 26 26 26 26 26 26 26 26 26 25 25 25 25 25 25 25 25 25 25 25 25 25 25 88 88 88 88 88 88 88 88 88 88 88 88 88 88 76 76 76 76 76 76 76 76 76 76 76 76 76 76 31 31 31 31 31 31 31 31 31 31 31 31 31 31 48 48 48 48 48 48 48 48 48 48 48 48 48 48 90 90 90 90 90 90 90 90 90 90 90 90 90 90 50 50 50 50 50 50 50 50 50 50 50 50 50 50 90 90 90 90 90 90 90 90 90 90 90 90 90 90 25 25 25 25 25 25 25 25 25 25 25 25 25 25
85 1 81 56 13 40 58 83 77 71 7 30 30 92 37 48 58 75 28 97 36 98 12 60 60 100 67 64 90 46 87 33 33 33 33 33 33 33 33 33 33 33 33 33 33 18 18 18 18 18 18 18 18 18 18 18 18 18 18 13 13 13 13 13 13 13 13 13 13 13 13 13 13 36 36 36 36 36 36 36 36 36 36 36 36 36 36 20 20 20 20 20 20 20 20 20 20 20 20 20 20 26 26 26 26 26 26 26 26 26 26 26 26 26 26 25 25 25 25 25 25 25 25 25 25 25 25 25 25 88 88 88 88 88 88 88 88 88 88 88 88 88 88 76 76 76 76 76 76 76 76 76 76 76 76 76 76 31 31 31 31 31 31 31 31 31 31 31 31 31 31 48 48 48 48 48 48 48 48 48 48 48 48 48 48 90 90 90 90 90 90 90 90 90 90 90 90 90 90 50 50 50 50 50 50 50 50 50 50 50 50 50 50 90 90 90 90 90 90 90 90 90 90 90 90 90 90 25 25 25 25 25 25 25 25 25 25 25 25 25 25
86 9 69 46 81 29 63 59 20 33 23 46 95 51 41 4 1 18 100 68 66 94 12 75 53 12 9 31 50 17 48 33 33 33 33 33 33 33 33 33 33 33 33 33 33 18 18 18 18 18 18 18 18 18 18 18 18 18 18 13 13 13 13 13 13 13 13 13 13 13 13 13 13 36 36 36 36 36 36 36 36 36 36 36 36 36 36 20 20 20 20 20 20 20 20 20 20 20 20 20 20 26 26 26 26 26 26 26 26 26 26 26 26 26 26 25 25 25 25 25 25 25 25 25 25 25 25 25 25 88 88 88 88 88 88 88 88 88 88 88 88 88 88 76 76 76 76 76 76 76 76 76 76 76 76 76 76 31 31 31 31 31 31 31 31 31 31 31 31 31 31 48 48 48 48 48 48 48 48 48 48 48 48 48 48 90 90 90 90 90 90 90 90 90 90 90 90 90 90 50 50 50 50 50 50 50 50 50 50 50 50 50 50 90 90 90 90 90 90 90 90 90 90 90 90 90 90 25 25 25 25 25 25 25 25 25 25 25 25 25 25
87 98 93 90 89 5 44 97 4 80 30 1 75 93 5 83 73 12 70 22 21 93 65 51 27 87 61 55 60 99 74 33 33 33 33 33 33 33 33 33 33 33 33 33 33 18 18 18 18 18 18 18 18 18 18 18 18 18 18 13 13 13 13 13 13 13 13 13 13 13 13 13 13 36 36 36 36 36 36 36 36 36 36 36 36 36 36 20 20 20 20 20 20 20 20 20 20 20 20 20 20 26 26 26 26 26 26 26 26 26 26 26 26 26 26 25 25 25 25 25 25 25 25 25 25 25 25 25 25 88 88 88 88 88 88 88 88 88 88 88 88 88 88 76 76 76 76 76 76 76 76 76 76 76 76 76 76 31 31 31 31 31 31 31 31 31 31 31 31 31 31 48 48 48 48 48 48 48 48 48 48 48 48 48 48 90 90 90 90 90 90 90 90 90 90 90 90 90 90 50 50 50 50 50 50 50 50 50 50 50 50 50 50 90 90 90 90 90 90 90 90 90 90 90 90 90 90 25 25 25 25 25 25 25 25 25 25 25 25 25 25
88 84 26 35 85 95 70 76 66 28 64 52 73 53 61 60 34 14 11 56 19 67 59 30 38 98 57 11 11 15 68 33 33 33 33 33 33 33 33 33 33 33 33 33 33 18 18 18 18 18 18 18 18 18 18 18 18 18 18 13 13 13 13 13 13 13 13 13 13 13 13 13 13 36 36 36 36 36 36 36 36 36 36 36 36 36 36 20 20 20 20 20 20 20 20 20 20 20 20 20 20 26 26 26 26 26 26 26 26 26 26 26 26 26 26 25 25 25 25 25 25 25 25 25 25 25 25 25 25 88 88 88 88 88 88 88 88 88 88 88 88 88 88 76 76 76 76 76 76 76 76 76 76 76 76 76 76 31 31 31 31 31 31 31 31 31 31 31 31 31 31 48 48 48 48 48 48 48 48 48 48 48 48 48 48 90 90 90 90 90 90 90 90 90 90 90 90 90 90 50 50 50 50 50 50 50 50 50 50 50 50 50 50 90 90 90 90 90 90 90 90 90 90 90 90 90 90 25 25 25 25 25 25 25 25 25 25 25 25 25 25
89 58 13 92 32 44 54 19 13 76 88 78 10 90 21 12 66 36 42 44 65 1 97 53 61 66 18 30 87 43 76 33 33 33 33 33 33 33 33 33 33 33 33 33 33 18 18 18 18 18 18 18 18 18 18 18 18 18 18 13 13 13 13 13 13 13 13 13 13 13 13 13 13 36 36 36 36 36 36 36 36 36 36 36 36 36 36 20 20 20 20 20 20 20 20 20 20 20 20 20 20 26 26 26 26 26 26 26 26 26 26 26 26 26 26 25 25 25 25 25 25 25 25 25 25 25 25 25 25 88 88 88 88 88 88 88 88 88 88 88 88 88 88 76 76 76 76 76 76 76 76 76 76 76 76 76 76 31 31 31 31 31 31 31 31 31 31 31 31 31 31 48 48 48 48 48 48 48 48 48 48 48 48 48 48 90 90 90 90 90 90 90 90 90 90 90 90 90 90 50 50 50 50 50 50 50 50 50 50 50 50 50 50 90 90 90 90 90 90 90 90 90 90 90 90 90 90 25 25 25 25 25 25 25 25 25 25 25 25 25 25
90 37 3 87 88 28 72 4 22 41 57 65 4 41 79 61 42 97 76 59 70 75 67 88 38 96 65 31 31 67 48 33 33 33 33 33 33 33 33 33 33 33 33 33 33 18 18 18 18 18 18 18 18 18 18 18 18 18 18 13 13 13 13 13 13 13 13 13 13 13 13 13 13 36 36 36 36 36 36 36 36 36 36 36 36 36 36 20 20 20 20 20 20 20 20 20 20 20 20 20 20 26 26 26 26 26 26 26 26 26 26 26 26 26 26 25 25 25 25 25 25 25 25 25 25 25 25 25 25 88 88 88 88 88 88 88 88 88 88 88 88 88 88 76 76 76 76 76 76 76 76 76 76 76 76 76 76 31 31 31 31 31 31 31 31 31 31 31 31 31 31 48 48 48 48 48 48 48 48 48 48 48 48 48 48 90 90 90 90 90 90 90 90 90 90 90 90 90 90 50 50 50 50 50 50 50 50 50 50 50 50 50 50 90 90 90 90 90 90 90 90 90 90 90 90 90 90 25 25 25 25 25 25 25 25 25 25 25 25 25 25
91 46 47 14 80 71 18 48 85 65 21 43 20 5 86 11 31 98 46 36 77 6 66 84 54 56 33 10 16 28 16 33 33 33 33 33 33 33 33 33 33 33 33 33 33 18 18 18 18 18 18 18 18 18 18 18 18 18 18 13 13 13 13 13 13 13 13 13 13 13 13 13 13 36 36 36 36 36 36 36 36 36 36 36 36 36 36 20 20 20 20 20 20 20 20 20 20 20 20 20 20 26 26 26 26 26 26 26 26 26 26 26 26 26 26 25 25 25 25 25 25 25 25 25 25 25 25 25 25 88 88 88 88 88 88 88 88 88 88 88 88 88 88 76 76 76 76 76 76 76 76 76 76 76 76 76 76 31 31 31 31 31 31 31 31 31 31 31 31 31 31 48 48 48 48 48 48 48 48 48 48 48 48 48 48 90 90 90 90 90 90 90 90 90 90 90 90 90 90 50 50 50 50 50 50 50 50 50 50 50 50 50 50 90 90 90 90 90 90 90 90 90 90 90 90 90 90 25 25 25 25 25 25 25 25 25 25 25 25 25 25
92 81 28 26 18 2 78 80 34 9 45 76 89 12 26 64 34 78 67 34 62 61 82 78 86 65 17 70 45 13 22 33 33 33 33 33 33 33 33 33 33 33 33 33 33 18 18 18 18 18 18 18 18 18 18 18 18 18 18 13 13 13 13 13 13 13 13 13 13 13 13 13 13 36 36 36 36 36 36 36 36 36 36 36 36 36 36 20 20 20 20 20 20 20 20 20 20 20 20 20 20 26 26 26 26 26 26 26 26 26 26 26 26 26 26 25 25 25 25 25 25 25 25 25 25 25 25 25 25 88 88 88 88 88 88 88 88 88 88 88 88 88 88 76 76 76 76 76 76 76 76 76 76 76 76 76 76 31 31 31 31 31 31 31 31 31 31 31 31 31 31 48 48 48 48 48 48 48 48 48 48 48 48 48 48 90 90 90 90 90 90 90 90 90 90 90 90 90 90 50 50 50 50 50 50 50 50 50 50 50 50 50 50 90 90 90 90 90 90 90 90 90 90 90 90 90 90 25 25 25 25 25 25 25 25 25 25 25 25 25 25
93 63 99 31 35 45 50 23 9 13 48 63 10 46 52 2 17 37 28 49 60 29 1 46 85 6 80 96 98 17 79 33 33 33 33 33 33 33 33 33 33 33 33 33 33 18 18 18 18 18 18 18 18 18 18 18 18 18 18 13 13 13 13 13 13 13 13 13 13 13 13 13 13 36 36 36 36 36 36 36 36 36 36 36 36 36 36 20 20 20 20 20 20 20 20 20 20 20 20 20 20 26 26 26 26 26 26 26 26 26 26 26 26 26 26 25 25 25 25 25 25 25 25 25 25 25 25 25 25 88 88 88 88 88 88 88 88 88 88 88 88 88 88 76 76 76 76 76 76 76 76 76 76 76 76 76 76 31 31 31 31 31 31 31 31 31 31 31 31 31 31 48 48 48 48 48 48 48 48 48 48 48 48 48 48 90 90 90 90 90 90 90 90 90 90 90 90 90 90 50 50 50 50 50 50 50 50 50 50 50 50 50 50 90 90 90 90 90 90 90 90 90 90 90 90 90 90 25 25 25 25 25 25 25 25 25 25 25 25 25 25
94 77 60 16 84 35 80 68 75 90 2 43 62 36 85 72 87 52 36 37 6 62 96 98 21 2 96 16 23 33 41 33 33 33 33 33 33 33 33 33 33 33 33 33 33 18 18 18 18 18 18 18 18 18 18 18 18 18 18 13 13 13 13 13 13 13 13 13 13 13 13 13 13 36 36 36 36 36 36 36 36 36 36 36 36 36 36 20 20 20 20 20 20 20 20 20 20 20 20 20 20 26 26 26 26 26 26 26 26 26 26 26 26 26 26 25 25 25 25 25 25 25 25 25 25 25 25 25 25 88 88 88 88 88 88 88 88 88 88 88 88 88 88 76 76 76 76 76 76 76 76 76 76 76 76 76 76 31 31 31 31 31 31 31 31 31 31 31 31 31 31 48 48 48 48 48 48 48 48 48 48 48 48 48 48 90 90 90 90 90 90 90 90 90 90 90 90 90 90 50 50 50 50 50 50 50 50 50 50 50 50 50 50 90 90 90 90 90 90 90 90 90 90 90 90 90 90 25 25 25 25 25 25 25 25 25 25 25 25 25 25
95 34 37 39 99 11 40 89 34 9 14 14 52 55 54 89 70 52 80 75 4 88 70 72 76 82 12 94 32 46 50 33 33 33 33 33 33 33 33 33 33 33 33 33 33 18 18 18 18 18 18 18 18 18 18 18 18 18 18 13 13 13 13 13 13 13 13 13 13 13 13 13 13 36 36 36 36 36 36 36 36 36 36 36 36 36 36 20 20 20 20 20 20 20 20 20 20 20 20 20 20 26 26 26 26 26 26 26 26 26 26 26 26 26 26 25 25 25 25 25 25 25 25 25 25 25 25 25 25 88 88 88 88 88 88 88 88 88 88 88 88 88 88 76 76 76 76 76 76 76 76 76 76 76 76 76 76 31 31 31 31 31 31 31 31 31 31 31 31 31 31 48 48 48 48 48 48 48 48 48 48 48 48 48 48 90 90 90 90 90 90 90 90 90 90 90 90 90 90 50 50 50 50 50 50 50 50 50 50 50 50 50 50 90 90 90 90 90 90 90 90 90 90 90 90 90 90 25 25 25 25 25 25 25 25 25 25 25 25 25 25
96 43 10 4 45 23 29 75 8 40 66 4 90 62 71 79 64 11 49 71 30 17 47 31 36 44 29 29 24 12 56 33 33 33 33 33 33 33 33 33 33 33 33 33 33 18 18 18 18 18 18 18 18 18 18 18 18 18 18 13 13 13 13 13 13 13 13 13 13 13 13 13 13 36 36 36 36 36 36 36 36 36 36 36 36 36 36 20 20 20 20 20 20 20 20 20 20 20 20 20 20 26 26 26 26 26 26 26 26 26 26 26 26 26 26 25 25 25 25 25 25 25 25 25 25 25 25 25 25 88 88 88 88 88 88 88 88 88 88 88 88 88 88 76 76 76 76 76 76 76 76 76 76 76 76 76 76 31 31 31 31 31 31 31 31 31 31 31 31 31 31 48 48 48 48 48 48 48 48 48 48 48 48 48 48 90 90 90 90 90 90 90 90 90 90 90 90 90 90 50 50 50 50 50 50 50 50 50 50 50 50 50 50 90 90 90 90 90 90 90 90 90 90 90 90 90 90 25 25 25 25 25 25 25 25 25 25 25 25 25 25
97 30 98 6 24 11 100 9 96 86 34 76 63 99 18 49 33 74 57 24 41 50 68 53 97 42 53 34 38 66 3 33 33 33 33 33 33 33 33 33 33 33 33 33 33 18 18 18 18 18 18 18 18 18 18 18 18 18 18 13 13 13 13 13 13 13 13 13 13 13 13 13 13 36 36 36 36 36 36 36 36 36 36 36 36 36 36 20 20 20 20 20 20 20 20 20 20 20 20 20 20 26 26 26 26 26 26 26 26 26 26 26 26 26 26 25 25 25 25 25 25 25 25 25 25 25 25 25 25 88 88 88 88 88 88 88 88 88 88 88 88 88 88 76 76 76 76 76 76 76 76 76 76 76 76 76 76 31 31 31 31 31 31 31 31 31 31 31 31 31 31 48 48 48 48 48 48 48 48 48 48 48 48 48 48 90 90 90 90 90 90 90 90 90 90 90 90 90 90 50 50 50 50 50 50 50 50 50 50 50 50 50 50 90 90 90 90 90 90 90 90 90 90 90 90 90 90 25 25 25 25 25 25 25 25 25 25 25 25 25 25
98 77 25 76 52 74 56 55 61 27 78 71 73 50 70 90 51 15 80 26 75 60 12 50 48 15 55 37 1 68 64 33 33 33 33 33 33 33 33 33 33 33 33 33 33 18 18 18 18 18 18 18 18 18 18 18 18 18 18 13 13 13 13 13 13 13 13 13 13 13 13 13 13 36 36 36 36 36 36 36 36 36 36 36 36 36 36 20 20 20 20 20 20 20 20 20 20 20 20 20 20 26 26 26 26 26 26 26 26 26 26 26 26 26 26 25 25 25 25 25 25 25 25 25 25 25 25 25 25 88 88 88 88 88 88 88 88 88 88 88 88 88 88 76 76 76 76 76 76 76 76 76 76 76 76 76 76 31 31 31 31 31 31 31 31 31 31 31 31 31 31 48 48 48 48 48 48 48 48 48 48 48 48 48 48 90 90 90 90 90 90 90 90 90 90 90 90 90 90 50 50 50 50 50 50 50 50 50 50 50 50 50 50 90 90 90 90 90 90 90 90 90 90 90 90 90 90 25 25 25 25 25 25 25 25 25 25 25 25 25 25
99 28 30 66 35 99 40 24 56 39 92 70 66 28 28 96 32 39 93 53 71 45 54 37 97 5 99 85 76 73 46 33 33 33 33 33 33 33 33 33 33 33 33 33 33 18 18 18 18 18 18 18 18 18 18 18 18 18 18 13 13 13 13 13 13 13 13 13 13 13 13 13 13 36 36 36 36 36 36 36 36 36 36 36 36 36 36 20 20 20 20 20 20 20 20 20 20 20 20 20 20 26 26 26 26 26 26 26 26 26 26 26 26 26 26 25 25 25 25 25 25 25 25 25 25 25 25 25 25 88 88 88 88 88 88 88 88 88 88 88 88 88 88 76 76 76 76 76 76 76 76 76 76 76 76 76 76 31 31 31 31 31 31 31 31 31 31 31 31 31 31 48 48 48 48 48 48 48 48 48 48 48 48 48 48 90 90 90 90 90 90 90 90 90 90 90 90 90 90 50 50 50 50 50 50 50 50 50 50 50 50 50 50 90 90 90 90 90 90 90 90 90 90 90 90 90 90 25 25 25 25 25 25 25 25 25 25 25 25 25 25
