15 100
3904.0 4221.6 4039.2000000000003 3699.2000000000003 3517.6000000000004 3684.0 4167.2 3492.8 3900.8 4307.2 3808.8 3986.4 4472.8 4080.8 4292.8
0 77 40 34 11 70 77 66 9 72 55 63 15 97 38 79 15 21 7 40 61 69 48 77 48 74 38 75 12 78 50 97 97 97 97 97 97 97 97 97 97 97 97 97 97 56 56 56 56 56 56 56 56 56 56 56 56 56 56 41 41 41 41 41 41 41 41 41 41 41 41 41 41 21 21 21 21 21 21 21 21 21 21 21 21 21 21 63 63 63 63 63 63 63 63 63 63 63 63 63 63 80 80 80 80 80 80 80 80 80 80 80 80 80 80 76 76 76 76 76 76 76 76 76 76 76 76 76 76 53 53 53 53 53 53 53 53 53 53 53 53 53 53 39 39 39 39 39 39 39 39 39 39 39 39 39 39 33 33 33 33 33 33 33 33 33 33 33 33 33 33 63 63 63 63 63 63 63 63 63 63 63 63 63 63 56 56 56 56 56 56 56 56 56 56 56 56 56 56 87 87 87 87 87 87 87 87 87 87 87 87 87 87 52 52 52 52 52 52 52 52 52 52 52 52 52 52 36 36 36 36 36 36 36 36 36 36 36 36 36 36
1 77 6 57 11 99 25 54 30 84 59 2 79 64 95 73 50 72 19 16 35 94 58 53 48 87 44 63 79 59 71 97 97 97 97 97 97 97 97 97 97 97 97 97 97 56 56 56 56 56 56 56 56 56 56 56 56 56 56 41 41 41 41 41 41 41 41 41 41 41 41 41 41 21 21 21 21 21 21 21 21 21 21 21 21 21 21 63 63 63 63 63 63 63 63 63 63 63 63 63 63 80 80 80 80 80 80 80 80 80 80 80 80 80 80 76 76 76 76 76 76 76 76 76 76 76 76 76 76 53 53 53 53 53 53 53 53 53 53 53 53 53 53 39 39 39 39 39 39 39 39 39 39 39 39 39 39 33 33 33 33 33 33 33 33 33 33 33 33 33 33 63 63 63 63 63 63 63 63 63 63 63 63 63 63 56 56 56 56 56 56 56 56 56 56 56 56 56 56 87 87 87 87 87 87 87 87 87 87 87 87 87 87 52 52 52 52 52 52 52 52 52 52 52 52 52 52 36 36 36 36 36 36 36 36 36 36 36 36 36 36
2 16 29 10 9 92 90 58 65 100 11 96 76 36 6 6 58 21 60 33 59 64 19 12 13 78 7 86 32 71 86 97 97 97 97 97 97 97 97 97 97 97 97 97 97 56 56 56 56 56 56 56 56 56 56 56 56 56 56 41 41 41 41 41 41 41 41 41 41 41 41 41 41 21 21 21 21 21 21 21 21 21 21 21 21 21 21 63 63 63 63 63 63 63 63 63 63 63 63 63 63 80 80 80 80 80 80 80 80 80 80 80 80 80 80 76 76 76 76 76 76 76 76 76 76 76 76 76 76 53 53 53 53 53 53 53 53 53 53 53 53 53 53 39 39 39 39 39 39 39 39 39 39 39 39 39 39 33 33 33 33 33 33 33 33 33 33 33 33 33 33 63 63 63 63 63 63 63 63 63 63 63 63 63 63 56 56 56 56 56 56 56 56 56 56 56 56 56 56 87 87 87 87 87 87 87 87 87 87 87 87 87 87 52 52 52 52 52 52 52 52 52 52 52 52 52 52 36 36 36 36 36 36 36 36 36 36 36 36 36 36
3 31 42 71 31 34 34 14 8 56 22 9 42 34 83 57 27 50 96 43 1 91 52 91 82 44 31 50 62 57 46 97 97 97 97 97 97 97 97 97 97 97 97 97 97 56 56 56 56 56 56 56 56 56 56 56 56 56 56 41 41 41 41 41 41 41 41 41 41 41 41 41 41 21 21 21 21 21 21 21 21 21 21 21 21 21 21 63 63 63 63 63 63 63 63 63 63 63 63 63 63 80 80 80 80 80 80 80 80 80 80 80 80 80 80 76 76 76 76 76 76 76 76 76 76 76 76 76 76 53 53 53 53 53 53 53 53 53 53 53 53 53 53 39 39 39 39 39 39 39 39 39 39 39 39 39 39 33 33 33 33 33 33 33 33 33 33 33 33 33 33 63 63 63 63 63 63 63 63 63 63 63 63 63 63 56 56 56 56 56 56 56 56 56 56 56 56 56 56 87 87 87 87 87 87 87 87 87 87 87 87 87 87 52 52 52 52 52 52 52 52 52 52 52 52 52 52 36 36 36 36 36 36 36 36 36 36 36 36 36 36
4 67 57 86 58 54 2 47 8 46 3 83 97 38 100 82 18 27 11 55 16 28 31 94 11 89 97 55 25 36 66 97 97 97 97 97 97 97 97 97 97 97 97 97 97 56 56 56 56 56 56 56 56 56 56 56 56 56 56 41 41 41 41 41 41 41 41 41 41 41 41 41 41 21 21 21 21 21 21 21 21 21 21 21 21 21 21 63 63 63 63 63 63 63 63 63 63 63 63 63 63 80 80 80 80 80 80 80 80 80 80 80 80 80 80 76 76 76 76 76 76 76 76 76 76 76 76 76 76 53 53 53 53 53 53 53 53 53 53 53 53 53 53 39 39 39 39 39 39 39 39 39 39 39 39 39 39 33 33 33 33 33 33 33 33 33 33 33 33 33 33 63 63 63 63 63 63 63 63 63 63 63 63 63 63 56 56 56 56 56 56 56 56 56 56 56 56 56 56 87 87 87 87 87 87 87 87 87 87 87 87 87 87 52 52 52 52 52 52 52 52 52 52 52 52 52 52 36 36 36 36 36 36 36 36 36 36 36 36 36 36
5 73 96 18 97 66 84 66 100 64 55 88 69 94 95 99 29 70 40 36 28 9 19 15 28 65 38 1 51 7 85 97 97 97 97 97 97 97 97 97 97 97 97 97 97 56 56 56 56 56 56 56 56 56 56 56 56 56 56 41 41 41 41 41 41 41 41 41 41 41 41 41 41 21 21 21 21 21 21 21 21 21 21 21 21 21 21 63 63 63 63 63 63 63 63 63 63 63 63 63 63 80 80 80 80 80 80 80 80 80 80 80 80 80 80 76 76 76 76 76 76 76 76 76 76 76 76 76 76 53 53 53 53 53 53 53 53 53 53 53 53 53 53 39 39 39 39 39 39 39 39 39 39 39 39 39 39 33 33 33 33 33 33 33 33 33 33 33 33 33 33 63 63 63 63 63 63 63 63 63 63 63 63 63 63 56 56 56 56 56 56 56 56 56 56 56 56 56 56 87 87 87 87 87 87 87 87 87 87 87 87 87 87 52 52 52 52 52 52 52 52 52 52 52 52 52 52 36 36 36 36 36 36 36 36 36 36 36 36 36 36
6 10 46 40 85 34 73 86 7 8 76 68 25 100 5 11 39 12 13 33 81 10 12 82 55 61 97 55 68 87 66 97 97 97 97 97 97 97 97 97 97 97 97 97 97 56 56 56 56 56 56 56 56 56 56 56 56 56 56 41 41 41 41 41 41 41 41 41 41 41 41 41 41 21 21 21 21 21 21 21 21 21 21 21 21 21 21 63 63 63 63 63 63 63 63 63 63 63 63 63 63 80 80 80 80 80 80 80 80 80 80 80 80 80 80 76 76 76 76 76 76 76 76 76 76 76 76 76 76 53 53 53 53 53 53 53 53 53 53 53 53 53 53 39 39 39 39 39 39 39 39 39 39 39 39 39 39 33 33 33 33 33 33 33 33 33 33 33 33 33 33 63 63 63 63 63 63 63 63 63 63 63 63 63 63 56 56 56 56 56 56 56 56 56 56 56 56 56 56 87 87 87 87 87 87 87 87 87 87 87 87 87 87 52 52 52 52 52 52 52 52 52 52 52 52 52 52 36 36 36 36 36 36 36 36 36 36 36 36 36 36
7 85 64 37 41 29 54 33 30 78 63 26 90 56 31 90 14 71 74 83 66 67 16 17 95 27 70 41 57 12 8 97 97 97 97 97 97 97 97 97 97 97 97 97 97 56 56 56 56 56 56 56 56 56 56 56 56 56 56 41 41 41 41 41 41 41 41 41 41 41 41 41 41 21 21 21 21 21 21 21 21 21 21 21 21 21 21 63 63 63 63 63 63 63 63 63 63 63 63 63 63 80 80 80 80 80 80 80 80 80 80 80 80 80 80 76 76 76 76 76 76 76 76 76 76 76 76 76 76 53 53 53 53 53 53 53 53 53 53 53 53 53 53 39 39 39 39 39 39 39 39 39 39 39 39 39 39 33 33 33 33 33 33 33 33 33 33 33 33 33 33 63 63 63 63 63 63 63 63 63 63 63 63 63 63 56 56 56 56 56 56 56 56 56 56 56 56 56 56 87 87 87 87 87 87 87 87 87 87 87 87 87 87 52 52 52 52 52 52 52 52 52 52 52 52 52 52 36 36 36 36 36 36 36 36 36 36 36 36 36 36
8 3 38 81 29 63 99 45 48 97 47 75 48 80 52 28 33 53 43 22 5 86 22 19 16 87 66 30 61 37 14 97 97 97 97 97 97 97 97 97 97 97 97 97 97 56 56 56 56 56 56 56 56 56 56 56 56 56 56 41 41 41 41 41 41 41 41 41 41 41 41 41 41 21 21 21 21 21 21 21 21 21 21 21 21 21 21 63 63 63 63 63 63 63 63 63 63 63 63 63 63 80 80 80 80 80 80 80 80 80 80 80 80 80 80 76 76 76 76 76 76 76 76 76 76 76 76 76 76 53 53 53 53 53 53 53 53 53 53 53 53 53 53 39 39 39 39 39 39 39 39 39 39 39 39 39 39 33 33 33 33 33 33 33 33 33 33 33 33 33 33 63 63 63 63 63 63 63 63 63 63 63 63 63 63 56 56 56 56 56 56 56 56 56 56 56 56 56 56 87 87 87 87 87 87 87 87 87 87 87 87 87 87 52 52 52 52 52 52 52 52 52 52 52 52 52 52 36 36 36 36 36 36 36 36 36 36 36 36 36 36
9 26 4 37 53 88 14 45 71 8 7 51 31 97 99 44 74 49 5 90 8 40 8 79 5 56 93 9 1 70 93 97 97 97 97 97 97 97 97 97 97 97 97 97 97 56 56 56 56 56 56 56 56 56 56 56 56 56 56 41 41 41 41 41 41 41 41 41 41 41 41 41 41 21 21 21 21 21 21 21 21 21 21 21 21 21 21 63 63 63 63 63 63 63 63 63 63 63 63 63 63 80 80 80 80 80 80 80 80 80 80 80 80 80 80 76 76 76 76 76 76 76 76 76 76 76 76 76 76 53 53 53 53 53 53 53 53 53 53 53 53 53 53 39 39 39 39 39 39 39 39 39 39 39 39 39 39 33 33 33 33 33 33 33 33 33 33 33 33 33 33 63 63 63 63 63 63 63 63 63 63 63 63 63 63 56 56 56 56 56 56 56 56 56 56 56 56 56 56 87 87 87 87 87 87 87 87 87 87 87 87 87 87 52 52 52 52 52 52 52 52 52 52 52 52 52 52 36 36 36 36 36 36 36 36 36 36 36 36 36 36
10 15 28 34 3 50 69 11 6 87 61 13 80 59 25 1 56 71 99 22 64 77 4 2 57 9 71 29 93 95 76 97 97 97 97 97 97 97 97 97 97 97 97 97 97 56 56 56 56 56 56 56 56 56 56 56 56 56 56 41 41 41 41 41 41 41 41 41 41 41 41 41 41 21 21 21 21 21 21 21 21 21 21 21 21 21 21 63 63 63 63 63 63 63 63 63 63 63 63 63 63 80 80 80 80 80 80 80 80 80 80 80 80 80 80 76 76 76 76 76 76 76 76 76 76 76 76 76 76 53 53 53 53 53 53 53 53 53 53 53 53 53 53 39 39 39 39 39 39 39 39 39 39 39 39 39 39 33 33 33 33 33 33 33 33 33 33 33 33 33 33 63 63 63 63 63 63 63 63 63 63 63 63 63 63 56 56 56 56 56 56 56 56 56 56 56 56 56 56 87 87 87 87 87 87 87 87 87 87 87 87 87 87 52 52 52 52 52 52 52 52 52 52 52 52 52 52 36 36 36 36 36 36 36 36 36 36 36 36 36 36
11 74 78 36 60 94 77 43 97 95 17 96 65 47 23 19 6 16 8 66 21 41 94 11 49 98 91 1 25 70 93 97 97 97 97 97 97 97 97 97 97 97 97 97 97 56 56 56 56 56 56 56 56 56 56 56 56 56 56 41 41 41 41 41 41 41 41 41 41 41 41 41 41 21 21 21 21 21 21 21 21 21 21 21 21 21 21 63 63 63 63 63 63 63 63 63 63 63 63 63 63 80 80 80 80 80 80 80 80 80 80 80 80 80 80 76 76 76 76 76 76 76 76 76 76 76 76 76 76 53 53 53 53 53 53 53 53 53 53 53 53 53 53 39 39 39 39 39 39 39 39 39 39 39 39 39 39 33 33 33 33 33 33 33 33 33 33 33 33 33 33 63 63 63 63 63 63 63 63 63 63 63 63 63 63 56 56 56 56 56 56 56 56 56 56 56 56 56 56 87 87 87 87 87 87 87 87 87 87 87 87 87 87 52 52 52 52 52 52 52 52 52 52 52 52 52 52 36 36 36 36 36 36 36 36 36 36 36 36 36 36
12 84 59 14 12 54 88 56 79 42 57 3 47 76 22 37 8 65 3 14 79 84 13 54 61 85 25 56 76 36 41 97 97 97 97 97 97 97 97 97 97 97 97 97 97 56 56 56 56 56 56 56 56 56 56 56 56 56 56 41 41 41 41 41 41 41 41 41 41 41 41 41 41 21 21 21 21 21 21 21 21 21 21 21 21 21 21 63 63 63 63 63 63 63 63 63 63 63 63 63 63 80 80 80 80 80 80 80 80 80 80 80 80 80 80 76 76 76 76 76 76 76 76 76 76 76 76 76 76 53 53 53 53 53 53 53 53 53 53 53 53 53 53 39 39 39 39 39 39 39 39 39 39 39 39 39 39 33 33 33 33 33 33 33 33 33 33 33 33 33 33 63 63 63 63 63 63 63 63 63 63 63 63 63 63 56 56 56 56 56 56 56 56 56 56 56 56 56 56 87 87 87 87 87 87 87 87 87 87 87 87 87 87 52 52 52 52 52 52 52 52 52 52 52 52 52 52 36 36 36 36 36 36 36 36 36 36 36 36 36 36
13 95 33 38 75 84 24 17 3 20 75 40 37 56 13 45 77 49 61 58 42 34 65 17 48 61 72 15 54 74 4 97 97 97 97 97 97 97 97 97 97 97 97 97 97 56 56 56 56 56 56 56 56 56 56 56 56 56 56 41 41 41 41 41 41 41 41 41 41 41 41 41 41 21 21 21 21 21 21 21 21 21 21 21 21 21 21 63 63 63 63 63 63 63 63 63 63 63 63 63 63 80 80 80 80 80 80 80 80 80 80 80 80 80 80 76 76 76 76 76 76 76 76 76 76 76 76 76 76 53 53 53 53 53 53 53 53 53 53 53 53 53 53 39 39 39 39 39 39 39 39 39 39 39 39 39 39 33 33 33 33 33 33 33 33 33 33 33 33 33 33 63 63 63 63 63 63 63 63 63 63 63 63 63 63 56 56 56 56 56 56 56 56 56 56 56 56 56 56 87 87 87 87 87 87 87 87 87 87 87 87 87 87 52 52 52 52 52 52 52 52 52 52 52 52 52 52 36 36 36 36 36 36 36 36 36 36 36 36 36 36
14 53 42 57 71 88 35 94 73 10 84 29 66 42 36 58 9 24 16 93 85 62 69 71 42 14 48 74 28 83 60 97 97 97 97 97 97 97 97 97 97 97 97 97 97 56 56 56 56 56 56 56 56 56 56 56 56 56 56 41 41 41 41 41 41 41 41 41 41 41 41 41 41 21 21 21 21 21 21 21 21 21 21 21 21 21 21 63 63 63 63 63 63 63 63 63 63 63 63 63 63 80 80 80 80 80 80 80 80 80 80 80 80 80 80 76 76 76 76 76 76 76 76 76 76 76 76 76 76 53 53 53 53 53 53 53 53 53 53 53 53 53 53 39 39 39 39 39 39 39 39 39 39 39 39 39 39 33 33 33 33 33 33 33 33 33 33 33 33 33 33 63 63 63 63 63 63 63 63 63 63 63 63 63 63 56 56 56 56 56 56 56 56 56 56 56 56 56 56 87 87 87 87 87 87 87 87 87 87 87 87 87 87 52 52 52 52 52 52 52 52 52 52 52 52 52 52 36 36 36 36 36 36 36 36 36 36 36 36 36 36
15 45 93 33 76 86 78 49 31 38 78 20 52 68 11 17 1 18 62 88 100 71 77 29 39 10 85 84 32 39 34 97 97 97 97 97 97 97 97 97 97 97 97 97 97 56 56 56 56 56 56 56 56 56 56 56 56 56 56 41 41 41 41 41 41 41 41 41 41 41 41 41 41 21 21 21 21 21 21 21 21 21 21 21 21 21 21 63 63 63 63 63 63 63 63 63 63 63 63 63 63 80 80 80 80 80 80 80 80 80 80 80 80 80 80 76 76 76 76 76 76 76 76 76 76 76 76 76 76 53 53 53 53 53 53 53 53 53 53 53 53 53 53 39 39 39 39 39 39 39 39 39 39 39 39 39 39 33 33 33 33 33 33 33 33 33 33 33 33 33 33 63 63 63 63 63 63 63 63 63 63 63 63 63 63 56 56 56 56 56 56 56 56 56 56 56 56 56 56 87 87 87 87 87 87 87 87 87 87 87 87 87 87 52 52 52 52 52 52 52 52 52 52 52 52 52 52 36 36 36 36 36 36 36 36 36 36 36 36 36 36
16 82 99 84 9 84 18 92 80 84 68 75 27 76 39 32 65 75 89 15 57 72 95 46 80 13 14 30 26 81 87 97 97 97 97 97 97 97 97 97 97 97 97 97 97 56 56 56 56 56 56 56 56 56 56 56 56 56 56 41 41 41 41 41 41 41 41 41 41 41 41 41 41 21 21 21 21 21 21 21 21 21 21 21 21 21 21 63 63 63 63 63 63 63 63 63 63 63 63 63 63 80 80 80 80 80 80 80 80 80 80 80 80 80 80 76 76 76 76 76 76 76 76 76 76 76 76 76 76 53 53 53 53 53 53 53 53 53 53 53 53 53 53 39 39 39 39 39 39 39 39 39 39 39 39 39 39 33 33 33 33 33 33 33 33 33 33 33 33 33 33 63 63 63 63 63 63 63 63 63 63 63 63 63 63 56 56 56 56 56 56 56 56 56 56 56 56 56 56 87 87 87 87 87 87 87 87 87 87 87 87 87 87 52 52 52 52 52 52 52 52 52 52 52 52 52 52 36 36 36 36 36 36 36 36 36 36 36 36 36 36
17 67 6 2 5 95 11 84 66 96 37 88 6 11 32 81 74 70 5 59 85 46 33 48 19 92 87 84 13 6 59 97 97 97 97 97 97 97 97 97 97 97 97 97 97 56 56 56 56 56 56 56 56 56 56 56 56 56 56 41 41 41 41 41 41 41 41 41 41 41 41 41 41 21 21 21 21 21 21 21 21 21 21 21 21 21 21 63 63 63 63 63 63 63 63 63 63 63 63 63 63 80 80 80 80 80 80 80 80 80 80 80 80 80 80 76 76 76 76 76 76 76 76 76 76 76 76 76 76 53 53 53 53 53 53 53 53 53 53 53 53 53 53 39 39 39 39 39 39 39 39 39 39 39 39 39 39 33 33 33 33 33 33 33 33 33 33 33 33 33 33 63 63 63 63 63 63 63 63 63 63 63 63 63 63 56 56 56 56 56 56 56 56 56 56 56 56 56 56 87 87 87 87 87 87 87 87 87 87 87 87 87 87 52 52 52 52 52 52 52 52 52 52 52 52 52 52 36 36 36 36 36 36 36 36 36 36 36 36 36 36
18 62 80 69 39 81 96 3 26 2 14 7 33 23 37 73 47 77 4 42 49 73 8 36 9 42 25 4 80 85 7 97 97 97 97 97 97 97 97 97 97 97 97 97 97 56 56 56 56 56 56 56 56 56 56 56 56 56 56 41 41 41 41 41 41 41 41 41 41 41 41 41 41 21 21 21 21 21 21 21 21 21 21 21 21 21 21 63 63 63 63 63 63 63 63 63 63 63 63 63 63 80 80 80 80 80 80 80 80 80 80 80 80 80 80 76 76 76 76 76 76 76 76 76 76 76 76 76 76 53 53 53 53 53 53 53 53 53 53 53 53 53 53 39 39 39 39 39 39 39 39 39 39 39 39 39 39 33 33 33 33 33 33 33 33 33 33 33 33 33 33 63 63 63 63 63 63 63 63 63 63 63 63 63 63 56 56 56 56 56 56 56 56 56 56 56 56 56 56 87 87 87 87 87 87 87 87 87 87 87 87 87 87 52 52 52 52 52 52 52 52 52 52 52 52 52 52 36 36 36 36 36 36 36 36 36 36 36 36 36 36
19 50 45 65 79 64 70 55 77 100 62 80 82 52 73 59 7 63 47 22 24 3 99 61 76 85 60 26 11 11 68 97 97 97 97 97 97 97 97 97 97 97 97 97 97 56 56 56 56 56 56 56 56 56 56 56 56 56 56 41 41 41 41 41 41 41 41 41 41 41 41 41 41 21 21 21 21 21 21 21 21 21 21 21 21 21 21 63 63 63 63 63 63 63 63 63 63 63 63 63 63 80 80 80 80 80 80 80 80 80 80 80 80 80 80 76 76 76 76 76 76 76 76 76 76 76 76 76 76 53 53 53 53 53 53 53 53 53 53 53 53 53 53 39 39 39 39 39 39 39 39 39 39 39 39 39 39 33 33 33 33 33 33 33 33 33 33 33 33 33 33 63 63 63 63 63 63 63 63 63 63 63 63 63 63 56 56 56 56 56 56 56 56 56 56 56 56 56 56 87 87 87 87 87 87 87 87 87 87 87 87 87 87 52 52 52 52 52 52 52 52 52 52 52 52 52 52 36 36 36 36 36 36 36 36 36 36 36 36 36 36
20 15 33 77 78 47 18 36 39 73 19 63 33 11 32 81 9 17 50 56 97 86 36 11 65 92 82 70 55 83 56 97 97 97 97 97 97 97 97 97 97 97 97 97 97 56 56 56 56 56 56 56 56 56 56 56 56 56 56 41 41 41 41 41 41 41 41 41 41 41 41 41 41 21 21 21 21 21 21 21 21 21 21 21 21 21 21 63 63 63 63 63 63 63 63 63 63 63 63 63 63 80 80 80 80 80 80 80 80 80 80 80 80 80 80 76 76 76 76 76 76 76 76 76 76 76 76 76 76 53 53 53 53 53 53 53 53 53 53 53 53 53 53 39 39 39 39 39 39 39 39 39 39 39 39 39 39 33 33 33 33 33 33 33 33 33 33 33 33 33 33 63 63 63 63 63 63 63 63 63 63 63 63 63 63 56 56 56 56 56 56 56 56 56 56 56 56 56 56 87 87 87 87 87 87 87 87 87 87 87 87 87 87 52 52 52 52 52 52 52 52 52 52 52 52 52 52 36 36 36 36 36 36 36 36 36 36 36 36 36 36
21 29 75 62 87 31 42 34 68 19 66 1 23 41 44 86 56 39 28 13 13 75 99 13 34 32 38 95 52 20 81 97 97 97 97 97 97 97 97 97 97 97 97 97 97 56 56 56 56 56 56 56 56 56 56 56 56 56 56 41 41 41 41 41 41 41 41 41 41 41 41 41 41 21 21 21 21 21 21 21 21 21 21 21 21 21 21 63 63 63 63 63 63 63 63 63 63 63 63 63 63 80 80 80 80 80 80 80 80 80 80 80 80 80 80 76 76 76 76 76 76 76 76 76 76 76 76 76 76 53 53 53 53 53 53 53 53 53 53 53 53 53 53 39 39 39 39 39 39 39 39 39 39 39 39 39 39 33 33 33 33 33 33 33 33 33 33 33 33 33 33 63 63 63 63 63 63 63 63 63 63 63 63 63 63 56 56 56 56 56 56 56 56 56 56 56 56 56 56 87 87 87 87 87 87 87 87 87 87 87 87 87 87 52 52 52 52 52 52 52 52 52 52 52 52 52 52 36 36 36 36 36 36 36 36 36 36 36 36 36 36
22 69 52 44 77 30 44 83 65 75 49 19 44 47 11 55 48 87 93 62 80 40 43 88 59 79 82 68 21 81 77 97 97 97 97 97 97 97 97 97 97 97 97 97 97 56 56 56 56 56 56 56 56 56 56 56 56 56 56 41 41 41 41 41 41 41 41 41 41 41 41 41 41 21 21 21 21 21 21 21 21 21 21 21 21 21 21 63 63 63 63 63 63 63 63 63 63 63 63 63 63 80 80 80 80 80 80 80 80 80 80 80 80 80 80 76 76 76 76 76 76 76 76 76 76 76 76 76 76 53 53 53 53 53 53 53 53 53 53 53 53 53 53 39 39 39 39 39 39 39 39 39 39 39 39 39 39 33 33 33 33 33 33 33 33 33 33 33 33 33 33 63 63 63 63 63 63 63 63 63 63 63 63 63 63 56 56 56 56 56 56 56 56 56 56 56 56 56 56 87 87 87 87 87 87 87 87 87 87 87 87 87 87 52 52 52 52 52 52 52 52 52 52 52 52 52 52 36 36 36 36 36 36 36 36 36 36 36 36 36 36
23 89 2 2 33 61 46 50 13 26 56 96 18 53 52 71 10 52 98 30 94 5 44 51 51 1 100 17 78 86 41 97 97 97 97 97 97 97 97 97 97 97 97 97 97 56 56 56 56 56 56 56 56 56 56 56 56 56 56 41 41 41 41 41 41 41 41 41 41 41 41 41 41 21 21 21 21 21 21 21 21 21 21 21 21 21 21 63 63 63 63 63 63 63 63 63 63 63 63 63 63 80 80 80 80 80 80 80 80 80 80 80 80 80 80 76 76 76 76 76 76 76 76 76 76 76 76 76 76 53 53 53 53 53 53 53 53 53 53 53 53 53 53 39 39 39 39 39 39 39 39 39 39 39 39 39 39 33 33 33 33 33 33 33 33 33 33 33 33 33 33 63 63 63 63 63 63 63 63 63 63 63 63 63 63 56 56 56 56 56 56 56 56 56 56 56 56 56 56 87 87 87 87 87 87 87 87 87 87 87 87 87 87 52 52 52 52 52 52 52 52 52 52 52 52 52 52 36 36 36 36 36 36 36 36 36 36 36 36 36 36
24 21 2 90 61 86 11 4 50 47 60 94 96 26 84 4 10 26 86 65 18 59 14 21 18 94 39 72 33 50 15 97 97 97 97 97 97 97 97 97 97 97 97 97 97 56 56 56 56 56 56 56 56 56 56 56 56 56 56 41 41 41 41 41 41 41 41 41 41 41 41 41 41 21 21 21 21 21 21 21 21 21 21 21 21 21 21 63 63 63 63 63 63 63 63 63 63 63 63 63 63 80 80 80 80 80 80 80 80 80 80 80 80 80 80 76 76 76 76 76 76 76 76 76 76 76 76 76 76 53 53 53 53 53 53 53 53 53 53 53 53 53 53 39 39 39 39 39 39 39 39 39 39 39 39 39 39 33 33 33 33 33 33 33 33 33 33 33 33 33 33 63 63 63 63 63 63 63 63 63 63 63 63 63 63 56 56 56 56 56 56 56 56 56 56 56 56 56 56 87 87 87 87 87 87 87 87 87 87 87 87 87 87 52 52 52 52 52 52 52 52 52 52 52 52 52 52 36 36 36 36 36 36 36 36 36 36 36 36 36 36
25 94 54 60 1 32 55 42 77 39 100 85 1 94 81 41 72 81 11 61 68 53 81 77 33 45 94 94 46 81 43 97 97 97 97 97 97 97 97 97 97 97 97 97 97 56 56 56 56 56 56 56 56 56 56 56 56 56 56 41 41 41 41 41 41 41 41 41 41 41 41 41 41 21 21 21 21 21 21 21 21 21 21 21 21 21 21 63 63 63 63 63 63 63 63 63 63 63 63 63 63 80 80 80 80 80 80 80 80 80 80 80 80 80 80 76 76 76 76 76 76 76 76 76 76 76 76 76 76 53 53 53 53 53 53 53 53 53 53 53 53 53 53 39 39 39 39 39 39 39 39 39 39 39 39 39 39 33 33 33 33 33 33 33 33 33 33 33 33 33 33 63 63 63 63 63 63 63 63 63 63 63 63 63 63 56 56 56 56 56 56 56 56 56 56 56 56 56 56 87 87 87 87 87 87 87 87 87 87 87 87 87 87 52 52 52 52 52 52 52 52 52 52 52 52 52 52 36 36 36 36 36 36 36 36 36 36 36 36 36 36
26 100 70 83 68 55 23 35 29 54 30 76 66 28 91 90 72 13 75 23 96 17 89 49 51 81 25 68 82 91 100 97 97 97 97 97 97 97 97 97 97 97 97 97 97 56 56 56 56 56 56 56 56 56 56 56 56 56 56 41 41 41 41 41 41 41 41 41 41 41 41 41 41 21 21 21 21 21 21 21 21 21 21 21 21 21 21 63 63 63 63 63 63 63 63 63 63 63 63 63 63 80 80 80 80 80 80 80 80 80 80 80 80 80 80 76 76 76 76 76 76 76 76 76 76 76 76 76 76 53 53 53 53 53 53 53 53 53 53 53 53 53 53 39 39 39 39 39 39 39 39 39 39 39 39 39 39 33 33 33 33 33 33 33 33 33 33 33 33 33 33 63 63 63 63 63 63 63 63 63 63 63 63 63 63 56 56 56 56 56 56 56 56 56 56 56 56 56 56 87 87 87 87 87 87 87 87 87 87 87 87 87 87 52 52 52 52 52 52 52 52 52 52 52 52 52 52 36 36 36 36 36 36 36 36 36 36 36 36 36 36
27 1 70 15 37 36 98 64 78 53 70 50 86 14 71 35 35 70 62 45 52 12 20 58 29 48 54 91 2 4 65 97 97 97 97 97 97 97 97 97 97 97 97 97 97 56 56 56 56 56 56 56 56 56 56 56 56 56 56 41 41 41 41 41 41 41 41 41 41 41 41 41 41 21 21 21 21 21 21 21 21 21 21 21 21 21 21 63 63 63 63 63 63 63 63 63 63 63 63 63 63 80 80 80 80 80 80 80 80 80 80 80 80 80 80 76 76 76 76 76 76 76 76 76 76 76 76 76 76 53 53 53 53 53 53 53 53 53 53 53 53 53 53 39 39 39 39 39 39 39 39 39 39 39 39 39 39 33 33 33 33 33 33 33 33 33 33 33 33 33 33 63 63 63 63 63 63 63 63 63 63 63 63 63 63 56 56 56 56 56 56 56 56 56 56 56 56 56 56 87 87 87 87 87 87 87 87 87 87 87 87 87 87 52 52 52 52 52 52 52 52 52 52 52 52 52 52 36 36 36 36 36 36 36 36 36 36 36 36 36 36
28 12 2 40 54 39 16 23 13 24 52 94 65 96 61 61 26 21 84 7 86 32 60 88 11 31 40 57 55 36 82 97 97 97 97 97 97 97 97 97 97 97 97 97 97 56 56 56 56 56 56 56 56 56 56 56 56 56 56 41 41 41 41 41 41 41 41 41 41 41 41 41 41 21 21 21 21 21 21 21 21 21 21 21 21 21 21 63 63 63 63 63 63 63 63 63 63 63 63 63 63 80 80 80 80 80 80 80 80 80 80 80 80 80 80 76 76 76 76 76 76 76 76 76 76 76 76 76 76 53 53 53 53 53 53 53 53 53 53 53 53 53 53 39 39 39 39 39 39 39 39 39 39 39 39 39 39 33 33 33 33 33 33 33 33 33 33 33 33 33 33 63 63 63 63 63 63 63 63 63 63 63 63 63 63 56 56 56 56 56 56 56 56 56 56 56 56 56 56 87 87 87 87 87 87 87 87 87 87 87 87 87 87 52 52 52 52 52 52 52 52 52 52 52 52 52 52 36 36 36 36 36 36 36 36 36 36 36 36 36 36
29 83 29 83 69 41 92 26 10 30 17 48 2 85 26 72 55 46 63 36 71 16 21 81 49 18 44 10 21 41 94 97 97 97 97 97 97 97 97 97 97 97 97 97 97 56 56 56 56 56 56 56 56 56 56 56 56 56 56 41 41 41 41 41 41 41 41 41 41 41 41 41 41 21 21 21 21 21 21 21 21 21 21 21 21 21 21 63 63 63 63 63 63 63 63 63 63 63 63 63 63 80 80 80 80 80 80 80 80 80 80 80 80 80 80 76 76 76 76 76 76 76 76 76 76 76 76 76 76 53 53 53 53 53 53 53 53 53 53 53 53 53 53 39 39 39 39 39 39 39 39 39 39 39 39 39 39 33 33 33 33 33 33 33 33 33 33 33 33 33 33 63 63 63 63 63 63 63 63 63 63 63 63 63 63 56 56 56 56 56 56 56 56 56 56 56 56 56 56 87 87 87 87 87 87 87 87 87 87 87 87 87 87 52 52 52 52 52 52 52 52 52 52 52 52 52 52 36 36 36 36 36 36 36 36 36 36 36 36 36 36
30 49 39 16 55 64 20 23 5 92 36 74 39 98 58 31 63 91 29 90 62 64 23 78 31 57 1 91 18 12 18 97 97 97 97 97 97 97 97 97 97 97 97 97 97 56 56 56 56 56 56 56 56 56 56 56 56 56 56 41 41 41 41 41 41 41 41 41 41 41 41 41 41 21 21 21 21 21 21 21 21 21 21 21 21 21 21 63 63 63 63 63 63 63 63 63 63 63 63 63 63 80 80 80 80 80 80 80 80 80 80 80 80 80 80 76 76 76 76 76 76 76 76 76 76 76 76 76 76 53 53 53 53 53 53 53 53 53 53 53 53 53 53 39 39 39 39 39 39 39 39 39 39 39 39 39 39 33 33 33 33 33 33 33 33 33 33 33 33 33 33 63 63 63 63 63 63 63 63 63 63 63 63 63 63 56 56 56 56 56 56 56 56 56 56 56 56 56 56 87 87 87 87 87 87 87 87 87 87 87 87 87 87 52 52 52 52 52 52 52 52 52 52 52 52 52 52 36 36 36 36 36 36 36 36 36 36 36 36 36 36
31 38 77 26 82 89 91 42 36 62 46 51 31 59 64 5 10 41 2 66 84 56 21 43 73 2 90 21 17 50 76 97 97 97 97 97 97 97 97 97 97 97 97 97 97 56 56 56 56 56 56 56 56 56 56 56 56 56 56 41 41 41 41 41 41 41 41 41 41 41 41 41 41 21 21 21 21 21 21 21 21 21 21 21 21 21 21 63 63 63 63 63 63 63 63 63 63 63 63 63 63 80 80 80 80 80 80 80 80 80 80 80 80 80 80 76 76 76 76 76 76 76 76 76 76 76 76 76 76 53 53 53 53 53 53 53 53 53 53 53 53 53 53 39 39 39 39 39 39 39 39 39 39 39 39 39 39 33 33 33 33 33 33 33 33 33 33 33 33 33 33 63 63 63 63 63 63 63 63 63 63 63 63 63 63 56 56 56 56 56 56 56 56 56 56 56 56 56 56 87 87 87 87 87 87 87 87 87 87 87 87 87 87 52 52 52 52 52 52 52 52 52 52 52 52 52 52 36 36 36 36 36 36 36 36 36 36 36 36 36 36
32 96 89 26 85 31 84 31 68 18 2 94 27 37 14 46 52 62 100 4 18 12 96 81 70 18 51 45 48 76 86 97 97 97 97 97 97 97 97 97 97 97 97 97 97 56 56 56 56 56 56 56 56 56 56 56 56 56 56 41 41 41 41 41 41 41 41 41 41 41 41 41 41 21 21 21 21 21 21 21 21 21 21 21 21 21 21 63 63 63 63 63 63 63 63 63 63 63 63 63 63 80 80 80 80 80 80 80 80 80 80 80 80 80 80 76 76 76 76 76 76 76 76 76 76 76 76 76 76 53 53 53 53 53 53 53 53 53 53 53 53 53 53 39 39 39 39 39 39 39 39 39 39 39 39 39 39 33 33 33 33 33 33 33 33 33 33 33 33 33 33 63 63 63 63 63 63 63 63 63 63 63 63 63 63 56 56 56 56 56 56 56 56 56 56 56 56 56 56 87 87 87 87 87 87 87 87 87 87 87 87 87 87 52 52 52 52 52 52 52 52 52 52 52 52 52 52 36 36 36 36 36 36 36 36 36 36 36 36 36 36
33 33 88 35 19 1 41 96 32 92 21 70 26 69 70 98 99 11 67 31 62 17 1 92 21 41 92 78 45 99 41 97 97 97 97 97 97 97 97 97 97 97 97 97 97 56 56 56 56 56 56 56 56 56 56 56 56 56 56 41 41 41 41 41 41 41 41 41 41 41 41 41 41 21 21 21 21 21 21 21 21 21 21 21 21 21 21 63 63 63 63 63 63 63 63 63 63 63 63 63 63 80 80 80 80 80 80 80 80 80 80 80 80 80 80 76 76 76 76 76 76 76 76 76 76 76 76 76 76 53 53 53 53 53 53 53 53 53 53 53 53 53 53 39 39 39 39 39 39 39 39 39 39 39 39 39 39 33 33 33 33 33 33 33 33 33 33 33 33 33 33 63 63 63 63 63 63 63 63 63 63 63 63 63 63 56 56 56 56 56 56 56 56 56 56 56 56 56 56 87 87 87 87 87 87 87 87 87 87 87 87 87 87 52 52 52 52 52 52 52 52 52 52 52 52 52 52 36 36 36 36 36 36 36 36 36 36 36 36 36 36
34 36 34 39 50 30 61 61 43 85 84 85 85 9 18 77 13 7 39 22 47 45 76 92 32 86 91 44 29 22 65 97 97 97 97 97 97 97 97 97 97 97 97 97 97 56 56 56 56 56 56 56 56 56 56 56 56 56 56 41 41 41 41 41 41 41 41 41 41 41 41 41 41 21 21 21 21 21 21 21 21 21 21 21 21 21 21 63 63 63 63 63 63 63 63 63 63 63 63 63 63 80 80 80 80 80 80 80 80 80 80 80 80 80 80 76 76 76 76 76 76 76 76 76 76 76 76 76 76 53 53 53 53 53 53 53 53 53 53 53 53 53 53 39 39 39 39 39 39 39 39 39 39 39 39 39 39 33 33 33 33 33 33 33 33 33 33 33 33 33 33 63 63 63 63 63 63 63 63 63 63 63 63 63 63 56 56 56 56 56 56 56 56 56 56 56 56 56 56 87 87 87 87 87 87 87 87 87 87 87 87 87 87 52 52 52 52 52 52 52 52 52 52 52 52 52 52 36 36 36 36 36 36 36 36 36 36 36 36 36 36
35 27 79 11 33 97 74 81 26 87 85 39 23 34 53 43 66 89 11 31 45 93 11 68 92 21 66 89 96 78 3 97 97 97 97 97 97 97 97 97 97 97 97 97 97 56 56 56 56 56 56 56 56 56 56 56 56 56 56 41 41 41 41 41 41 41 41 41 41 41 41 41 41 21 21 21 21 21 21 21 21 21 21 21 21 21 21 63 63 63 63 63 63 63 63 63 63 63 63 63 63 80 80 80 80 80 80 80 80 80 80 80 80 80 80 76 76 76 76 76 76 76 76 76 76 76 76 76 76 53 53 53 53 53 53 53 53 53 53 53 53 53 53 39 39 39 39 39 39 39 39 39 39 39 39 39 39 33 33 33 33 33 33 33 33 33 33 33 33 33 33 63 63 63 63 63 63 63 63 63 63 63 63 63 63 56 56 56 56 56 56 56 56 56 56 56 56 56 56 87 87 87 87 87 87 87 87 87 87 87 87 87 87 52 52 52 52 52 52 52 52 52 52 52 52 52 52 36 36 36 36 36 36 36 36 36 36 36 36 36 36
36 75 59 17 87 13 29 29 68 43 3 24 46 56 51 90 91 27 37 75 75 11 15 92 16 100 37 50 23 75 99 97 97 97 97 97 97 97 97 97 97 97 97 97 97 56 56 56 56 56 56 56 56 56 56 56 56 56 56 41 41 41 41 41 41 41 41 41 41 41 41 41 41 21 21 21 21 21 21 21 21 21 21 21 21 21 21 63 63 63 63 63 63 63 63 63 63 63 63 63 63 80 80 80 80 80 80 80 80 80 80 80 80 80 80 76 76 76 76 76 76 76 76 76 76 76 76 76 76 53 53 53 53 53 53 53 53 53 53 53 53 53 53 39 39 39 39 39 39 39 39 39 39 39 39 39 39 33 33 33 33 33 33 33 33 33 33 33 33 33 33 63 63 63 63 63 63 63 63 63 63 63 63 63 63 56 56 56 56 56 56 56 56 56 56 56 56 56 56 87 87 87 87 87 87 87 87 87 87 87 87 87 87 52 52 52 52 52 52 52 52 52 52 52 52 52 52 36 36 36 36 36 36 36 36 36 36 36 36 36 36
37 8 39 99 91 91 64 54 7 99 55 69 2 44 17 42 20 11 21 43 24 81 10 65 94 45 75 72 58 68 2 97 97 97 97 97 97 97 97 97 97 97 97 97 97 56 56 56 56 56 56 56 56 56 56 56 56 56 56 41 41 41 41 41 41 41 41 41 41 41 41 41 41 21 21 21 21 21 21 21 21 21 21 21 21 21 21 63 63 63 63 63 63 63 63 63 63 63 63 63 63 80 80 80 80 80 80 80 80 80 80 80 80 80 80 76 76 76 76 76 76 76 76 76 76 76 76 76 76 53 53 53 53 53 53 53 53 53 53 53 53 53 53 39 39 39 39 39 39 39 39 39 39 39 39 39 39 33 33 33 33 33 33 33 33 33 33 33 33 33 33 63 63 63 63 63 63 63 63 63 63 63 63 63 63 56 56 56 56 56 56 56 56 56 56 56 56 56 56 87 87 87 87 87 87 87 87 87 87 87 87 87 87 52 52 52 52 52 52 52 52 52 52 52 52 52 52 36 36 36 36 36 36 36 36 36 36 36 36 36 36
38 25 92 100 100 15 80 73 90 29 77 53 45 15 79 17 58 35 32 33 33 68 26 42 13 51 94 51 54 51 21 97 97 97 97 97 97 97 97 97 97 97 97 97 97 56 56 56 56 56 56 56 56 56 56 56 56 56 56 41 41 41 41 41 41 41 41 41 41 41 41 41 41 21 21 21 21 21 21 21 21 21 21 21 21 21 21 63 63 63 63 63 63 63 63 63 63 63 63 63 63 80 80 80 80 80 80 80 80 80 80 80 80 80 80 76 76 76 76 76 76 76 76 76 76 76 76 76 76 53 53 53 53 53 53 53 53 53 53 53 53 53 53 39 39 39 39 39 39 39 39 39 39 39 39 39 39 33 33 33 33 33 33 33 33 33 33 33 33 33 33 63 63 63 63 63 63 63 63 63 63 63 63 63 63 56 56 56 56 56 56 56 56 56 56 56 56 56 56 87 87 87 87 87 87 87 87 87 87 87 87 87 87 52 52 52 52 52 52 52 52 52 52 52 52 52 52 36 36 36 36 36 36 36 36 36 36 36 36 36 36
39 93 71 5 57 51 29 100 79 86 41 60 55 36 7 78 45 64 87 50 93 59 70 14 21 41 2 69 21 45 86 97 97 97 97 97 97 97 97 97 97 97 97 97 97 56 56 56 56 56 56 56 56 56 56 56 56 56 56 41 41 41 41 41 41 41 41 41 41 41 41 41 41 21 21 21 21 21 21 21 21 21 21 21 21 21 21 63 63 63 63 63 63 63 63 63 63 63 63 63 63 80 80 80 80 80 80 80 80 80 80 80 80 80 80 76 76 76 76 76 76 76 76 76 76 76 76 76 76 53 53 53 53 53 53 53 53 53 53 53 53 53 53 39 39 39 39 39 39 39 39 39 39 39 39 39 39 33 33 33 33 33 33 33 33 33 33 33 33 33 33 63 63 63 63 63 63 63 63 63 63 63 63 63 63 56 56 56 56 56 56 56 56 56 56 56 56 56 56 87 87 87 87 87 87 87 87 87 87 87 87 87 87 52 52 52 52 52 52 52 52 52 52 52 52 52 52 36 36 36 36 36 36 36 36 36 36 36 36 36 36
40 22 31 52 80 32 17 31 43 81 13 85 3 61 87 90 23 27 75 40 99 71 84 28 46 36 13 53 9 24 82 97 97 97 97 97 97 97 97 97 97 97 97 97 97 56 56 56 56 56 56 56 56 56 56 56 56 56 56 41 41 41 41 41 41 41 41 41 41 41 41 41 41 21 21 21 21 21 21 21 21 21 21 21 21 21 21 63 63 63 63 63 63 63 63 63 63 63 63 63 63 80 80 80 80 80 80 80 80 80 80 80 80 80 80 76 76 76 76 76 76 76 76 76 76 76 76 76 76 53 53 53 53 53 53 53 53 53 53 53 53 53 53 39 39 39 39 39 39 39 39 39 39 39 39 39 39 33 33 33 33 33 33 33 33 33 33 33 33 33 33 63 63 63 63 63 63 63 63 63 63 63 63 63 63 56 56 56 56 56 56 56 56 56 56 56 56 56 56 87 87 87 87 87 87 87 87 87 87 87 87 87 87 52 52 52 52 52 52 52 52 52 52 52 52 52 52 36 36 36 36 36 36 36 36 36 36 36 36 36 36
41 70 67 93 68 41 5 5 99 38 16 61 74 82 87 95 22 34 18 70 29 66 69 24 78 69 42 40 61 51 63 97 97 97 97 97 97 97 97 97 97 97 97 97 97 56 56 56 56 56 56 56 56 56 56 56 56 56 56 41 41 41 41 41 41 41 41 41 41 41 41 41 41 21 21 21 21 21 21 21 21 21 21 21 21 21 21 63 63 63 63 63 63 63 63 63 63 63 63 63 63 80 80 80 80 80 80 80 80 80 80 80 80 80 80 76 76 76 76 76 76 76 76 76 76 76 76 76 76 53 53 53 53 53 53 53 53 53 53 53 53 53 53 39 39 39 39 39 39 39 39 39 39 39 39 39 39 33 33 33 33 33 33 33 33 33 33 33 33 33 33 63 63 63 63 63 63 63 63 63 63 63 63 63 63 56 56 56 56 56 56 56 56 56 56 56 56 56 56 87 87 87 87 87 87 87 87 87 87 87 87 87 87 52 52 52 52 52 52 52 52 52 52 52 52 52 52 36 36 36 36 36 36 36 36 36 36 36 36 36 36
42 61 35 12 52 89 35 51 65 73 14 85 34 66 28 23 25 37 93 48 81 47 25 65 71 97 62 56 48 48 63 97 97 97 97 97 97 97 97 97 97 97 97 97 97 56 56 56 56 56 56 56 56 56 56 56 56 56 56 41 41 41 41 41 41 41 41 41 41 41 41 41 41 21 21 21 21 21 21 21 21 21 21 21 21 21 21 63 63 63 63 63 63 63 63 63 63 63 63 63 63 80 80 80 80 80 80 80 80 80 80 80 80 80 80 76 76 76 76 76 76 76 76 76 76 76 76 76 76 53 53 53 53 53 53 53 53 53 53 53 53 53 53 39 39 39 39 39 39 39 39 39 39 39 39 39 39 33 33 33 33 33 33 33 33 33 33 33 33 33 33 63 63 63 63 63 63 63 63 63 63 63 63 63 63 56 56 56 56 56 56 56 56 56 56 56 56 56 56 87 87 87 87 87 87 87 87 87 87 87 87 87 87 52 52 52 52 52 52 52 52 52 52 52 52 52 52 36 36 36 36 36 36 36 36 36 36 36 36 36 36
43 87 36 9 71 6 60 60 11 87 20 13 91 44 78 29 74 64 11 64 85 86 3 70 40 62 7 72 79 1 7 97 97 97 97 97 97 97 97 97 97 97 97 97 97 56 56 56 56 56 56 56 56 56 56 56 56 56 56 41 41 41 41 41 41 41 41 41 41 41 41 41 41 21 21 21 21 21 21 21 21 21 21 21 21 21 21 63 63 63 63 63 63 63 63 63 63 63 63 63 63 80 80 80 80 80 80 80 80 80 80 80 80 80 80 76 76 76 76 76 76 76 76 76 76 76 76 76 76 53 53 53 53 53 53 53 53 53 53 53 53 53 53 39 39 39 39 39 39 39 39 39 39 39 39 39 39 33 33 33 33 33 33 33 33 33 33 33 33 33 33 63 63 63 63 63 63 63 63 63 63 63 63 63 63 56 56 56 56 56 56 56 56 56 56 56 56 56 56 87 87 87 87 87 87 87 87 87 87 87 87 87 87 52 52 52 52 52 52 52 52 52 52 52 52 52 52 36 36 36 36 36 36 36 36 36 36 36 36 36 36
44 87 44 100 24 83 45 48 64 39 57 90 33 60 79 78 75 71 98 32 56 70 52 10 85 80 87 65 65 28 48 97 97 97 97 97 97 97 97 97 97 97 97 97 97 56 56 56 56 56 56 56 56 56 56 56 56 56 56 41 41 41 41 41 41 41 41 41 41 41 41 41 41 21 21 21 21 21 21 21 21 21 21 21 21 21 21 63 63 63 63 63 63 63 63 63 63 63 63 63 63 80 80 80 80 80 80 80 80 80 80 80 80 80 80 76 76 76 76 76 76 76 76 76 76 76 76 76 76 53 53 53 53 53 53 53 53 53 53 53 53 53 53 39 39 39 39 39 39 39 39 39 39 39 39 39 39 33 33 33 33 33 33 33 33 33 33 33 33 33 33 63 63 63 63 63 63 63 63 63 63 63 63 63 63 56 56 56 56 56 56 56 56 56 56 56 56 56 56 87 87 87 87 87 87 87 87 87 87 87 87 87 87 52 52 52 52 52 52 52 52 52 52 52 52 52 52 36 36 36 36 36 36 36 36 36 36 36 36 36 36
45 66 16 32 32 48 56 4 21 82 79 68 86 67 69 23 41 50 51 47 94 33 60 96 96 48 12 12 1 27 92 97 97 97 97 97 97 97 97 97 97 97 97 97 97 56 56 56 56 56 56 56 56 56 56 56 56 56 56 41 41 41 41 41 41 41 41 41 41 41 41 41 41 21 21 21 21 21 21 21 21 21 21 21 21 21 21 63 63 63 63 63 63 63 63 63 63 63 63 63 63 80 80 80 80 80 80 80 80 80 80 80 80 80 80 76 76 76 76 76 76 76 76 76 76 76 76 76 76 53 53 53 53 53 53 53 53 53 53 53 53 53 53 39 39 39 39 39 39 39 39 39 39 39 39 39 39 33 33 33 33 33 33 33 33 33 33 33 33 33 33 63 63 63 63 63 63 63 63 63 63 63 63 63 63 56 56 56 56 56 56 56 56 56 56 56 56 56 56 87 87 87 87 87 87 87 87 87 87 87 87 87 87 52 52 52 52 52 52 52 52 52 52 52 52 52 52 36 36 36 36 36 36 36 36 36 36 36 36 36 36
46 54 26 84 22 76 50 71 31 80 22 69 83 84 86 64 13 30 58 70 94 95 59 52 97 100 67 22 38 93 86 97 97 97 97 97 97 97 97 97 97 97 97 97 97 56 56 56 56 56 56 56 56 56 56 56 56 56 56 41 41 41 41 41 41 41 41 41 41 41 41 41 41 21 21 21 21 21 21 21 21 21 21 21 21 21 21 63 63 63 63 63 63 63 63 63 63 63 63 63 63 80 80 80 80 80 80 80 80 80 80 80 80 80 80 76 76 76 76 76 76 76 76 76 76 76 76 76 76 53 53 53 53 53 53 53 53 53 53 53 53 53 53 39 39 39 39 39 39 39 39 39 39 39 39 39 39 33 33 33 33 33 33 33 33 33 33 33 33 33 33 63 63 63 63 63 63 63 63 63 63 63 63 63 63 56 56 56 56 56 56 56 56 56 56 56 56 56 56 87 87 87 87 87 87 87 87 87 87 87 87 87 87 52 52 52 52 52 52 52 52 52 52 52 52 52 52 36 36 36 36 36 36 36 36 36 36 36 36 36 36
47 9 8 89 64 90 56 55 48 9 74 46 36 69 56 30 17 43 46 43 81 34 47 90 41 77 75 10 70 64 1 97 97 97 97 97 97 97 97 97 97 97 97 97 97 56 56 56 56 56 56 56 56 56 56 56 56 56 56 41 41 41 41 41 41 41 41 41 41 41 41 41 41 21 21 21 21 21 21 21 21 21 21 21 21 21 21 63 63 63 63 63 63 63 63 63 63 63 63 63 63 80 80 80 80 80 80 80 80 80 80 80 80 80 80 76 76 76 76 76 76 76 76 76 76 76 76 76 76 53 53 53 53 53 53 53 53 53 53 53 53 53 53 39 39 39 39 39 39 39 39 39 39 39 39 39 39 33 33 33 33 33 33 33 33 33 33 33 33 33 33 63 63 63 63 63 63 63 63 63 63 63 63 63 63 56 56 56 56 56 56 56 56 56 56 56 56 56 56 87 87 87 87 87 87 87 87 87 87 87 87 87 87 52 52 52 52 52 52 52 52 52 52 52 52 52 52 36 36 36 36 36 36 36 36 36 36 36 36 36 36
48 67 25 57 72 83 32 86 87 99 18 93 55 14 65 60 4 57 76 21 27 85 3 16 86 44 38 99 48 54 69 97 97 97 97 97 97 97 97 97 97 97 97 97 97 56 56 56 56 56 56 56 56 56 56 56 56 56 56 41 41 41 41 41 41 41 41 41 41 41 41 41 41 21 21 21 21 21 21 21 21 21 21 21 21 21 21 63 63 63 63 63 63 63 63 63 63 63 63 63 63 80 80 80 80 80 80 80 80 80 80 80 80 80 80 76 76 76 76 76 76 76 76 76 76 76 76 76 76 53 53 53 53 53 53 53 53 53 53 53 53 53 53 39 39 39 39 39 39 39 39 39 39 39 39 39 39 33 33 33 33 33 33 33 33 33 33 33 33 33 33 63 63 63 63 63 63 63 63 63 63 63 63 63 63 56 56 56 56 56 56 56 56 56 56 56 56 56 56 87 87 87 87 87 87 87 87 87 87 87 87 87 87 52 52 52 52 52 52 52 52 52 52 52 52 52 52 36 36 36 36 36 36 36 36 36 36 36 36 36 36
49 43 15 20 76 33 60 85 75 77 62 94 32 55 13 8 65 39 21 86 44 13 53 40 19 37 48 74 30 96 12 97 97 97 97 97 97 97 97 97 97 97 97 97 97 56 56 56 56 56 56 56 56 56 56 56 56 56 56 41 41 41 41 41 41 41 41 41 41 41 41 41 41 21 21 21 21 21 21 21 21 21 21 21 21 21 21 63 63 63 63 63 63 63 63 63 63 63 63 63 63 80 80 80 80 80 80 80 80 80 80 80 80 80 80 76 76 76 76 76 76 76 76 76 76 76 76 76 76 53 53 53 53 53 53 53 53 53 53 53 53 53 53 39 39 39 39 39 39 39 39 39 39 39 39 39 39 33 33 33 33 33 33 33 33 33 33 33 33 33 33 63 63 63 63 63 63 63 63 63 63 63 63 63 63 56 56 56 56 56 56 56 56 56 56 56 56 56 56 87 87 87 87 87 87 87 87 87 87 87 87 87 87 52 52 52 52 52 52 52 52 52 52 52 52 52 52 36 36 36 36 36 36 36 36 36 36 36 36 36 36
50 14 71 44 33 4 57 100 44 63 68 69 82 99 59 16 12 13 40 21 7 75 12 64 47 69 12 71 46 75 51 97 97 97 97 97 97 97 97 97 97 97 97 97 97 56 56 56 56 56 56 56 56 56 56 56 56 56 56 41 41 41 41 41 41 41 41 41 41 41 41 41 41 21 21 21 21 21 21 21 21 21 21 21 21 21 21 63 63 63 63 63 63 63 63 63 63 63 63 63 63 80 80 80 80 80 80 80 80 80 80 80 80 80 80 76 76 76 76 76 76 76 76 76 76 76 76 76 76 53 53 53 53 53 53 53 53 53 53 53 53 53 53 39 39 39 39 39 39 39 39 39 39 39 39 39 39 33 33 33 33 33 33 33 33 33 33 33 33 33 33 63 63 63 63 63 63 63 63 63 63 63 63 63 63 56 56 56 56 56 56 56 56 56 56 56 56 56 56 87 87 87 87 87 87 87 87 87 87 87 87 87 87 52 52 52 52 52 52 52 52 52 52 52 52 52 52 36 36 36 36 36 36 36 36 36 36 36 36 36 36
51 69 48 67 45 30 7 70 4 2 21 85 31 34 95 38 63 84 87 15 41 21 39 57 44 14 79 14 67 15 27 97 97 97 97 97 97 97 97 97 97 97 97 97 97 56 56 56 56 56 56 56 56 56 56 56 56 56 56 41 41 41 41 41 41 41 41 41 41 41 41 41 41 21 21 21 21 21 21 21 21 21 21 21 21 21 21 63 63 63 63 63 63 63 63 63 63 63 63 63 63 80 80 80 80 80 80 80 80 80 80 80 80 80 80 76 76 76 76 76 76 76 76 76 76 76 76 76 76 53 53 53 53 53 53 53 53 53 53 53 53 53 53 39 39 39 39 39 39 39 39 39 39 39 39 39 39 33 33 33 33 33 33 33 33 33 33 33 33 33 33 63 63 63 63 63 63 63 63 63 63 63 63 63 63 56 56 56 56 56 56 56 56 56 56 56 56 56 56 87 87 87 87 87 87 87 87 87 87 87 87 87 87 52 52 52 52 52 52 52 52 52 52 52 52 52 52 36 36 36 36 36 36 36 36 36 36 36 36 36 36
52 32 94 72 87 72 32 19 95 37 59 57 66 10 78 30 70 46 67 17 96 96 24 7 84 7 21 21 50 20 88 97 97 97 97 97 97 97 97 97 97 97 97 97 97 56 56 56 56 56 56 56 56 56 56 56 56 56 56 41 41 41 41 41 41 41 41 41 41 41 41 41 41 21 21 21 21 21 21 21 21 21 21 21 21 21 21 63 63 63 63 63 63 63 63 63 63 63 63 63 63 80 80 80 80 80 80 80 80 80 80 80 80 80 80 76 76 76 76 76 76 76 76 76 76 76 76 76 76 53 53 53 53 53 53 53 53 53 53 53 53 53 53 39 39 39 39 39 39 39 39 39 39 39 39 39 39 33 33 33 33 33 33 33 33 33 33 33 33 33 33 63 63 63 63 63 63 63 63 63 63 63 63 63 63 56 56 56 56 56 56 56 56 56 56 56 56 56 56 87 87 87 87 87 87 87 87 87 87 87 87 87 87 52 52 52 52 52 52 52 52 52 52 52 52 52 52 36 36 36 36 36 36 36 36 36 36 36 36 36 36
53 58 84 65 58 71 95 78 3 14 34 94 28 71 96 13 92 60 81 17 41 90 75 7 41 75 65 14 97 89 58 97 97 97 97 97 97 97 97 97 97 97 97 97 97 56 56 56 56 56 56 56 56 56 56 56 56 56 56 41 41 41 41 41 41 41 41 41 41 41 41 41 41 21 21 21 21 21 21 21 21 21 21 21 21 21 21 63 63 63 63 63 63 63 63 63 63 63 63 63 63 80 80 80 80 80 80 80 80 80 80 80 80 80 80 76 76 76 76 76 76 76 76 76 76 76 76 76 76 53 53 53 53 53 53 53 53 53 53 53 53 53 53 39 39 39 39 39 39 39 39 39 39 39 39 39 39 33 33 33 33 33 33 33 33 33 33 33 33 33 33 63 63 63 63 63 63 63 63 63 63 63 63 63 63 56 56 56 56 56 56 56 56 56 56 56 56 56 56 87 87 87 87 87 87 87 87 87 87 87 87 87 87 52 52 52 52 52 52 52 52 52 52 52 52 52 52 36 36 36 36 36 36 36 36 36 36 36 36 36 36
54 59 15 2 27 54 6 29 15 19 71 30 35 19 20 3 40 48 53 94 21 4 56 5 59 70 72 1 14 20 19 97 97 97 97 97 97 97 97 97 97 97 97 97 97 56 56 56 56 56 56 56 56 56 56 56 56 56 56 41 41 41 41 41 41 41 41 41 41 41 41 41 41 21 21 21 21 21 21 21 21 21 21 21 21 21 21 63 63 63 63 63 63 63 63 63 63 63 63 63 63 80 80 80 80 80 80 80 80 80 80 80 80 80 80 76 76 76 76 76 76 76 76 76 76 76 76 76 76 53 53 53 53 53 53 53 53 53 53 53 53 53 53 39 39 39 39 39 39 39 39 39 39 39 39 39 39 33 33 33 33 33 33 33 33 33 33 33 33 33 33 63 63 63 63 63 63 63 63 63 63 63 63 63 63 56 56 56 56 56 56 56 56 56 56 56 56 56 56 87 87 87 87 87 87 87 87 87 87 87 87 87 87 52 52 52 52 52 52 52 52 52 52 52 52 52 52 36 36 36 36 36 36 36 36 36 36 36 36 36 36
55 7 5 29 40 87 11 54 49 54 89 75 89 66 81 92 25 82 55 57 29 94 53 94 30 48 97 65 63 10 20 97 97 97 97 97 97 97 97 97 97 97 97 97 97 56 56 56 56 56 56 56 56 56 56 56 56 56 56 41 41 41 41 41 41 41 41 41 41 41 41 41 41 21 21 21 21 21 21 21 21 21 21 21 21 21 21 63 63 63 63 63 63 63 63 63 63 63 63 63 63 80 80 80 80 80 80 80 80 80 80 80 80 80 80 76 76 76 76 76 76 76 76 76 76 76 76 76 76 53 53 53 53 53 53 53 53 53 53 53 53 53 53 39 39 39 39 39 39 39 39 39 39 39 39 39 39 33 33 33 33 33 33 33 33 33 33 33 33 33 33 63 63 63 63 63 63 63 63 63 63 63 63 63 63 56 56 56 56 56 56 56 56 56 56 56 56 56 56 87 87 87 87 87 87 87 87 87 87 87 87 87 87 52 52 52 52 52 52 52 52 52 52 52 52 52 52 36 36 36 36 36 36 36 36 36 36 36 36 36 36
56 70 92 18 86 55 21 79 7 34 4 6 99 90 80 23 60 93 90 24 5 2 85 15 75 91 38 60 28 20 48 97 97 97 97 97 97 97 97 97 97 97 97 97 97 56 56 56 56 56 56 56 56 56 56 56 56 56 56 41 41 41 41 41 41 41 41 41 41 41 41 41 41 21 21 21 21 21 21 21 21 21 21 21 21 21 21 63 63 63 63 63 63 63 63 63 63 63 63 63 63 80 80 80 80 80 80 80 80 80 80 80 80 80 80 76 76 76 76 76 76 76 76 76 76 76 76 76 76 53 53 53 53 53 53 53 53 53 53 53 53 53 53 39 39 39 39 39 39 39 39 39 39 39 39 39 39 33 33 33 33 33 33 33 33 33 33 33 33 33 33 63 63 63 63 63 63 63 63 63 63 63 63 63 63 56 56 56 56 56 56 56 56 56 56 56 56 56 56 87 87 87 87 87 87 87 87 87 87 87 87 87 87 52 52 52 52 52 52 52 52 52 52 52 52 52 52 36 36 36 36 36 36 36 36 36 36 36 36 36 36
57 49 44 32 15 79 34 40 12 20 87 44 60 15 62 37 49 13 1 73 45 63 75 49 37 8 46 13 56 38 96 97 97 97 97 97 97 97 97 97 97 97 97 97 97 56 56 56 56 56 56 56 56 56 56 56 56 56 56 41 41 41 41 41 41 41 41 41 41 41 41 41 41 21 21 21 21 21 21 21 21 21 21 21 21 21 21 63 63 63 63 63 63 63 63 63 63 63 63 63 63 80 80 80 80 80 80 80 80 80 80 80 80 80 80 76 76 76 76 76 76 76 76 76 76 76 76 76 76 53 53 53 53 53 53 53 53 53 53 53 53 53 53 39 39 39 39 39 39 39 39 39 39 39 39 39 39 33 33 33 33 33 33 33 33 33 33 33 33 33 33 63 63 63 63 63 63 63 63 63 63 63 63 63 63 56 56 56 56 56 56 56 56 56 56 56 56 56 56 87 87 87 87 87 87 87 87 87 87 87 87 87 87 52 52 52 52 52 52 52 52 52 52 52 52 52 52 36 36 36 36 36 36 36 36 36 36 36 36 36 36
58 14 46 77 42 11 50 3 67 30 52 7 37 42 71 31 88 3 57 15 61 87 32 61 71 8 88 39 15 65 30 97 97 97 97 97 97 97 97 97 97 97 97 97 97 56 56 56 56 56 56 56 56 56 56 56 56 56 56 41 41 41 41 41 41 41 41 41 41 41 41 41 41 21 21 21 21 21 21 21 21 21 21 21 21 21 21 63 63 63 63 63 63 63 63 63 63 63 63 63 63 80 80 80 80 80 80 80 80 80 80 80 80 80 80 76 76 76 76 76 76 76 76 76 76 76 76 76 76 53 53 53 53 53 53 53 53 53 53 53 53 53 53 39 39 39 39 39 39 39 39 39 39 39 39 39 39 33 33 33 33 33 33 33 33 33 33 33 33 33 33 63 63 63 63 63 63 63 63 63 63 63 63 63 63 56 56 56 56 56 56 56 56 56 56 56 56 56 56 87 87 87 87 87 87 87 87 87 87 87 87 87 87 52 52 52 52 52 52 52 52 52 52 52 52 52 52 36 36 36 36 36 36 36 36 36 36 36 36 36 36
59 51 50 45 70 65 91 32 29 55 12 6 9 48 3 10 85 22 21 77 60 100 85 49 21 62 33 48 93 69 30 97 97 97 97 97 97 97 97 97 97 97 97 97 97 56 56 56 56 56 56 56 56 56 56 56 56 56 56 41 41 41 41 41 41 41 41 41 41 41 41 41 41 21 21 21 21 21 21 21 21 21 21 21 21 21 21 63 63 63 63 63 63 63 63 63 63 63 63 63 63 80 80 80 80 80 80 80 80 80 80 80 80 80 80 76 76 76 76 76 76 76 76 76 76 76 76 76 76 53 53 53 53 53 53 53 53 53 53 53 53 53 53 39 39 39 39 39 39 39 39 39 39 39 39 39 39 33 33 33 33 33 33 33 33 33 33 33 33 33 33 63 63 63 63 63 63 63 63 63 63 63 63 63 63 56 56 56 56 56 56 56 56 56 56 56 56 56 56 87 87 87 87 87 87 87 87 87 87 87 87 87 87 52 52 52 52 52 52 52 52 52 52 52 52 52 52 36 36 36 36 36 36 36 36 36 36 36 36 36 36
60 33 87 39 84 18 76 71 52 90 8 94 10 1 32 4 4 98 70 28 35 80 72 37 100 24 65 23 90 7 28 97 97 97 97 97 97 97 97 97 97 97 97 97 97 56 56 56 56 56 56 56 56 56 56 56 56 56 56 41 41 41 41 41 41 41 41 41 41 41 41 41 41 21 21 21 21 21 21 21 21 21 21 21 21 21 21 63 63 63 63 63 63 63 63 63 63 63 63 63 63 80 80 80 80 80 80 80 80 80 80 80 80 80 80 76 76 76 76 76 76 76 76 76 76 76 76 76 76 53 53 53 53 53 53 53 53 53 53 53 53 53 53 39 39 39 39 39 39 39 39 39 39 39 39 39 39 33 33 33 33 33 33 33 33 33 33 33 33 33 33 63 63 63 63 63 63 63 63 63 63 63 63 63 63 56 56 56 56 56 56 56 56 56 56 56 56 56 56 87 87 87 87 87 87 87 87 87 87 87 87 87 87 52 52 52 52 52 52 52 52 52 52 52 52 52 52 36 36 36 36 36 36 36 36 36 36 36 36 36 36
61 87 91 53 87 78 58 50 79 90 76 28 66 69 56 28 30 1 71 28 99 4 2 65 21 5 94 41 34 5 58 97 97 97 97 97 97 97 97 97 97 97 97 97 97 56 56 56 56 56 56 56 56 56 56 56 56 56 56 41 41 41 41 41 41 41 41 41 41 41 41 41 41 21 21 21 21 21 21 21 21 21 21 21 21 21 21 63 63 63 63 63 63 63 63 63 63 63 63 63 63 80 80 80 80 80 80 80 80 80 80 80 80 80 80 76 76 76 76 76 76 76 76 76 76 76 76 76 76 53 53 53 53 53 53 53 53 53 53 53 53 53 53 39 39 39 39 39 39 39 39 39 39 39 39 39 39 33 33 33 33 33 33 33 33 33 33 33 33 33 33 63 63 63 63 63 63 63 63 63 63 63 63 63 63 56 56 56 56 56 56 56 56 56 56 56 56 56 56 87 87 87 87 87 87 87 87 87 87 87 87 87 87 52 52 52 52 52 52 52 52 52 52 52 52 52 52 36 36 36 36 36 36 36 36 36 36 36 36 36 36
62 20 16 34 67 7 13 28 10 80 20 9 13 72 58 11 25 2 56 18 45 87 67 44 44 63 36 44 47 98 81 97 97 97 97 97 97 97 97 97 97 97 97 97 97 56 56 56 56 56 56 56 56 56 56 56 56 56 56 41 41 41 41 41 41 41 41 41 41 41 41 41 41 21 21 21 21 21 21 21 21 21 21 21 21 21 21 63 63 63 63 63 63 63 63 63 63 63 63 63 63 80 80 80 80 80 80 80 80 80 80 80 80 80 80 76 76 76 76 76 76 76 76 76 76 76 76 76 76 53 53 53 53 53 53 53 53 53 53 53 53 53 53 39 39 39 39 39 39 39 39 39 39 39 39 39 39 33 33 33 33 33 33 33 33 33 33 33 33 33 33 63 63 63 63 63 63 63 63 63 63 63 63 63 63 56 56 56 56 56 56 56 56 56 56 56 56 56 56 87 87 87 87 87 87 87 87 87 87 87 87 87 87 52 52 52 52 52 52 52 52 52 52 52 52 52 52 36 36 36 36 36 36 36 36 36 36 36 36 36 36
63 93 95 91 28 12 31 82 84 51 59 51 80 31 21 49 41 7 23 28 82 89 56 10 70 17 38 85 64 49 70 97 97 97 97 97 97 97 97 97 97 97 97 97 97 56 56 56 56 56 56 56 56 56 56 56 56 56 56 41 41 41 41 41 41 41 41 41 41 41 41 41 41 21 21 21 21 21 21 21 21 21 21 21 21 21 21 63 63 63 63 63 63 63 63 63 63 63 63 63 63 80 80 80 80 80 80 80 80 80 80 80 80 80 80 76 76 76 76 76 76 76 76 76 76 76 76 76 76 53 53 53 53 53 53 53 53 53 53 53 53 53 53 39 39 39 39 39 39 39 39 39 39 39 39 39 39 33 33 33 33 33 33 33 33 33 33 33 33 33 33 63 63 63 63 63 63 63 63 63 63 63 63 63 63 56 56 56 56 56 56 56 56 56 56 56 56 56 56 87 87 87 87 87 87 87 87 87 87 87 87 87 87 52 52 52 52 52 52 52 52 52 52 52 52 52 52 36 36 36 36 36 36 36 36 36 36 36 36 36 36
64 75 67 61 83 65 65 48 73 3 34 49 31 59 11 61 11 40 45 76 79 93 58 67 36 76 51 14 30 10 64 97 97 97 97 97 97 97 97 97 97 97 97 97 97 56 56 56 56 56 56 56 56 56 56 56 56 56 56 41 41 41 41 41 41 41 41 41 41 41 41 41 41 21 21 21 21 21 21 21 21 21 21 21 21 21 21 63 63 63 63 63 63 63 63 63 63 63 63 63 63 80 80 80 80 80 80 80 80 80 80 80 80 80 80 76 76 76 76 76 76 76 76 76 76 76 76 76 76 53 53 53 53 53 53 53 53 53 53 53 53 53 53 39 39 39 39 39 39 39 39 39 39 39 39 39 39 33 33 33 33 33 33 33 33 33 33 33 33 33 33 63 63 63 63 63 63 63 63 63 63 63 63 63 63 56 56 56 56 56 56 56 56 56 56 56 56 56 56 87 87 87 87 87 87 87 87 87 87 87 87 87 87 52 52 52 52 52 52 52 52 52 52 52 52 52 52 36 36 36 36 36 36 36 36 36 36 36 36 36 36
65 38 53 48 49 52 54 72 98 44 99 67 79 60 42 64 59 57 73 67 27 97 56 38 57 3 61 79 90 75 89 97 97 97 97 97 97 97 97 97 97 97 97 97 97 56 56 56 56 56 56 56 56 56 56 56 56 56 56 41 41 41 41 41 41 41 41 41 41 41 41 41 41 21 21 21 21 21 21 21 21 21 21 21 21 21 21 63 63 63 63 63 63 63 63 63 63 63 63 63 63 80 80 80 80 80 80 80 80 80 80 80 80 80 80 76 76 76 76 76 76 76 76 76 76 76 76 76 76 53 53 53 53 53 53 53 53 53 53 53 53 53 53 39 39 39 39 39 39 39 39 39 39 39 39 39 39 33 33 33 33 33 33 33 33 33 33 33 33 33 33 63 63 63 63 63 63 63 63 63 63 63 63 63 63 56 56 56 56 56 56 56 56 56 56 56 56 56 56 87 87 87 87 87 87 87 87 87 87 87 87 87 87 52 52 52 52 52 52 52 52 52 52 52 52 52 52 36 36 36 36 36 36 36 36 36 36 36 36 36 36
66 77 1 39 15 62 93 11 24 3 64 100 82 33 5 26 8 87 54 4 3 22 21 94 3 93 60 94 96 59 35 97 97 97 97 97 97 97 97 97 97 97 97 97 97 56 56 56 56 56 56 56 56 56 56 56 56 56 56 41 41 41 41 41 41 41 41 41 41 41 41 41 41 21 21 21 21 21 21 21 21 21 21 21 21 21 21 63 63 63 63 63 63 63 63 63 63 63 63 63 63 80 80 80 80 80 80 80 80 80 80 80 80 80 80 76 76 76 76 76 76 76 76 76 76 76 76 76 76 53 53 53 53 53 53 53 53 53 53 53 53 53 53 39 39 39 39 39 39 39 39 39 39 39 39 39 39 33 33 33 33 33 33 33 33 33 33 33 33 33 33 63 63 63 63 63 63 63 63 63 63 63 63 63 63 56 56 56 56 56 56 56 56 56 56 56 56 56 56 87 87 87 87 87 87 87 87 87 87 87 87 87 87 52 52 52 52 52 52 52 52 52 52 52 52 52 52 36 36 36 36 36 36 36 36 36 36 36 36 36 36
67 17 3 61 61 45 51 19 24 80 87 95 82 87 23 75 46 34 60 78 45 91 37 83 25 78 31 1 13 60 47 97 97 97 97 97 97 97 97 97 97 97 97 97 97 56 56 56 56 56 56 56 56 56 56 56 56 56 56 41 41 41 41 41 41 41 41 41 41 41 41 41 41 21 21 21 21 21 21 21 21 21 21 21 21 21 21 63 63 63 63 63 63 63 63 63 63 63 63 63 63 80 80 80 80 80 80 80 80 80 80 80 80 80 80 76 76 76 76 76 76 76 76 76 76 76 76 76 76 53 53 53 53 53 53 53 53 53 53 53 53 53 53 39 39 39 39 39 39 39 39 39 39 39 39 39 39 33 33 33 33 33 33 33 33 33 33 33 33 33 33 63 63 63 63 63 63 63 63 63 63 63 63 63 63 56 56 56 56 56 56 56 56 56 56 56 56 56 56 87 87 87 87 87 87 87 87 87 87 87 87 87 87 52 52 52 52 52 52 52 52 52 52 52 52 52 52 36 36 36 36 36 36 36 36 36 36 36 36 36 36
68 9 24 9 8 76 49 97 34 51 29 2 1 27 59 65 56 82 51 32 54 52 80 51 29 71 30 13 76 25 57 97 97 97 97 97 97 97 97 97 97 97 97 97 97 56 56 56 56 56 56 56 56 56 56 56 56 56 56 41 41 41 41 41 41 41 41 41 41 41 41 41 41 21 21 21 21 21 21 21 21 21 21 21 21 21 21 63 63 63 63 63 63 63 63 63 63 63 63 63 63 80 80 80 80 80 80 80 80 80 80 80 80 80 80 76 76 76 76 76 76 76 76 76 76 76 76 76 76 53 53 53 53 53 53 53 53 53 53 53 53 53 53 39 39 39 39 39 39 39 39 39 39 39 39 39 39 33 33 33 33 33 33 33 33 33 33 33 33 33 33 63 63 63 63 63 63 63 63 63 63 63 63 63 63 56 56 56 56 56 56 56 56 56 56 56 56 56 56 87 87 87 87 87 87 87 87 87 87 87 87 87 87 52 52 52 52 52 52 52 52 52 52 52 52 52 52 36 36 36 36 36 36 36 36 36 36 36 36 36 36
69 65 37 84 58 42 99 24 59 38 1 39 53 26 9 16 50 65 18 72 66 42 91 25 41 54 85 25 4 59 52 97 97 97 97 97 97 97 97 97 97 97 97 97 97 56 56 56 56 56 56 56 56 56 56 56 56 56 56 41 41 41 41 41 41 41 41 41 41 41 41 41 41 21 21 21 21 21 21 21 21 21 21 21 21 21 21 63 63 63 63 63 63 63 63 63 63 63 63 63 63 80 80 80 80 80 80 80 80 80 80 80 80 80 80 76 76 76 76 76 76 76 76 76 76 76 76 76 76 53 53 53 53 53 53 53 53 53 53 53 53 53 53 39 39 39 39 39 39 39 39 39 39 39 39 39 39 33 33 33 33 33 33 33 33 33 33 33 33 33 33 63 63 63 63 63 63 63 63 63 63 63 63 63 63 56 56 56 56 56 56 56 56 56 56 56 56 56 56 87 87 87 87 87 87 87 87 87 87 87 87 87 87 52 52 52 52 52 52 52 52 52 52 52 52 52 52 36 36 36 36 36 36 36 36 36 36 36 36 36 36
70 35 24 71 81 37 1 13 46 92 15 68 1 22 71 74 2 4 77 12 20 88 64 50 5 50 98 24 61 78 54 97 97 97 97 97 97 97 97 97 97 97 97 97 97 56 56 56 56 56 56 56 56 56 56 56 56 56 56 41 41 41 41 41 41 41 41 41 41 41 41 41 41 21 21 21 21 21 21 21 21 21 21 21 21 21 21 63 63 63 63 63 63 63 63 63 63 63 63 63 63 80 80 80 80 80 80 80 80 80 80 80 80 80 80 76 76 76 76 76 76 76 76 76 76 76 76 76 76 53 53 53 53 53 53 53 53 53 53 53 53 53 53 39 39 39 39 39 39 39 39 39 39 39 39 39 39 33 33 33 33 33 33 33 33 33 33 33 33 33 33 63 63 63 63 63 63 63 63 63 63 63 63 63 63 56 56 56 56 56 56 56 56 56 56 56 56 56 56 87 87 87 87 87 87 87 87 87 87 87 87 87 87 52 52 52 52 52 52 52 52 52 52 52 52 52 52 36 36 36 36 36 36 36 36 36 36 36 36 36 36
71 44 57 11 20 50 27 26 62 52 39 25 72 15 4 72 72 37 100 96 63 87 88 46 9 5 73 45 49 17 100 97 97 97 97 97 97 97 97 97 97 97 97 97 97 56 56 56 56 56 56 56 56 56 56 56 56 56 56 41 41 41 41 41 41 41 41 41 41 41 41 41 41 21 21 21 21 21 21 21 21 21 21 21 21 21 21 63 63 63 63 63 63 63 63 63 63 63 63 63 63 80 80 80 80 80 80 80 80 80 80 80 80 80 80 76 76 76 76 76 76 76 76 76 76 76 76 76 76 53 53 53 53 53 53 53 53 53 53 53 53 53 53 39 39 39 39 39 39 39 39 39 39 39 39 39 39 33 33 33 33 33 33 33 33 33 33 33 33 33 33 63 63 63 63 63 63 63 63 63 63 63 63 63 63 56 56 56 56 56 56 56 56 56 56 56 56 56 56 87 87 87 87 87 87 87 87 87 87 87 87 87 87 52 52 52 52 52 52 52 52 52 52 52 52 52 52 36 36 36 36 36 36 36 36 36 36 36 36 36 36
72 47 51 26 37 94 81 33 19 11 5 11 80 71 86 43 7 94 70 11 82 48 14 38 98 75 46 56 31 87 71 97 97 97 97 97 97 97 97 97 97 97 97 97 97 56 56 56 56 56 56 56 56 56 56 56 56 56 56 41 41 41 41 41 41 41 41 41 41 41 41 41 41 21 21 21 21 21 21 21 21 21 21 21 21 21 21 63 63 63 63 63 63 63 63 63 63 63 63 63 63 80 80 80 80 80 80 80 80 80 80 80 80 80 80 76 76 76 76 76 76 76 76 76 76 76 76 76 76 53 53 53 53 53 53 53 53 53 53 53 53 53 53 39 39 39 39 39 39 39 39 39 39 39 39 39 39 33 33 33 33 33 33 33 33 33 33 33 33 33 33 63 63 63 63 63 63 63 63 63 63 63 63 63 63 56 56 56 56 56 56 56 56 56 56 56 56 56 56 87 87 87 87 87 87 87 87 87 87 87 87 87 87 52 52 52 52 52 52 52 52 52 52 52 52 52 52 36 36 36 36 36 36 36 36 36 36 36 36 36 36
73 9 86 81 43 51 93 47 30 56 27 14 49 9 78 96 89 10 8 34 71 76 6 36 24 44 85 39 72 70 28 97 97 97 97 97 97 97 97 97 97 97 97 97 97 56 56 56 56 56 56 56 56 56 56 56 56 56 56 41 41 41 41 41 41 41 41 41 41 41 41 41 41 21 21 21 21 21 21 21 21 21 21 21 21 21 21 63 63 63 63 63 63 63 63 63 63 63 63 63 63 80 80 80 80 80 80 80 80 80 80 80 80 80 80 76 76 76 76 76 76 76 76 76 76 76 76 76 76 53 53 53 53 53 53 53 53 53 53 53 53 53 53 39 39 39 39 39 39 39 39 39 39 39 39 39 39 33 33 33 33 33 33 33 33 33 33 33 33 33 33 63 63 63 63 63 63 63 63 63 63 63 63 63 63 56 56 56 56 56 56 56 56 56 56 56 56 56 56 87 87 87 87 87 87 87 87 87 87 87 87 87 87 52 52 52 52 52 52 52 52 52 52 52 52 52 52 36 36 36 36 36 36 36 36 36 36 36 36 36 36
74 14 8 73 35 43 37 8 43 18 48 42 20 54 64 94 67 47 17 33 19 79 100 55 80 29 33 22 43 17 12 97 97 97 97 97 97 97 97 97 97 97 97 97 97 56 56 56 56 56 56 56 56 56 56 56 56 56 56 41 41 41 41 41 41 41 41 41 41 41 41 41 41 21 21 21 21 21 21 21 21 21 21 21 21 21 21 63 63 63 63 63 63 63 63 63 63 63 63 63 63 80 80 80 80 80 80 80 80 80 80 80 80 80 80 76 76 76 76 76 76 76 76 76 76 76 76 76 76 53 53 53 53 53 53 53 53 53 53 53 53 53 53 39 39 39 39 39 39 39 39 39 39 39 39 39 39 33 33 33 33 33 33 33 33 33 33 33 33 33 33 63 63 63 63 63 63 63 63 63 63 63 63 63 63 56 56 56 56 56 56 56 56 56 56 56 56 56 56 87 87 87 87 87 87 87 87 87 87 87 87 87 87 52 52 52 52 52 52 52 52 52 52 52 52 52 52 36 36 36 36 36 36 36 36 36 36 36 36 36 36
75 84 80 71 39 64 54 78 33 53 98 12 17 70 47 23 4 88 69 35 94 31 61 17 59 67 21 93 8 27 12 97 97 97 97 97 97 97 97 97 97 97 97 97 97 56 56 56 56 56 56 56 56 56 56 56 56 56 56 41 41 41 41 41 41 41 41 41 41 41 41 41 41 21 21 21 21 21 21 21 21 21 21 21 21 21 21 63 63 63 63 63 63 63 63 63 63 63 63 63 63 80 80 80 80 80 80 80 80 80 80 80 80 80 80 76 76 76 76 76 76 76 76 76 76 76 76 76 76 53 53 53 53 53 53 53 53 53 53 53 53 53 53 39 39 39 39 39 39 39 39 39 39 39 39 39 39 33 33 33 33 33 33 33 33 33 33 33 33 33 33 63 63 63 63 63 63 63 63 63 63 63 63 63 63 56 56 56 56 56 56 56 56 56 56 56 56 56 56 87 87 87 87 87 87 87 87 87 87 87 87 87 87 52 52 52 52 52 52 52 52 52 52 52 52 52 52 36 36 36 36 36 36 36 36 36 36 36 36 36 36
76 15 85 81 85 24 33 88 49 25 9 85 32 45 63 89 21 94 51 68 100 22 7 35 54 27 58 39 68 52 35 97 97 97 97 97 97 97 97 97 97 97 97 97 97 56 56 56 56 56 56 56 56 56 56 56 56 56 56 41 41 41 41 41 41 41 41 41 41 41 41 41 41 21 21 21 21 21 21 21 21 21 21 21 21 21 21 63 63 63 63 63 63 63 63 63 63 63 63 63 63 80 80 80 80 80 80 80 80 80 80 80 80 80 80 76 76 76 76 76 76 76 76 76 76 76 76 76 76 53 53 53 53 53 53 53 53 53 53 53 53 53 53 39 39 39 39 39 39 39 39 39 39 39 39 39 39 33 33 33 33 33 33 33 33 33 33 33 33 33 33 63 63 63 63 63 63 63 63 63 63 63 63 63 63 56 56 56 56 56 56 56 56 56 56 56 56 56 56 87 87 87 87 87 87 87 87 87 87 87 87 87 87 52 52 52 52 52 52 52 52 52 52 52 52 52 52 36 36 36 36 36 36 36 36 36 36 36 36 36 36
77 85 12 83 80 21 7 69 40 7 31 57 54 26 52 40 93 52 96 19 40 99 24 56 67 19 49 88 57 3 43 97 97 97 97 97 97 97 97 97 97 97 97 97 97 56 56 56 56 56 56 56 56 56 56 56 56 56 56 41 41 41 41 41 41 41 41 41 41 41 41 41 41 21 21 21 21 21 21 21 21 21 21 21 21 21 21 63 63 63 63 63 63 63 63 63 63 63 63 63 63 80 80 80 80 80 80 80 80 80 80 80 80 80 80 76 76 76 76 76 76 76 76 76 76 76 76 76 76 53 53 53 53 53 53 53 53 53 53 53 53 53 53 39 39 39 39 39 39 39 39 39 39 39 39 39 39 33 33 33 33 33 33 33 33 33 33 33 33 33 33 63 63 63 63 63 63 63 63 63 63 63 63 63 63 56 56 56 56 56 56 56 56 56 56 56 56 56 56 87 87 87 87 87 87 87 87 87 87 87 87 87 87 52 52 52 52 52 52 52 52 52 52 52 52 52 52 36 36 36 36 36 36 36 36 36 36 36 36 36 36
78 63 78 73 61 70 98 16 75 98 37 3 53 14 17 34 49 3 27 93 34 14 84 65 83 40 43 48 75 83 61 97 97 97 97 97 97 97 97 97 97 97 97 97 97 56 56 56 56 56 56 56 56 56 56 56 56 56 56 41 41 41 41 41 41 41 41 41 41 41 41 41 41 21 21 21 21 21 21 21 21 21 21 21 21 21 21 63 63 63 63 63 63 63 63 63 63 63 63 63 63 80 80 80 80 80 80 80 80 80 80 80 80 80 80 76 76 76 76 76 76 76 76 76 76 76 76 76 76 53 53 53 53 53 53 53 53 53 53 53 53 53 53 39 39 39 39 39 39 39 39 39 39 39 39 39 39 33 33 33 33 33 33 33 33 33 33 33 33 33 33 63 63 63 63 63 63 63 63 63 63 63 63 63 63 56 56 56 56 56 56 56 56 56 56 56 56 56 56 87 87 87 87 87 87 87 87 87 87 87 87 87 87 52 52 52 52 52 52 52 52 52 52 52 52 52 52 36 36 36 36 36 36 36 36 36 36 36 36 36 36
79 92 24 20 53 11 20 71 20 45 15 88 31 37 59 67 86 65 33 32 88 1 5 65 80 7 83 32 92 17 18 97 97 97 97 97 97 97 97 97 97 97 97 97 97 56 56 56 56 56 56 56 56 56 56 56 56 56 56 41 41 41 41 41 41 41 41 41 41 41 41 41 41 21 21 21 21 21 21 21 21 21 21 21 21 21 21 63 63 63 63 63 63 63 63 63 63 63 63 63 63 80 80 80 80 80 80 80 80 80 80 80 80 80 80 76 76 76 76 76 76 76 76 76 76 76 76 76 76 53 53 53 53 53 53 53 53 53 53 53 53 53 53 39 39 39 39 39 39 39 39 39 39 39 39 39 39 33 33 33 33 33 33 33 33 33 33 33 33 33 33 63 63 63 63 63 63 63 63 63 63 63 63 63 63 56 56 56 56 56 56 56 56 56 56 56 56 56 56 87 87 87 87 87 87 87 87 87 87 87 87 87 87 52 52 52 52 52 52 52 52 52 52 52 52 52 52 36 36 36 36 36 36 36 36 36 36 36 36 36 36
80 75 5 43 87 83 58 66 88 33 77 89 16 59 88 67 24 72 40 9 14 46 95 19 28 87 75 57 62 72 50 97 97 97 97 97 97 97 97 97 97 97 97 97 97 56 56 56 56 56 56 56 56 56 56 56 56 56 56 41 41 41 41 41 41 41 41 41 41 41 41 41 41 21 21 21 21 21 21 21 21 21 21 21 21 21 21 63 63 63 63 63 63 63 63 63 63 63 63 63 63 80 80 80 80 80 80 80 80 80 80 80 80 80 80 76 76 76 76 76 76 76 76 76 76 76 76 76 76 53 53 53 53 53 53 53 53 53 53 53 53 53 53 39 39 39 39 39 39 39 39 39 39 39 39 39 39 33 33 33 33 33 33 33 33 33 33 33 33 33 33 63 63 63 63 63 63 63 63 63 63 63 63 63 63 56 56 56 56 56 56 56 56 56 56 56 56 56 56 87 87 87 87 87 87 87 87 87 87 87 87 87 87 52 52 52 52 52 52 52 52 52 52 52 52 52 52 36 36 36 36 36 36 36 36 36 36 36 36 36 36
81 16 42 90 28 57 33 52 19 96 68 21 100 40 88 62 73 49 67 81 22 16 99 18 31 26 82 96 74 79 49 97 97 97 97 97 97 97 97 97 97 97 97 97 97 56 56 56 56 56 56 56 56 56 56 56 56 56 56 41 41 41 41 41 41 41 41 41 41 41 41 41 41 21 21 21 21 21 21 21 21 21 21 21 21 21 21 63 63 63 63 63 63 63 63 63 63 63 63 63 63 80 80 80 80 80 80 80 80 80 80 80 80 80 80 76 76 76 76 76 76 76 76 76 76 76 76 76 76 53 53 53 53 53 53 53 53 53 53 53 53 53 53 39 39 39 39 39 39 39 39 39 39 39 39 39 39 33 33 33 33 33 33 33 33 33 33 33 33 33 33 63 63 63 63 63 63 63 63 63 63 63 63 63 63 56 56 56 56 56 56 56 56 56 56 56 56 56 56 87 87 87 87 87 87 87 87 87 87 87 87 87 87 52 52 52 52 52 52 52 52 52 52 52 52 52 52 36 36 36 36 36 36 36 36 36 36 36 36 36 36
82 65 92 43 80 57 88 57 35 93 38 26 19 24 62 46 89 28 66 31 13 90 21 91 31 32 74 9 15 24 56 97 97 97 97 97 97 97 97 97 97 97 97 97 97 56 56 56 56 56 56 56 56 56 56 56 56 56 56 41 41 41 41 41 41 41 41 41 41 41 41 41 41 21 21 21 21 21 21 21 21 21 21 21 21 21 21 63 63 63 63 63 63 63 63 63 63 63 63 63 63 80 80 80 80 80 80 80 80 80 80 80 80 80 80 76 76 76 76 76 76 76 76 76 76 76 76 76 76 53 53 53 53 53 53 53 53 53 53 53 53 53 53 39 39 39 39 39 39 39 39 39 39 39 39 39 39 33 33 33 33 33 33 33 33 33 33 33 33 33 33 63 63 63 63 63 63 63 63 63 63 63 63 63 63 56 56 56 56 56 56 56 56 56 56 56 56 56 56 87 87 87 87 87 87 87 87 87 87 87 87 87 87 52 52 52 52 52 52 52 52 52 52 52 52 52 52 36 36 36 36 36 36 36 36 36 36 36 36 36 36
83 94 96 44 49 77 9 6 94 32 17 59 55 81 26 94 28 80 64 75 86 94 42 40 90 94 34 49 99 95 54 97 97 97 97 97 97 97 97 97 97 97 97 97 97 56 56 56 56 56 56 56 56 56 56 56 56 56 56 41 41 41 41 41 41 41 41 41 41 41 41 41 41 21 21 21 21 21 21 21 21 21 21 21 21 21 21 63 63 63 63 63 63 63 63 63 63 63 63 63 63 80 80 80 80 80 80 80 80 80 80 80 80 80 80 76 76 76 76 76 76 76 76 76 76 76 76 76 76 53 53 53 53 53 53 53 53 53 53 53 53 53 53 39 39 39 39 39 39 39 39 39 39 39 39 39 39 33 33 33 33 33 33 33 33 33 33 33 33 33 33 63 63 63 63 63 63 63 63 63 63 63 63 63 63 56 56 56 56 56 56 56 56 56 56 56 56 56 56 87 87 87 87 87 87 87 87 87 87 87 87 87 87 52 52 52 52 52 52 52 52 52 52 52 52 52 52 36 36 36 36 36 36 36 36 36 36 36 36 36 36
84 71 35 80 67 84 46 59 7 94 97 93 66 57 87 45 9 67 83 6 92 12 25 80 93 21 72 42 98 42 17 97 97 97 97 97 97 97 97 97 97 97 97 97 97 56 56 56 56 56 56 56 56 56 56 56 56 56 56 41 41 41 41 41 41 41 41 41 41 41 41 41 41 21 21 21 21 21 21 21 21 21 21 21 21 21 21 63 63 63 63 63 63 63 63 63 63 63 63 63 63 80 80 80 80 80 80 80 80 80 80 80 80 80 80 76 76 76 76 76 76 76 76 76 76 76 76 76 76 53 53 53 53 53 53 53 53 53 53 53 53 53 53 39 39 39 39 39 39 39 39 39 39 39 39 39 39 33 33 33 33 33 33 33 33 33 33 33 33 33 33 63 63 63 63 63 63 63 63 63 63 63 63 63 63 56 56 56 56 56 56 56 56 56 56 56 56 56 56 87 87 87 87 87 87 87 87 87 87 87 87 87 87 52 52 52 52 52 52 52 52 52 52 52 52 52 52 36 36 36 36 36 36 36 36 36 36 36 36 36 36
85 13 58 22 17 58 18 28 71 22 97 75 63 27 36 45 99 27 37 10 88 74 39 76 72 20 4 81 7 78 18 97 97 97 97 97 97 97 97 97 97 97 97 97 97 56 56 56 56 56 56 56 56 56 56 56 56 56 56 41 41 41 41 41 41 41 41 41 41 41 41 41 41 21 21 21 21 21 21 21 21 21 21 21 21 21 21 63 63 63 63 63 63 63 63 63 63 63 63 63 63 80 80 80 80 80 80 80 80 80 80 80 80 80 80 76 76 76 76 76 76 76 76 76 76 76 76 76 76 53 53 53 53 53 53 53 53 53 53 53 53 53 53 39 39 39 39 39 39 39 39 39 39 39 39 39 39 33 33 33 33 33 33 33 33 33 33 33 33 33 33 63 63 63 63 63 63 63 63 63 63 63 63 63 63 56 56 56 56 56 56 56 56 56 56 56 56 56 56 87 87 87 87 87 87 87 87 87 87 87 87 87 87 52 52 52 52 52 52 52 52 52 52 52 52 52 52 36 36 36 36 36 36 36 36 36 36 36 36 36 36
86 52 27 61 9 4 1 93 31 49 81 25 23 48 66 31 78 22 51 90 38 90 65 63 62 89 54 37 72 5 99 97 97 97 97 97 97 97 97 97 97 97 97 97 97 56 56 56 56 56 56 56 56 56 56 56 56 56 56 41 41 41 41 41 41 41 41 41 41 41 41 41 41 21 21 21 21 21 21 21 21 21 21 21 21 21 21 63 63 63 63 63 63 63 63 63 63 63 63 63 63 80 80 80 80 80 80 80 80 80 80 80 80 80 80 76 76 76 76 76 76 76 76 76 76 76 76 76 76 53 53 53 53 53 53 53 53 53 53 53 53 53 53 39 39 39 39 39 39 39 39 39 39 39 39 39 39 33 33 33 33 33 33 33 33 33 33 33 33 33 33 63 63 63 63 63 63 63 63 63 63 63 63 63 63 56 56 56 56 56 56 56 56 56 56 56 56 56 56 87 87 87 87 87 87 87 87 87 87 87 87 87 87 52 52 52 52 52 52 52 52 52 52 52 52 52 52 36 36 36 36 36 36 36 36 36 36 36 36 36 36
87 93 99 38 40 4 70 68 41 20 47 77 42 50 74 39 68 94 20 49 3 66 45 77 28 20 72 17 97 8 39 97 97 97 97 97 97 97 97 97 97 97 97 97 97 56 56 56 56 56 56 56 56 56 56 56 56 56 56 41 41 41 41 41 41 41 41 41 41 41 41 41 41 21 21 21 21 21 21 21 21 21 21 21 21 21 21 63 63 63 63 63 63 63 63 63 63 63 63 63 63 80 80 80 80 80 80 80 80 80 80 80 80 80 80 76 76 76 76 76 76 76 76 76 76 76 76 76 76 53 53 53 53 53 53 53 53 53 53 53 53 53 53 39 39 39 39 39 39 39 39 39 39 39 39 39 39 33 33 33 33 33 33 33 33 33 33 33 33 33 33 63 63 63 63 63 63 63 63 63 63 63 63 63 63 56 56 56 56 56 56 56 56 56 56 56 56 56 56 87 87 87 87 87 87 87 87 87 87 87 87 87 87 52 52 52 52 52 52 52 52 52 52 52 52 52 52 36 36 36 36 36 36 36 36 36 36 36 36 36 36
88 57 86 78 50 87 79 91 54 93 92 54 16 96 94 33 26 45 30 11 20 25 99 8 15 66 73 40 99 66 84 97 97 97 97 97 97 97 97 97 97 97 97 97 97 56 56 56 56 56 56 56 56 56 56 56 56 56 56 41 41 41 41 41 41 41 41 41 41 41 41 41 41 21 21 21 21 21 21 21 21 21 21 21 21 21 21 63 63 63 63 63 63 63 63 63 63 63 63 63 63 80 80 80 80 80 80 80 80 80 80 80 80 80 80 76 76 76 76 76 76 76 76 76 76 76 76 76 76 53 53 53 53 53 53 53 53 53 53 53 53 53 53 39 39 39 39 39 39 39 39 39 39 39 39 39 39 33 33 33 33 33 33 33 33 33 33 33 33 33 33 63 63 63 63 63 63 63 63 63 63 63 63 63 63 56 56 56 56 56 56 56 56 56 56 56 56 56 56 87 87 87 87 87 87 87 87 87 87 87 87 87 87 52 52 52 52 52 52 52 52 52 52 52 52 52 52 36 36 36 36 36 36 36 36 36 36 36 36 36 36
89 11 36 95 81 52 96 44 45 77 5 90 2 99 98 79 1 40 27 26 81 82 39 87 66 47 10 84 22 95 84 97 97 97 97 97 97 97 97 97 97 97 97 97 97 56 56 56 56 56 56 56 56 56 56 56 56 56 56 41 41 41 41 41 41 41 41 41 41 41 41 41 41 21 21 21 21 21 21 21 21 21 21 21 21 21 21 63 63 63 63 63 63 63 63 63 63 63 63 63 63 80 80 80 80 80 80 80 80 80 80 80 80 80 80 76 76 76 76 76 76 76 76 76 76 76 76 76 76 53 53 53 53 53 53 53 53 53 53 53 53 53 53 39 39 39 39 39 39 39 39 39 39 39 39 39 39 33 33 33 33 33 33 33 33 33 33 33 33 33 33 63 63 63 63 63 63 63 63 63 63 63 63 63 63 56 56 56 56 56 56 56 56 56 56 56 56 56 56 87 87 87 87 87 87 87 87 87 87 87 87 87 87 52 52 52 52 52 52 52 52 52 52 52 52 52 52 36 36 36 36 36 36 36 36 36 36 36 36 36 36
90 91 35 79 20 59 62 4 87 45 17 55 42 91 94 47 100 79 59 67 95 41 3 49 36 6 55 57 91 32 16 97 97 97 97 97 97 97 97 97 97 97 97 97 97 56 56 56 56 56 56 56 56 56 56 56 56 56 56 41 41 41 41 41 41 41 41 41 41 41 41 41 41 21 21 21 21 21 21 21 21 21 21 21 21 21 21 63 63 63 63 63 63 63 63 63 63 63 63 63 63 80 80 80 80 80 80 80 80 80 80 80 80 80 80 76 76 76 76 76 76 76 76 76 76 76 76 76 76 53 53 53 53 53 53 53 53 53 53 53 53 53 53 39 39 39 39 39 39 39 39 39 39 39 39 39 39 33 33 33 33 33 33 33 33 33 33 33 33 33 33 63 63 63 63 63 63 63 63 63 63 63 63 63 63 56 56 56 56 56 56 56 56 56 56 56 56 56 56 87 87 87 87 87 87 87 87 87 87 87 87 87 87 52 52 52 52 52 52 52 52 52 52 52 52 52 52 36 36 36 36 36 36 36 36 36 36 36 36 36 36
91 91 83 33 80 79 18 47 9 77 4 43 14 12 68 68 27 38 24 33 95 37 54 97 62 67 71 74 38 42 62 97 97 97 97 97 97 97 97 97 97 97 97 97 97 56 56 56 56 56 56 56 56 56 56 56 56 56 56 41 41 41 41 41 41 41 41 41 41 41 41 41 41 21 21 21 21 21 21 21 21 21 21 21 21 21 21 63 63 63 63 63 63 63 63 63 63 63 63 63 63 80 80 80 80 80 80 80 80 80 80 80 80 80 80 76 76 76 76 76 76 76 76 76 76 76 76 76 76 53 53 53 53 53 53 53 53 53 53 53 53 53 53 39 39 39 39 39 39 39 39 39 39 39 39 39 39 33 33 33 33 33 33 33 33 33 33 33 33 33 33 63 63 63 63 63 63 63 63 63 63 63 63 63 63 56 56 56 56 56 56 56 56 56 56 56 56 56 56 87 87 87 87 87 87 87 87 87 87 87 87 87 87 52 52 52 52 52 52 52 52 52 52 52 52 52 52 36 36 36 36 36 36 36 36 36 36 36 36 36 36
92 55 7 93 73 97 67 3 23 46 13 81 88 31 34 16 17 71 1 96 54 48 72 9 81 61 27 97 71 21 8 97 97 97 97 97 97 97 97 97 97 97 97 97 97 56 56 56 56 56 56 56 56 56 56 56 56 56 56 41 41 41 41 41 41 41 41 41 41 41 41 41 41 21 21 21 21 21 21 21 21 21 21 21 21 21 21 63 63 63 63 63 63 63 63 63 63 63 63 63 63 80 80 80 80 80 80 80 80 80 80 80 80 80 80 76 76 76 76 76 76 76 76 76 76 76 76 76 76 53 53 53 53 53 53 53 53 53 53 53 53 53 53 39 39 39 39 39 39 39 39 39 39 39 39 39 39 33 33 33 33 33 33 33 33 33 33 33 33 33 33 63 63 63 63 63 63 63 63 63 63 63 63 63 63 56 56 56 56 56 56 56 56 56 56 56 56 56 56 87 87 87 87 87 87 87 87 87 87 87 87 87 87 52 52 52 52 52 52 52 52 52 52 52 52 52 52 36 36 36 36 36 36 36 36 36 36 36 36 36 36
93 94 54 67 57 94 82 30 17 16 8 51 59 9 23 46 21 64 1 20 23 26 69 97 70 83 73 66 95 99 94 97 97 97 97 97 97 97 97 97 97 97 97 97 97 56 56 56 56 56 56 56 56 56 56 56 56 56 56 41 41 41 41 41 41 41 41 41 41 41 41 41 41 21 21 21 21 21 21 21 21 21 21 21 21 21 21 63 63 63 63 63 63 63 63 63 63 63 63 63 63 80 80 80 80 80 80 80 80 80 80 80 80 80 80 76 76 76 76 76 76 76 76 76 76 76 76 76 76 53 53 53 53 53 53 53 53 53 53 53 53 53 53 39 39 39 39 39 39 39 39 39 39 39 39 39 39 33 33 33 33 33 33 33 33 33 33 33 33 33 33 63 63 63 63 63 63 63 63 63 63 63 63 63 63 56 56 56 56 56 56 56 56 56 56 56 56 56 56 87 87 87 87 87 87 87 87 87 87 87 87 87 87 52 52 52 52 52 52 52 52 52 52 52 52 52 52 36 36 36 36 36 36 36 36 36 36 36 36 36 36
94 21 35 24 94 5 36 63 51 27 31 54 1 78 6 79 37 97 51 6 5 85 14 10 53 33 28 75 96 78 98 97 97 97 97 97 97 97 97 97 97 97 97 97 97 56 56 56 56 56 56 56 56 56 56 56 56 56 56 41 41 41 41 41 41 41 41 41 41 41 41 41 41 21 21 21 21 21 21 21 21 21 21 21 21 21 21 63 63 63 63 63 63 63 63 63 63 63 63 63 63 80 80 80 80 80 80 80 80 80 80 80 80 80 80 76 76 76 76 76 76 76 76 76 76 76 76 76 76 53 53 53 53 53 53 53 53 53 53 53 53 53 53 39 39 39 39 39 39 39 39 39 39 39 39 39 39 33 33 33 33 33 33 33 33 33 33 33 33 33 33 63 63 63 63 63 63 63 63 63 63 63 63 63 63 56 56 56 56 56 56 56 56 56 56 56 56 56 56 87 87 87 87 87 87 87 87 87 87 87 87 87 87 52 52 52 52 52 52 52 52 52 52 52 52 52 52 36 36 36 36 36 36 36 36 36 36 36 36 36 36
95 25 76 72 57 27 89 92 64 10 5 55 29 2 92 61 31 89 23 54 15 89 57 25 50 97 38 53 26 4 78 97 97 97 97 97 97 97 97 97 97 97 97 97 97 56 56 56 56 56 56 56 56 56 56 56 56 56 56 41 41 41 41 41 41 41 41 41 41 41 41 41 41 21 21 21 21 21 21 21 21 21 21 21 21 21 21 63 63 63 63 63 63 63 63 63 63 63 63 63 63 80 80 80 80 80 80 80 80 80 80 80 80 80 80 76 76 76 76 76 76 76 76 76 76 76 76 76 76 53 53 53 53 53 53 53 53 53 53 53 53 53 53 39 39 39 39 39 39 39 39 39 39 39 39 39 39 33 33 33 33 33 33 33 33 33 33 33 33 33 33 63 63 63 63 63 63 63 63 63 63 63 63 63 63 56 56 56 56 56 56 56 56 56 56 56 56 56 56 87 87 87 87 87 87 87 87 87 87 87 87 87 87 52 52 52 52 52 52 52 52 52 52 52 52 52 52 36 36 36 36 36 36 36 36 36 36 36 36 36 36
96 34 39 3 85 6 1 86 51 32 22 99 4 68 21 19 83 86 95 25 69 80 85 94 2 71 60 16 71 48 98 97 97 97 97 97 97 97 97 97 97 97 97 97 97 56 56 56 56 56 56 56 56 56 56 56 56 56 56 41 41 41 41 41 41 41 41 41 41 41 41 41 41 21 21 21 21 21 21 21 21 21 21 21 21 21 21 63 63 63 63 63 63 63 63 63 63 63 63 63 63 80 80 80 80 80 80 80 80 80 80 80 80 80 80 76 76 76 76 76 76 76 76 76 76 76 76 76 76 53 53 53 53 53 53 53 53 53 53 53 53 53 53 39 39 39 39 39 39 39 39 39 39 39 39 39 39 33 33 33 33 33 33 33 33 33 33 33 33 33 33 63 63 63 63 63 63 63 63 63 63 63 63 63 63 56 56 56 56 56 56 56 56 56 56 56 56 56 56 87 87 87 87 87 87 87 87 87 87 87 87 87 87 52 52 52 52 52 52 52 52 52 52 52 52 52 52 36 36 36 36 36 36 36 36 36 36 36 36 36 36
97 96 79 47 8 84 50 85 87 87 35 82 15 80 57 66 69 16 45 47 52 15 54 30 75 80 91 51 64 30 27 97 97 97 97 97 97 97 97 97 97 97 97 97 97 56 56 56 56 56 56 56 56 56 56 56 56 56 56 41 41 41 41 41 41 41 41 41 41 41 41 41 41 21 21 21 21 21 21 21 21 21 21 21 21 21 21 63 63 63 63 63 63 63 63 63 63 63 63 63 63 80 80 80 80 80 80 80 80 80 80 80 80 80 80 76 76 76 76 76 76 76 76 76 76 76 76 76 76 53 53 53 53 53 53 53 53 53 53 53 53 53 53 39 39 39 39 39 39 39 39 39 39 39 39 39 39 33 33 33 33 33 33 33 33 33 33 33 33 33 33 63 63 63 63 63 63 63 63 63 63 63 63 63 63 56 56 56 56 56 56 56 56 56 56 56 56 56 56 87 87 87 87 87 87 87 87 87 87 87 87 87 87 52 52 52 52 52 52 52 52 52 52 52 52 52 52 36 36 36 36 36 36 36 36 36 36 36 36 36 36
98 92 6 30 54 72 75 59 82 20 49 28 59 70 29 97 80 15 62 83 55 94 61 84 91 43 28 29 45 89 49 97 97 97 97 97 97 97 97 97 97 97 97 97 97 56 56 56 56 56 56 56 56 56 56 56 56 56 56 41 41 41 41 41 41 41 41 41 41 41 41 41 41 21 21 21 21 21 21 21 21 21 21 21 21 21 21 63 63 63 63 63 63 63 63 63 63 63 63 63 63 80 80 80 80 80 80 80 80 80 80 80 80 80 80 76 76 76 76 76 76 76 76 76 76 76 76 76 76 53 53 53 53 53 53 53 53 53 53 53 53 53 53 39 39 39 39 39 39 39 39 39 39 39 39 39 39 33 33 33 33 33 33 33 33 33 33 33 33 33 33 63 63 63 63 63 63 63 63 63 63 63 63 63 63 56 56 56 56 56 56 56 56 56 56 56 56 56 56 87 87 87 87 87 87 87 87 87 87 87 87 87 87 52 52 52 52 52 52 52 52 52 52 52 52 52 52 36 36 36 36 36 36 36 36 36 36 36 36 36 36
99 71 18 90 25 35 75 83 35 95 1 27 43 27 17 39 26 73 25 82 38 65 41 48 50 46 72 30 41 43 16 97 97 97 97 97 97 97 97 97 97 97 97 97 97 56 56 56 56 56 56 56 56 56 56 56 56 56 56 41 41 41 41 41 41 41 41 41 41 41 41 41 41 21 21 21 21 21 21 21 21 21 21 21 21 21 21 63 63 63 63 63 63 63 63 63 63 63 63 63 63 80 80 80 80 80 80 80 80 80 80 80 80 80 80 76 76 76 76 76 76 76 76 76 76 76 76 76 76 53 53 53 53 53 53 53 53 53 53 53 53 53 53 39 39 39 39 39 39 39 39 39 39 39 39 39 39 33 33 33 33 33 33 33 33 33 33 33 33 33 33 63 63 63 63 63 63 63 63 63 63 63 63 63 63 56 56 56 56 56 56 56 56 56 56 56 56 56 56 87 87 87 87 87 87 87 87 87 87 87 87 87 87 52 52 52 52 52 52 52 52 52 52 52 52 52 52 36 36 36 36 36 36 36 36 36 36 36 36 36 36
