5 100
2498.5 2506.5 2650.0 2585.5 2520.0
0 47 56 92 20 30 3 7 36 37 56 50 50 50 50 69 69 69 69 38 38 38 38 12 12 12 12 19 19 19 19
1 51 31 76 19 27 89 69 9 11 4 50 50 50 50 69 69 69 69 38 38 38 38 12 12 12 12 19 19 19 19
2 87 42 47 25 61 96 24 39 7 34 50 50 50 50 69 69 69 69 38 38 38 38 12 12 12 12 19 19 19 19
3 54 74 43 94 76 62 86 100 64 11 50 50 50 50 69 69 69 69 38 38 38 38 12 12 12 12 19 19 19 19
4 12 37 93 15 77 72 91 2 58 100 50 50 50 50 69 69 69 69 38 38 38 38 12 12 12 12 19 19 19 19
5 80 41 55 29 6 58 15 29 44 55 50 50 50 50 69 69 69 69 38 38 38 38 12 12 12 12 19 19 19 19
6 11 28 25 64 53 9 79 25 60 43 50 50 50 50 69 69 69 69 38 38 38 38 12 12 12 12 19 19 19 19
7 32 32 72 58 32 92 27 83 97 69 50 50 50 50 69 69 69 69 38 38 38 38 12 12 12 12 19 19 19 19
8 5 60 84 88 72 69 98 7 93 71 50 50 50 50 69 69 69 69 38 38 38 38 12 12 12 12 19 19 19 19
9 80 53 52 36 77 69 62 65 78 100 50 50 50 50 69 69 69 69 38 38 38 38 12 12 12 12 19 19 19 19
10 13 92 7 87 76 2 38 82 53 63 50 50 50 50 69 69 69 69 38 38 38 38 12 12 12 12 19 19 19 19
11 72 15 15 47 54 29 35 94 63 91 50 50 50 50 69 69 69 69 38 38 38 38 12 12 12 12 19 19 19 19
12 59 19 94 1 18 55 23 60 35 61 50 50 50 50 69 69 69 69 38 38 38 38 12 12 12 12 19 19 19 19
13 50 90 76 67 64 24 51 68 75 69 50 50 50 50 69 69 69 69 38 38 38 38 12 12 12 12 19 19 19 19
14 64 44 98 7 19 29 4 5 48 33 50 50 50 50 69 69 69 69 38 38 38 38 12 12 12 12 19 19 19 19
15 26 62 2 44 14 28 6 58 30 44 50 50 50 50 69 69 69 69 38 38 38 38 12 12 12 12 19 19 19 19
16 20 53 47 89 86 93 9 4 33 52 50 50 50 50 69 69 69 69 38 38 38 38 12 12 12 12 19 19 19 19
17 81 21 60 56 73 16 61 84 27 12 50 50 50 50 69 69 69 69 38 38 38 38 12 12 12 12 19 19 19 19
18 84 73 52 83 1 98 53 50 66 12 50 50 50 50 69 69 69 69 38 38 38 38 12 12 12 12 19 19 19 19
19 21 95 77 46 95 56 96 42 89 92 50 50 50 50 69 69 69 69 38 38 38 38 12 12 12 12 19 19 19 19
20 24 49 35 74 87 38 77 5 77 27 50 50 50 50 69 69 69 69 38 38 38 38 12 12 12 12 19 19 19 19
21 25 86 54 96 55 95 27 32 50 16 50 50 50 50 69 69 69 69 38 38 38 38 12 12 12 12 19 19 19 19
22 10 74 16 44 42 58 87 55 83 16 50 50 50 50 69 69 69 69 38 38 38 38 12 12 12 12 19 19 19 19
23 65 4 100 17 37 100 58 2 83 27 50 50 50 50 69 69 69 69 38 38 38 38 12 12 12 12 19 19 19 19
24 68 82 36 13 92 38 50 56 83 84 50 50 50 50 69 69 69 69 38 38 38 38 12 12 12 12 19 19 19 19
25 59 26 80 58 26 1 63 7 40 51 50 50 50 50 69 69 69 69 38 38 38 38 12 12 12 12 19 19 19 19
26 96 28 36 97 31 59 59 77 60 65 50 50 50 50 69 69 69 69 38 38 38 38 12 12 12 12 19 19 19 19
27 80 63 57 55 29 94 39 21 14 58 50 50 50 50 69 69 69 69 38 38 38 38 12 12 12 12 19 19 19 19
28 54 10 51 79 59 18 38 86 18 21 50 50 50 50 69 69 69 69 38 38 38 38 12 12 12 12 19 19 19 19
29 40 97 73 56 41 87 19 100 74 61 50 50 50 50 69 69 69 69 38 38 38 38 12 12 12 12 19 19 19 19
30 6 39 15 71 75 58 86 52 53 52 50 50 50 50 69 69 69 69 38 38 38 38 12 12 12 12 19 19 19 19
31 91 10 49 2 2 64 49 36 90 75 50 50 50 50 69 69 69 69 38 38 38 38 12 12 12 12 19 19 19 19
32 49 98 4 47 64 67 97 78 84 70 50 50 50 50 69 69 69 69 38 38 38 38 12 12 12 12 19 19 19 19
33 7 10 96 64 16 79 55 38 5 73 50 50 50 50 69 69 69 69 38 38 38 38 12 12 12 12 19 19 19 19
34 19 18 5 72 38 75 17 26 75 96 50 50 50 50 69 69 69 69 38 38 38 38 12 12 12 12 19 19 19 19
35 46 92 41 10 18 80 27 23 12 4 50 50 50 50 69 69 69 69 38 38 38 38 12 12 12 12 19 19 19 19
36 56 27 48 53 14 46 97 84 89 73 50 50 50 50 69 69 69 69 38 38 38 38 12 12 12 12 19 19 19 19
37 20 88 6 64 17 54 82 55 43 57 50 50 50 50 69 69 69 69 38 38 38 38 12 12 12 12 19 19 19 19
38 52 50 76 13 65 89 38 80 15 52 50 50 50 50 69 69 69 69 38 38 38 38 12 12 12 12 19 19 19 19
39 13 35 31 33 80 93 72 11 63 91 50 50 50 50 69 69 69 69 38 38 38 38 12 12 12 12 19 19 19 19
40 76 56 89 88 2 53 10 23 44 34 50 50 50 50 69 69 69 69 38 38 38 38 12 12 12 12 19 19 19 19
41 2 2 1 76 2 38 38 30 82 29 50 50 50 50 69 69 69 69 38 38 38 38 12 12 12 12 19 19 19 19
42 77 7 49 19 7 78 52 61 15 1 50 50 50 50 69 69 69 69 38 38 38 38 12 12 12 12 19 19 19 19
43 28 19 80 61 33 43 48 63 47 63 50 50 50 50 69 69 69 69 38 38 38 38 12 12 12 12 19 19 19 19
44 21 87 98 87 96 54 59 1 46 33 50 50 50 50 69 69 69 69 38 38 38 38 12 12 12 12 19 19 19 19
45 64 19 79 52 75 96 44 82 8 54 50 50 50 50 69 69 69 69 38 38 38 38 12 12 12 12 19 19 19 19
46 68 72 83 29 100 38 51 25 1 71 50 50 50 50 69 69 69 69 38 38 38 38 12 12 12 12 19 19 19 19
47 16 83 78 17 53 12 1 1 73 24 50 50 50 50 69 69 69 69 38 38 38 38 12 12 12 12 19 19 19 19
48 75 52 10 74 64 57 13 17 29 77 50 50 50 50 69 69 69 69 38 38 38 38 12 12 12 12 19 19 19 19
49 92 84 5 68 56 52 77 42 26 4 50 50 50 50 69 69 69 69 38 38 38 38 12 12 12 12 19 19 19 19
50 83 45 71 24 41 11 97 49 29 43 50 50 50 50 69 69 69 69 38 38 38 38 12 12 12 12 19 19 19 19
51 92 81 12 49 20 46 91 39 54 41 50 50 50 50 69 69 69 69 38 38 38 38 12 12 12 12 19 19 19 19
52 31 93 24 12 28 91 91 57 61 17 50 50 50 50 69 69 69 69 38 38 38 38 12 12 12 12 19 19 19 19
53 95 97 71 97 26 95 69 71 76 17 50 50 50 50 69 69 69 69 38 38 38 38 12 12 12 12 19 19 19 19
54 89 65 58 8 57 57 67 97 85 77 50 50 50 50 69 69 69 69 38 38 38 38 12 12 12 12 19 19 19 19
55 19 1 5 38 31 10 44 17 5 18 50 50 50 50 69 69 69 69 38 38 38 38 12 12 12 12 19 19 19 19
56 9 80 60 24 69 29 94 34 81 69 50 50 50 50 69 69 69 69 38 38 38 38 12 12 12 12 19 19 19 19
57 93 55 12 48 79 97 48 32 4 35 50 50 50 50 69 69 69 69 38 38 38 38 12 12 12 12 19 19 19 19
58 22 78 36 89 26 10 3 95 85 95 50 50 50 50 69 69 69 69 38 38 38 38 12 12 12 12 19 19 19 19
59 98 11 46 31 6 4 57 60 6 88 50 50 50 50 69 69 69 69 38 38 38 38 12 12 12 12 19 19 19 19
60 81 63 81 31 83 88 95 60 100 32 50 50 50 50 69 69 69 69 38 38 38 38 12 12 12 12 19 19 19 19
61 78 76 14 9 40 33 64 76 60 10 50 50 50 50 69 69 69 69 38 38 38 38 12 12 12 12 19 19 19 19
62 37 86 77 21 87 29 61 67 56 35 50 50 50 50 69 69 69 69 38 38 38 38 12 12 12 12 19 19 19 19
63 95 68 16 82 76 8 90 45 30 40 50 50 50 50 69 69 69 69 38 38 38 38 12 12 12 12 19 19 19 19
64 86 30 62 59 60 12 45 4 100 62 50 50 50 50 69 69 69 69 38 38 38 38 12 12 12 12 19 19 19 19
65 45 23 97 75 74 64 98 45 85 85 50 50 50 50 69 69 69 69 38 38 38 38 12 12 12 12 19 19 19 19
66 48 94 92 2 71 88 75 62 30 91 50 50 50 50 69 69 69 69 38 38 38 38 12 12 12 12 19 19 19 19
67 100 20 2 70 45 19 88 76 61 51 50 50 50 50 69 69 69 69 38 38 38 38 12 12 12 12 19 19 19 19
68 96 23 80 87 34 59 40 59 17 96 50 50 50 50 69 69 69 69 38 38 38 38 12 12 12 12 19 19 19 19
69 84 47 85 66 54 52 64 81 57 30 50 50 50 50 69 69 69 69 38 38 38 38 12 12 12 12 19 19 19 19
70 98 23 86 45 37 80 14 85 8 28 50 50 50 50 69 69 69 69 38 38 38 38 12 12 12 12 19 19 19 19
71 73 45 1 20 42 98 60 97 38 4 50 50 50 50 69 69 69 69 38 38 38 38 12 12 12 12 19 19 19 19
72 17 6 67 13 84 87 32 76 41 40 50 50 50 50 69 69 69 69 38 38 38 38 12 12 12 12 19 19 19 19
73 37 85 54 51 52 28 85 100 81 75 50 50 50 50 69 69 69 69 38 38 38 38 12 12 12 12 19 19 19 19
74 89 84 64 25 80 72 83 18 78 73 50 50 50 50 69 69 69 69 38 38 38 38 12 12 12 12 19 19 19 19
75 97 17 58 94 47 100 90 79 80 99 50 50 50 50 69 69 69 69 38 38 38 38 12 12 12 12 19 19 19 19
76 78 52 36 23 43 20 34 64 16 100 50 50 50 50 69 69 69 69 38 38 38 38 12 12 12 12 19 19 19 19
77 44 37 7 66 26 91 10 58 14 1 50 50 50 50 69 69 69 69 38 38 38 38 12 12 12 12 19 19 19 19
78 6 40 21 18 52 27 87 34 39 32 50 50 50 50 69 69 69 69 38 38 38 38 12 12 12 12 19 19 19 19
79 12 21 91 94 92 38 30 8 42 59 50 50 50 50 69 69 69 69 38 38 38 38 12 12 12 12 19 19 19 19
80 5 85 100 56 74 22 85 74 11 51 50 50 50 50 69 69 69 69 38 38 38 38 12 12 12 12 19 19 19 19
81 73 45 20 80 19 40 45 42 48 56 50 50 50 50 69 69 69 69 38 38 38 38 12 12 12 12 19 19 19 19
82 91 75 93 81 86 87 81 41 96 81 50 50 50 50 69 69 69 69 38 38 38 38 12 12 12 12 19 19 19 19
83 27 35 47 74 83 61 15 65 44 48 50 50 50 50 69 69 69 69 38 38 38 38 12 12 12 12 19 19 19 19
84 52 20 86 14 51 3 49 80 93 41 50 50 50 50 69 69 69 69 38 38 38 38 12 12 12 12 19 19 19 19
85 23 5 53 4 1 71 47 91 99 74 50 50 50 50 69 69 69 69 38 38 38 38 12 12 12 12 19 19 19 19
86 53 84 14 93 17 38 80 87 94 52 50 50 50 50 69 69 69 69 38 38 38 38 12 12 12 12 19 19 19 19
87 31 84 92 95 37 4 8 47 28 48 50 50 50 50 69 69 69 69 38 38 38 38 12 12 12 12 19 19 19 19
88 81 1 62 12 73 33 11 86 65 60 50 50 50 50 69 69 69 69 38 38 38 38 12 12 12 12 19 19 19 19
89 68 52 38 55 97 53 6 85 77 29 50 50 50 50 69 69 69 69 38 38 38 38 12 12 12 12 19 19 19 19
90 71 36 51 71 74 1 35 47 4 72 50 50 50 50 69 69 69 69 38 38 38 38 12 12 12 12 19 19 19 19
91 10 95 11 38 78 25 88 17 91 96 50 50 50 50 69 69 69 69 38 38 38 38 12 12 12 12 19 19 19 19
92 80 25 18 46 52 22 91 51 37 27 50 50 50 50 69 69 69 69 38 38 38 38 12 12 12 12 19 19 19 19
93 39 27 30 83 73 38 67 58 97 28 50 50 50 50 69 69 69 69 38 38 38 38 12 12 12 12 19 19 19 19
94 25 44 23 44 38 52 8 93 87 52 50 50 50 50 69 69 69 69 38 38 38 38 12 12 12 12 19 19 19 19
95 93 64 69 20 4 82 9 78 85 50 50 50 50 50 69 69 69 69 38 38 38 38 12 12 12 12 19 19 19 19
96 39 49 36 81 23 73 71 7 85 3 50 50 50 50 69 69 69 69 38 38 38 38 12 12 12 12 19 19 19 19
97 43 40 100 23 93 35 82 67 84 38 50 50 50 50 69 69 69 69 38 38 38 38 12 12 12 12 19 19 19 19
98 38 39 76 11 9 87 93 55 98 6 50 50 50 50 69 69 69 69 38 38 38 38 12 12 12 12 19 19 19 19
99 87 61 99 97 25 67 10 44 4 54 50 50 50 50 69 69 69 69 38 38 38 38 12 12 12 12 19 19 19 19
