5 100
3995 4220 4146 4177 3746
0 53 77 73 87 97 47 10 44 9 71 35 35 35 35 96 96 96 96 73 73 73 73 53 53 53 53 62 62 62 62
1 23 63 68 96 35 63 39 19 47 10 35 35 35 35 96 96 96 96 73 73 73 73 53 53 53 53 62 62 62 62
2 95 45 83 42 18 26 60 90 63 73 35 35 35 35 96 96 96 96 73 73 73 73 53 53 53 53 62 62 62 62
3 15 16 46 72 86 63 33 98 70 29 35 35 35 35 96 96 96 96 73 73 73 73 53 53 53 53 62 62 62 62
4 38 51 6 72 62 94 51 62 39 37 35 35 35 35 96 96 96 96 73 73 73 73 53 53 53 53 62 62 62 62
5 78 37 42 97 26 77 8 48 85 32 35 35 35 35 96 96 96 96 73 73 73 73 53 53 53 53 62 62 62 62
6 15 38 32 78 69 62 79 79 12 74 35 35 35 35 96 96 96 96 73 73 73 73 53 53 53 53 62 62 62 62
7 21 89 66 45 42 72 17 24 17 60 35 35 35 35 96 96 96 96 73 73 73 73 53 53 53 53 62 62 62 62
8 46 8 95 79 12 58 44 70 6 97 35 35 35 35 96 96 96 96 73 73 73 73 53 53 53 53 62 62 62 62
9 82 30 81 49 44 18 50 94 36 66 35 35 35 35 96 96 96 96 73 73 73 73 53 53 53 53 62 62 62 62
10 24 68 11 94 57 10 69 69 83 81 35 35 35 35 96 96 96 96 73 73 73 73 53 53 53 53 62 62 62 62
11 90 48 28 67 93 78 60 42 3 6 35 35 35 35 96 96 96 96 73 73 73 73 53 53 53 53 62 62 62 62
12 31 24 32 20 10 88 62 66 64 78 35 35 35 35 96 96 96 96 73 73 73 73 53 53 53 53 62 62 62 62
13 18 4 80 58 7 27 20 89 70 42 35 35 35 35 96 96 96 96 73 73 73 73 53 53 53 53 62 62 62 62
14 5 44 85 27 75 94 85 29 71 23 35 35 35 35 96 96 96 96 73 73 73 73 53 53 53 53 62 62 62 62
15 83 69 95 66 24 4 84 40 82 37 35 35 35 35 96 96 96 96 73 73 73 73 53 53 53 53 62 62 62 62
16 82 34 88 47 1 87 71 34 96 84 35 35 35 35 96 96 96 96 73 73 73 73 53 53 53 53 62 62 62 62
17 58 22 56 20 53 67 53 31 95 60 35 35 35 35 96 96 96 96 73 73 73 73 53 53 53 53 62 62 62 62
18 20 48 28 94 96 35 33 81 51 82 35 35 35 35 96 96 96 96 73 73 73 73 53 53 53 53 62 62 62 62
19 67 58 36 71 66 95 11 39 4 16 35 35 35 35 96 96 96 96 73 73 73 73 53 53 53 53 62 62 62 62
20 53 37 25 74 34 91 31 69 29 15 35 35 35 35 96 96 96 96 73 73 73 73 53 53 53 53 62 62 62 62
21 99 12 91 4 71 42 32 18 73 67 35 35 35 35 96 96 96 96 73 73 73 73 53 53 53 53 62 62 62 62
22 24 88 64 70 80 65 71 94 42 47 35 35 35 35 96 96 96 96 73 73 73 73 53 53 53 53 62 62 62 62
23 3 8 56 53 63 55 1 2 57 34 35 35 35 35 96 96 96 96 73 73 73 73 53 53 53 53 62 62 62 62
24 14 91 22 40 81 32 90 13 77 11 35 35 35 35 96 96 96 96 73 73 73 73 53 53 53 53 62 62 62 62
25 67 100 66 24 71 20 9 62 23 59 35 35 35 35 96 96 96 96 73 73 73 73 53 53 53 53 62 62 62 62
26 64 99 6 82 94 50 14 60 26 18 35 35 35 35 96 96 96 96 73 73 73 73 53 53 53 53 62 62 62 62
27 85 64 21 54 43 6 44 8 95 2 35 35 35 35 96 96 96 96 73 73 73 73 53 53 53 53 62 62 62 62
28 76 37 95 42 77 14 22 59 48 35 35 35 35 35 96 96 96 96 73 73 73 73 53 53 53 53 62 62 62 62
29 90 86 98 2 100 98 98 2 16 16 35 35 35 35 96 96 96 96 73 73 73 73 53 53 53 53 62 62 62 62
30 19 96 25 96 88 68 52 23 98 32 35 35 35 35 96 96 96 96 73 73 73 73 53 53 53 53 62 62 62 62
31 39 78 85 13 12 4 72 67 97 70 35 35 35 35 96 96 96 96 73 73 73 73 53 53 53 53 62 62 62 62
32 49 65 27 93 85 37 98 57 92 91 35 35 35 35 96 96 96 96 73 73 73 73 53 53 53 53 62 62 62 62
33 53 31 79 20 51 14 47 44 83 96 35 35 35 35 96 96 96 96 73 73 73 73 53 53 53 53 62 62 62 62
34 82 67 93 7 93 55 70 64 38 21 35 35 35 35 96 96 96 96 73 73 73 73 53 53 53 53 62 62 62 62
35 7 45 85 97 76 86 5 37 41 17 35 35 35 35 96 96 96 96 73 73 73 73 53 53 53 53 62 62 62 62
36 6 43 8 2 10 72 17 23 38 9 35 35 35 35 96 96 96 96 73 73 73 73 53 53 53 53 62 62 62 62
37 41 32 2 75 67 25 46 26 51 34 35 35 35 35 96 96 96 96 73 73 73 73 53 53 53 53 62 62 62 62
38 27 87 84 4 55 89 49 38 17 21 35 35 35 35 96 96 96 96 73 73 73 73 53 53 53 53 62 62 62 62
39 56 75 21 74 2 7 55 77 87 16 35 35 35 35 96 96 96 96 73 73 73 73 53 53 53 53 62 62 62 62
40 93 91 73 7 85 14 52 57 85 9 35 35 35 35 96 96 96 96 73 73 73 73 53 53 53 53 62 62 62 62
41 83 64 27 61 5 90 60 15 83 12 35 35 35 35 96 96 96 96 73 73 73 73 53 53 53 53 62 62 62 62
42 79 16 46 98 6 100 85 15 58 31 35 35 35 35 96 96 96 96 73 73 73 73 53 53 53 53 62 62 62 62
43 90 77 8 25 7 86 39 85 41 47 35 35 35 35 96 96 96 96 73 73 73 73 53 53 53 53 62 62 62 62
44 68 32 19 99 43 21 99 62 49 65 35 35 35 35 96 96 96 96 73 73 73 73 53 53 53 53 62 62 62 62
45 5 88 54 4 51 3 15 60 80 5 35 35 35 35 96 96 96 96 73 73 73 73 53 53 53 53 62 62 62 62
46 7 6 19 1 29 74 83 2 38 24 35 35 35 35 96 96 96 96 73 73 73 73 53 53 53 53 62 62 62 62
47 15 46 69 21 79 85 45 78 64 9 35 35 35 35 96 96 96 96 73 73 73 73 53 53 53 53 62 62 62 62
48 66 80 91 21 12 42 12 95 32 93 35 35 35 35 96 96 96 96 73 73 73 73 53 53 53 53 62 62 62 62
49 75 47 84 73 36 99 17 35 12 37 35 35 35 35 96 96 96 96 73 73 73 73 53 53 53 53 62 62 62 62
50 78 20 53 52 52 88 65 81 1 76 35 35 35 35 96 96 96 96 73 73 73 73 53 53 53 53 62 62 62 62
51 62 91 46 45 76 50 78 37 66 11 35 35 35 35 96 96 96 96 73 73 73 73 53 53 53 53 62 62 62 62
52 5 62 57 17 79 74 15 64 40 22 35 35 35 35 96 96 96 96 73 73 73 73 53 53 53 53 62 62 62 62
53 2 83 98 99 95 78 42 1 77 62 35 35 35 35 96 96 96 96 73 73 73 73 53 53 53 53 62 62 62 62
54 27 57 66 65 95 9 93 59 100 51 35 35 35 35 96 96 96 96 73 73 73 73 53 53 53 53 62 62 62 62
55 28 1 73 53 88 8 97 44 9 65 35 35 35 35 96 96 96 96 73 73 73 73 53 53 53 53 62 62 62 62
56 79 54 30 98 88 3 73 11 79 59 35 35 35 35 96 96 96 96 73 73 73 73 53 53 53 53 62 62 62 62
57 95 58 31 56 79 100 40 12 20 53 35 35 35 35 96 96 96 96 73 73 73 73 53 53 53 53 62 62 62 62
58 65 8 49 48 46 72 32 76 42 57 35 35 35 35 96 96 96 96 73 73 73 73 53 53 53 53 62 62 62 62
59 57 7 35 89 65 97 91 36 88 8 35 35 35 35 96 96 96 96 73 73 73 73 53 53 53 53 62 62 62 62
60 96 15 89 76 15 34 78 80 100 14 35 35 35 35 96 96 96 96 73 73 73 73 53 53 53 53 62 62 62 62
61 72 74 100 35 8 43 40 94 46 93 35 35 35 35 96 96 96 96 73 73 73 73 53 53 53 53 62 62 62 62
62 42 19 16 4 44 62 65 12 96 2 35 35 35 35 96 96 96 96 73 73 73 73 53 53 53 53 62 62 62 62
63 56 7 29 24 99 76 78 5 89 100 35 35 35 35 96 96 96 96 73 73 73 73 53 53 53 53 62 62 62 62
64 16 49 20 87 38 73 52 89 36 81 35 35 35 35 96 96 96 96 73 73 73 73 53 53 53 53 62 62 62 62
65 100 37 5 61 16 41 62 17 39 11 35 35 35 35 96 96 96 96 73 73 73 73 53 53 53 53 62 62 62 62
66 27 91 46 88 27 31 82 31 31 51 35 35 35 35 96 96 96 96 73 73 73 73 53 53 53 53 62 62 62 62
67 10 87 48 67 41 82 90 58 91 19 35 35 35 35 96 96 96 96 73 73 73 73 53 53 53 53 62 62 62 62
68 61 42 92 85 98 53 96 99 45 49 35 35 35 35 96 96 96 96 73 73 73 73 53 53 53 53 62 62 62 62
69 89 80 25 41 21 99 17 79 90 85 35 35 35 35 96 96 96 96 73 73 73 73 53 53 53 53 62 62 62 62
70 83 67 58 56 58 33 76 72 32 29 35 35 35 35 96 96 96 96 73 73 73 73 53 53 53 53 62 62 62 62
71 68 95 66 11 32 13 81 64 3 87 35 35 35 35 96 96 96 96 73 73 73 73 53 53 53 53 62 62 62 62
72 70 58 90 25 93 42 55 46 95 29 35 35 35 35 96 96 96 96 73 73 73 73 53 53 53 53 62 62 62 62
73 42 43 17 41 69 19 54 74 40 65 35 35 35 35 96 96 96 96 73 73 73 73 53 53 53 53 62 62 62 62
74 63 13 27 45 14 84 19 34 58 19 35 35 35 35 96 96 96 96 73 73 73 73 53 53 53 53 62 62 62 62
75 29 28 91 67 5 25 82 21 65 90 35 35 35 35 96 96 96 96 73 73 73 73 53 53 53 53 62 62 62 62
76 13 61 19 20 87 28 80 100 94 56 35 35 35 35 96 96 96 96 73 73 73 73 53 53 53 53 62 62 62 62
77 11 99 94 4 89 83 6 15 58 84 35 35 35 35 96 96 96 96 73 73 73 73 53 53 53 53 62 62 62 62
78 8 22 62 17 50 16 56 70 68 52 35 35 35 35 96 96 96 96 73 73 73 73 53 53 53 53 62 62 62 62
79 35 66 60 92 73 58 72 84 77 85 35 35 35 35 96 96 96 96 73 73 73 73 53 53 53 53 62 62 62 62
80 20 62 55 5 52 45 78 50 64 72 35 35 35 35 96 96 96 96 73 73 73 73 53 53 53 53 62 62 62 62
81 50 97 89 40 47 14 29 18 38 1 35 35 35 35 96 96 96 96 73 73 73 73 53 53 53 53 62 62 62 62
82 10 31 93 68 32 12 56 51 86 95 35 35 35 35 96 96 96 96 73 73 73 73 53 53 53 53 62 62 62 62
83 40 40 65 59 11 51 90 83 86 64 35 35 35 35 96 96 96 96 73 73 73 73 53 53 53 53 62 62 62 62
84 54 40 1 58 73 62 76 18 49 4 35 35 35 35 96 96 96 96 73 73 73 73 53 53 53 53 62 62 62 62
85 82 3 75 76 73 49 65 67 71 31 35 35 35 35 96 96 96 96 73 73 73 73 53 53 53 53 62 62 62 62
86 11 59 54 91 37 3 14 71 12 47 35 35 35 35 96 96 96 96 73 73 73 73 53 53 53 53 62 62 62 62
87 82 41 41 92 52 94 33 69 95 51 35 35 35 35 96 96 96 96 73 73 73 73 53 53 53 53 62 62 62 62
88 8 30 75 70 8 16 86 41 94 82 35 35 35 35 96 96 96 96 73 73 73 73 53 53 53 53 62 62 62 62
89 4 81 20 25 58 54 69 99 68 97 35 35 35 35 96 96 96 96 73 73 73 73 53 53 53 53 62 62 62 62
90 62 7 23 14 85 84 55 85 50 64 35 35 35 35 96 96 96 96 73 73 73 73 53 53 53 53 62 62 62 62
91 86 10 2 79 42 60 48 47 42 34 35 35 35 35 96 96 96 96 73 73 73 73 53 53 53 53 62 62 62 62
92 31 84 41 12 12 6 55 10 1 75 35 35 35 35 96 96 96 96 73 73 73 73 53 53 53 53 62 62 62 62
93 34 49 12 89 35 51 43 52 13 73 35 35 35 35 96 96 96 96 73 73 73 73 53 53 53 53 62 62 62 62
94 75 33 64 43 69 43 87 48 53 17 35 35 35 35 96 96 96 96 73 73 73 73 53 53 53 53 62 62 62 62
95 16 90 45 40 38 92 12 86 70 53 35 35 35 35 96 96 96 96 73 73 73 73 53 53 53 53 62 62 62 62
96 94 24 45 77 3 79 87 83 12 37 35 35 35 35 96 96 96 96 73 73 73 73 53 53 53 53 62 62 62 62
97 40 29 71 86 70 24 51 82 64 28 35 35 35 35 96 96 96 96 73 73 73 73 53 53 53 53 62 62 62 62
98 41 1 11 19 6 45 37 97 66 58 35 35 35 35 96 96 96 96 73 73 73 73 53 53 53 53 62 62 62 62
99 46 28 95 48 69 16 11 5 24 34 35 35 35 35 96 96 96 96 73 73 73 73 53 53 53 53 62 62 62 62
