5 100
1004.8000000000001 995.6 998.2 1080.0 970.0
0 21 47 64 10 77 85 74 17 98 20 91 91 91 91 8 8 8 8 3 3 3 3 53 53 53 53 14 14 14 14
1 76 78 94 7 26 20 52 40 80 32 91 91 91 91 8 8 8 8 3 3 3 3 53 53 53 53 14 14 14 14
2 30 9 2 10 57 8 43 45 39 46 91 91 91 91 8 8 8 8 3 3 3 3 53 53 53 53 14 14 14 14
3 92 15 1 30 64 82 67 55 33 8 91 91 91 91 8 8 8 8 3 3 3 3 53 53 53 53 14 14 14 14
4 34 68 52 41 2 54 10 78 74 37 91 91 91 91 8 8 8 8 3 3 3 3 53 53 53 53 14 14 14 14
5 87 55 66 37 48 90 60 1 39 40 91 91 91 91 8 8 8 8 3 3 3 3 53 53 53 53 14 14 14 14
6 98 76 96 2 75 8 41 2 99 13 91 91 91 91 8 8 8 8 3 3 3 3 53 53 53 53 14 14 14 14
7 18 32 4 22 50 66 66 9 100 10 91 91 91 91 8 8 8 8 3 3 3 3 53 53 53 53 14 14 14 14
8 44 9 53 91 88 73 87 89 57 18 91 91 91 91 8 8 8 8 3 3 3 3 53 53 53 53 14 14 14 14
9 21 89 2 94 51 27 63 27 52 81 91 91 91 91 8 8 8 8 3 3 3 3 53 53 53 53 14 14 14 14
10 73 5 84 97 17 19 96 33 17 44 91 91 91 91 8 8 8 8 3 3 3 3 53 53 53 53 14 14 14 14
11 62 40 42 81 77 85 8 84 3 22 91 91 91 91 8 8 8 8 3 3 3 3 53 53 53 53 14 14 14 14
12 9 55 93 39 98 100 27 34 58 18 91 91 91 91 8 8 8 8 3 3 3 3 53 53 53 53 14 14 14 14
13 20 99 31 19 45 25 33 13 90 98 91 91 91 91 8 8 8 8 3 3 3 3 53 53 53 53 14 14 14 14
14 63 9 49 81 29 41 23 93 77 83 91 91 91 91 8 8 8 8 3 3 3 3 53 53 53 53 14 14 14 14
15 10 99 28 98 49 20 36 39 4 22 91 91 91 91 8 8 8 8 3 3 3 3 53 53 53 53 14 14 14 14
16 23 79 14 24 33 31 80 68 67 73 91 91 91 91 8 8 8 8 3 3 3 3 53 53 53 53 14 14 14 14
17 66 16 42 56 17 20 99 48 85 86 91 91 91 91 8 8 8 8 3 3 3 3 53 53 53 53 14 14 14 14
18 48 5 76 37 46 24 15 32 89 7 91 91 91 91 8 8 8 8 3 3 3 3 53 53 53 53 14 14 14 14
19 90 82 80 37 51 80 1 61 68 13 91 91 91 91 8 8 8 8 3 3 3 3 53 53 53 53 14 14 14 14
20 43 14 83 70 47 44 50 94 17 24 91 91 91 91 8 8 8 8 3 3 3 3 53 53 53 53 14 14 14 14
21 51 56 58 21 69 7 37 17 93 81 91 91 91 91 8 8 8 8 3 3 3 3 53 53 53 53 14 14 14 14
22 74 61 98 97 61 74 5 29 21 19 91 91 91 91 8 8 8 8 3 3 3 3 53 53 53 53 14 14 14 14
23 36 49 7 43 11 66 19 68 36 15 91 91 91 91 8 8 8 8 3 3 3 3 53 53 53 53 14 14 14 14
24 8 57 62 18 38 75 32 86 58 21 91 91 91 91 8 8 8 8 3 3 3 3 53 53 53 53 14 14 14 14
25 77 16 38 64 10 60 47 90 41 65 91 91 91 91 8 8 8 8 3 3 3 3 53 53 53 53 14 14 14 14
26 86 58 88 52 32 79 12 52 50 23 91 91 91 91 8 8 8 8 3 3 3 3 53 53 53 53 14 14 14 14
27 60 88 56 91 10 74 68 19 34 26 91 91 91 91 8 8 8 8 3 3 3 3 53 53 53 53 14 14 14 14
28 34 39 20 27 4 20 97 91 92 73 91 91 91 91 8 8 8 8 3 3 3 3 53 53 53 53 14 14 14 14
29 34 80 88 68 74 7 32 28 38 64 91 91 91 91 8 8 8 8 3 3 3 3 53 53 53 53 14 14 14 14
30 64 4 10 1 96 39 21 58 49 90 91 91 91 91 8 8 8 8 3 3 3 3 53 53 53 53 14 14 14 14
31 93 27 88 27 53 28 4 30 55 16 91 91 91 91 8 8 8 8 3 3 3 3 53 53 53 53 14 14 14 14
32 68 70 56 8 40 86 2 98 36 51 91 91 91 91 8 8 8 8 3 3 3 3 53 53 53 53 14 14 14 14
33 67 84 40 79 49 90 21 85 73 38 91 91 91 91 8 8 8 8 3 3 3 3 53 53 53 53 14 14 14 14
34 10 91 33 97 38 53 61 85 13 41 91 91 91 91 8 8 8 8 3 3 3 3 53 53 53 53 14 14 14 14
35 22 23 76 66 26 43 14 4 5 56 91 91 91 91 8 8 8 8 3 3 3 3 53 53 53 53 14 14 14 14
36 34 32 81 85 48 84 18 46 30 91 91 91 91 91 8 8 8 8 3 3 3 3 53 53 53 53 14 14 14 14
37 84 78 8 5 61 30 67 30 39 96 91 91 91 91 8 8 8 8 3 3 3 3 53 53 53 53 14 14 14 14
38 34 33 57 24 56 34 72 72 39 86 91 91 91 91 8 8 8 8 3 3 3 3 53 53 53 53 14 14 14 14
39 60 91 22 70 80 54 84 86 89 39 91 91 91 91 8 8 8 8 3 3 3 3 53 53 53 53 14 14 14 14
40 32 56 54 98 29 43 97 2 93 61 91 91 91 91 8 8 8 8 3 3 3 3 53 53 53 53 14 14 14 14
41 55 31 20 63 83 59 25 84 21 55 91 91 91 91 8 8 8 8 3 3 3 3 53 53 53 53 14 14 14 14
42 46 91 62 88 39 38 84 39 22 9 91 91 91 91 8 8 8 8 3 3 3 3 53 53 53 53 14 14 14 14
43 19 58 18 62 85 85 5 72 41 20 91 91 91 91 8 8 8 8 3 3 3 3 53 53 53 53 14 14 14 14
44 19 57 79 48 48 89 73 72 50 78 91 91 91 91 8 8 8 8 3 3 3 3 53 53 53 53 14 14 14 14
45 70 85 25 11 8 62 75 15 11 40 91 91 91 91 8 8 8 8 3 3 3 3 53 53 53 53 14 14 14 14
46 88 28 2 97 53 56 61 99 9 54 91 91 91 91 8 8 8 8 3 3 3 3 53 53 53 53 14 14 14 14
47 71 62 85 19 42 90 56 95 31 35 91 91 91 91 8 8 8 8 3 3 3 3 53 53 53 53 14 14 14 14
48 71 30 79 24 6 95 84 4 60 89 91 91 91 91 8 8 8 8 3 3 3 3 53 53 53 53 14 14 14 14
49 36 22 87 2 79 91 81 67 26 58 91 91 91 91 8 8 8 8 3 3 3 3 53 53 53 53 14 14 14 14
50 72 56 61 40 46 96 97 21 16 20 91 91 91 91 8 8 8 8 3 3 3 3 53 53 53 53 14 14 14 14
51 15 8 62 49 80 32 44 92 92 73 91 91 91 91 8 8 8 8 3 3 3 3 53 53 53 53 14 14 14 14
52 4 46 28 86 100 68 81 70 55 46 91 91 91 91 8 8 8 8 3 3 3 3 53 53 53 53 14 14 14 14
53 53 57 99 97 37 14 93 40 70 64 91 91 91 91 8 8 8 8 3 3 3 3 53 53 53 53 14 14 14 14
54 34 5 95 31 1 22 83 68 61 23 91 91 91 91 8 8 8 8 3 3 3 3 53 53 53 53 14 14 14 14
55 49 39 60 31 84 29 5 49 9 88 91 91 91 91 8 8 8 8 3 3 3 3 53 53 53 53 14 14 14 14
56 90 34 14 69 88 28 22 28 71 13 91 91 91 91 8 8 8 8 3 3 3 3 53 53 53 53 14 14 14 14
57 53 41 7 23 46 95 1 89 87 86 91 91 91 91 8 8 8 8 3 3 3 3 53 53 53 53 14 14 14 14
58 8 16 71 100 56 3 18 91 8 72 91 91 91 91 8 8 8 8 3 3 3 3 53 53 53 53 14 14 14 14
59 58 7 2 33 26 30 83 100 94 85 91 91 91 91 8 8 8 8 3 3 3 3 53 53 53 53 14 14 14 14
60 72 54 25 88 98 8 23 17 18 19 91 91 91 91 8 8 8 8 3 3 3 3 53 53 53 53 14 14 14 14
61 38 50 54 57 45 56 95 32 21 71 91 91 91 91 8 8 8 8 3 3 3 3 53 53 53 53 14 14 14 14
62 79 37 60 10 91 69 67 95 65 14 91 91 91 91 8 8 8 8 3 3 3 3 53 53 53 53 14 14 14 14
63 75 25 17 63 87 13 66 97 5 94 91 91 91 91 8 8 8 8 3 3 3 3 53 53 53 53 14 14 14 14
64 6 13 9 92 7 45 70 50 75 31 91 91 91 91 8 8 8 8 3 3 3 3 53 53 53 53 14 14 14 14
65 59 92 42 26 40 49 11 67 47 88 91 91 91 91 8 8 8 8 3 3 3 3 53 53 53 53 14 14 14 14
66 83 88 93 30 12 74 69 45 5 79 91 91 91 91 8 8 8 8 3 3 3 3 53 53 53 53 14 14 14 14
67 36 100 78 45 33 26 73 97 73 15 91 91 91 91 8 8 8 8 3 3 3 3 53 53 53 53 14 14 14 14
68 7 2 48 64 72 86 66 92 64 17 91 91 91 91 8 8 8 8 3 3 3 3 53 53 53 53 14 14 14 14
69 32 47 57 38 71 38 84 88 36 45 91 91 91 91 8 8 8 8 3 3 3 3 53 53 53 53 14 14 14 14
70 37 85 42 49 41 20 59 76 93 81 91 91 91 91 8 8 8 8 3 3 3 3 53 53 53 53 14 14 14 14
71 1 78 26 19 92 18 1 51 79 28 91 91 91 91 8 8 8 8 3 3 3 3 53 53 53 53 14 14 14 14
72 34 8 23 49 66 61 6 60 25 48 91 91 91 91 8 8 8 8 3 3 3 3 53 53 53 53 14 14 14 14
73 66 27 34 53 34 65 67 99 98 34 91 91 91 91 8 8 8 8 3 3 3 3 53 53 53 53 14 14 14 14
74 24 66 8 43 40 4 40 55 9 87 91 91 91 91 8 8 8 8 3 3 3 3 53 53 53 53 14 14 14 14
75 55 46 4 83 35 11 77 47 45 54 91 91 91 91 8 8 8 8 3 3 3 3 53 53 53 53 14 14 14 14
76 49 30 20 24 15 46 1 43 96 58 91 91 91 91 8 8 8 8 3 3 3 3 53 53 53 53 14 14 14 14
77 52 81 62 82 59 75 31 10 62 53 91 91 91 91 8 8 8 8 3 3 3 3 53 53 53 53 14 14 14 14
78 48 87 87 13 25 80 76 84 25 83 91 91 91 91 8 8 8 8 3 3 3 3 53 53 53 53 14 14 14 14
79 66 74 87 92 19 34 95 94 39 35 91 91 91 91 8 8 8 8 3 3 3 3 53 53 53 53 14 14 14 14
80 83 66 32 92 6 97 29 8 64 41 91 91 91 91 8 8 8 8 3 3 3 3 53 53 53 53 14 14 14 14
81 20 14 44 26 89 6 91 97 40 82 91 91 91 91 8 8 8 8 3 3 3 3 53 53 53 53 14 14 14 14
82 61 64 91 25 32 56 70 81 81 32 91 91 91 91 8 8 8 8 3 3 3 3 53 53 53 53 14 14 14 14
83 71 2 76 63 58 85 29 8 49 98 91 91 91 91 8 8 8 8 3 3 3 3 53 53 53 53 14 14 14 14
84 44 45 44 37 98 31 63 39 37 7 91 91 91 91 8 8 8 8 3 3 3 3 53 53 53 53 14 14 14 14
85 80 69 22 16 67 24 90 4 26 81 91 91 91 91 8 8 8 8 3 3 3 3 53 53 53 53 14 14 14 14
86 41 74 42 58 11 55 40 21 80 63 91 91 91 91 8 8 8 8 3 3 3 3 53 53 53 53 14 14 14 14
87 64 50 81 70 7 51 49 12 87 36 91 91 91 91 8 8 8 8 3 3 3 3 53 53 53 53 14 14 14 14
88 68 52 26 54 66 21 87 56 47 62 91 91 91 91 8 8 8 8 3 3 3 3 53 53 53 53 14 14 14 14
89 94 88 23 18 100 89 40 4 22 15 91 91 91 91 8 8 8 8 3 3 3 3 53 53 53 53 14 14 14 14
90 62 59 14 29 86 100 37 77 64 18 91 91 91 91 8 8 8 8 3 3 3 3 53 53 53 53 14 14 14 14
91 41 43 94 84 100 52 75 96 78 22 91 91 91 91 8 8 8 8 3 3 3 3 53 53 53 53 14 14 14 14
92 53 63 34 97 45 46 17 25 34 45 91 91 91 91 8 8 8 8 3 3 3 3 53 53 53 53 14 14 14 14
93 95 39 99 16 24 7 95 54 57 3 91 91 91 91 8 8 8 8 3 3 3 3 53 53 53 53 14 14 14 14
94 91 99 19 37 25 18 18 68 84 49 91 91 91 91 8 8 8 8 3 3 3 3 53 53 53 53 14 14 14 14
95 74 37 70 78 37 52 8 63 43 67 91 91 91 91 8 8 8 8 3 3 3 3 53 53 53 53 14 14 14 14
96 83 12 88 4 88 13 87 60 8 94 91 91 91 91 8 8 8 8 3 3 3 3 53 53 53 53 14 14 14 14
97 19 96 31 98 25 29 6 1 68 82 91 91 91 91 8 8 8 8 3 3 3 3 53 53 53 53 14 14 14 14
98 13 40 6 58 56 93 1 81 15 18 91 91 91 91 8 8 8 8 3 3 3 3 53 53 53 53 14 14 14 14
99 43 75 86 1 23 58 95 13 91 46 91 91 91 91 8 8 8 8 3 3 3 3 53 53 53 53 14 14 14 14
