8 100
3990 3958 4204 4330 4528 4384 4143 3883
0 12 50 59 65 2 90 48 86 35 4 70 38 49 17 63 60 98 98 98 98 98 98 98 25 25 25 25 25 25 25 41 41 41 41 41 41 41 96 96 96 96 96 96 96 36 36 36 36 36 36 36 42 42 42 42 42 42 42 73 73 73 73 73 73 73 34 34 34 34 34 34 34
1 20 98 99 71 39 9 30 12 29 20 21 37 91 58 24 71 98 98 98 98 98 98 98 25 25 25 25 25 25 25 41 41 41 41 41 41 41 96 96 96 96 96 96 96 36 36 36 36 36 36 36 42 42 42 42 42 42 42 73 73 73 73 73 73 73 34 34 34 34 34 34 34
2 85 31 26 58 81 5 78 16 41 46 65 86 13 97 81 85 98 98 98 98 98 98 98 25 25 25 25 25 25 25 41 41 41 41 41 41 41 96 96 96 96 96 96 96 36 36 36 36 36 36 36 42 42 42 42 42 42 42 73 73 73 73 73 73 73 34 34 34 34 34 34 34
3 91 12 1 2 20 29 10 55 32 87 39 51 65 63 21 37 98 98 98 98 98 98 98 25 25 25 25 25 25 25 41 41 41 41 41 41 41 96 96 96 96 96 96 96 36 36 36 36 36 36 36 42 42 42 42 42 42 42 73 73 73 73 73 73 73 34 34 34 34 34 34 34
4 4 9 10 10 79 41 60 61 73 92 8 64 54 58 85 48 98 98 98 98 98 98 98 25 25 25 25 25 25 25 41 41 41 41 41 41 41 96 96 96 96 96 96 96 36 36 36 36 36 36 36 42 42 42 42 42 42 42 73 73 73 73 73 73 73 34 34 34 34 34 34 34
5 3 39 2 52 29 12 100 88 7 51 41 64 26 15 89 61 98 98 98 98 98 98 98 25 25 25 25 25 25 25 41 41 41 41 41 41 41 96 96 96 96 96 96 96 36 36 36 36 36 36 36 42 42 42 42 42 42 42 73 73 73 73 73 73 73 34 34 34 34 34 34 34
6 6 30 16 72 62 51 68 69 22 47 89 26 43 80 45 16 98 98 98 98 98 98 98 25 25 25 25 25 25 25 41 41 41 41 41 41 41 96 96 96 96 96 96 96 36 36 36 36 36 36 36 42 42 42 42 42 42 42 73 73 73 73 73 73 73 34 34 34 34 34 34 34
7 12 45 37 31 13 85 32 34 9 48 34 89 10 63 10 31 98 98 98 98 98 98 98 25 25 25 25 25 25 25 41 41 41 41 41 41 41 96 96 96 96 96 96 96 36 36 36 36 36 36 36 42 42 42 42 42 42 42 73 73 73 73 73 73 73 34 34 34 34 34 34 34
8 70 69 23 95 97 62 84 74 69 55 41 81 65 33 93 52 98 98 98 98 98 98 98 25 25 25 25 25 25 25 41 41 41 41 41 41 41 96 96 96 96 96 96 96 36 36 36 36 36 36 36 42 42 42 42 42 42 42 73 73 73 73 73 73 73 34 34 34 34 34 34 34
9 46 9 8 84 9 58 48 88 65 36 9 33 79 59 14 58 98 98 98 98 98 98 98 25 25 25 25 25 25 25 41 41 41 41 41 41 41 96 96 96 96 96 96 96 36 36 36 36 36 36 36 42 42 42 42 42 42 42 73 73 73 73 73 73 73 34 34 34 34 34 34 34
10 75 85 19 3 42 99 20 24 87 52 68 89 79 40 72 80 98 98 98 98 98 98 98 25 25 25 25 25 25 25 41 41 41 41 41 41 41 96 96 96 96 96 96 96 36 36 36 36 36 36 36 42 42 42 42 42 42 42 73 73 73 73 73 73 73 34 34 34 34 34 34 34
11 62 19 53 14 95 13 38 89 13 94 21 99 29 5 21 41 98 98 98 98 98 98 98 25 25 25 25 25 25 25 41 41 41 41 41 41 41 96 96 96 96 96 96 96 36 36 36 36 36 36 36 42 42 42 42 42 42 42 73 73 73 73 73 73 73 34 34 34 34 34 34 34
12 49 28 26 34 73 28 89 14 52 44 40 11 90 49 85 76 98 98 98 98 98 98 98 25 25 25 25 25 25 25 41 41 41 41 41 41 41 96 96 96 96 96 96 96 36 36 36 36 36 36 36 42 42 42 42 42 42 42 73 73 73 73 73 73 73 34 34 34 34 34 34 34
13 27 84 63 100 38 75 97 17 52 65 96 49 32 47 73 36 98 98 98 98 98 98 98 25 25 25 25 25 25 25 41 41 41 41 41 41 41 96 96 96 96 96 96 96 36 36 36 36 36 36 36 42 42 42 42 42 42 42 73 73 73 73 73 73 73 34 34 34 34 34 34 34
14 75 88 26 45 4 21 66 79 43 93 89 8 74 5 56 1 98 98 98 98 98 98 98 25 25 25 25 25 25 25 41 41 41 41 41 41 41 96 96 96 96 96 96 96 36 36 36 36 36 36 36 42 42 42 42 42 42 42 73 73 73 73 73 73 73 34 34 34 34 34 34 34
15 63 6 29 9 8 88 59 12 42 83 77 70 13 3 79 33 98 98 98 98 98 98 98 25 25 25 25 25 25 25 41 41 41 41 41 41 41 96 96 96 96 96 96 96 36 36 36 36 36 36 36 42 42 42 42 42 42 42 73 73 73 73 73 73 73 34 34 34 34 34 34 34
16 38 5 51 58 36 87 90 14 13 11 86 57 80 80 23 25 98 98 98 98 98 98 98 25 25 25 25 25 25 25 41 41 41 41 41 41 41 96 96 96 96 96 96 96 36 36 36 36 36 36 36 42 42 42 42 42 42 42 73 73 73 73 73 73 73 34 34 34 34 34 34 34
17 49 31 97 12 29 29 90 50 7 61 58 21 13 86 86 82 98 98 98 98 98 98 98 25 25 25 25 25 25 25 41 41 41 41 41 41 41 96 96 96 96 96 96 96 36 36 36 36 36 36 36 42 42 42 42 42 42 42 73 73 73 73 73 73 73 34 34 34 34 34 34 34
18 95 65 51 29 38 26 25 96 67 57 52 94 26 98 30 18 98 98 98 98 98 98 98 25 25 25 25 25 25 25 41 41 41 41 41 41 41 96 96 96 96 96 96 96 36 36 36 36 36 36 36 42 42 42 42 42 42 42 73 73 73 73 73 73 73 34 34 34 34 34 34 34
19 27 14 30 20 56 86 68 35 17 95 62 35 48 45 67 82 98 98 98 98 98 98 98 25 25 25 25 25 25 25 41 41 41 41 41 41 41 96 96 96 96 96 96 96 36 36 36 36 36 36 36 42 42 42 42 42 42 42 73 73 73 73 73 73 73 34 34 34 34 34 34 34
20 67 46 6 16 87 69 15 91 18 98 43 37 2 40 37 14 98 98 98 98 98 98 98 25 25 25 25 25 25 25 41 41 41 41 41 41 41 96 96 96 96 96 96 96 36 36 36 36 36 36 36 42 42 42 42 42 42 42 73 73 73 73 73 73 73 34 34 34 34 34 34 34
21 66 33 37 59 44 63 33 55 72 6 15 41 60 8 24 5 98 98 98 98 98 98 98 25 25 25 25 25 25 25 41 41 41 41 41 41 41 96 96 96 96 96 96 96 36 36 36 36 36 36 36 42 42 42 42 42 42 42 73 73 73 73 73 73 73 34 34 34 34 34 34 34
22 78 46 21 28 59 65 66 4 26 87 99 14 48 22 52 94 98 98 98 98 98 98 98 25 25 25 25 25 25 25 41 41 41 41 41 41 41 96 96 96 96 96 96 96 36 36 36 36 36 36 36 42 42 42 42 42 42 42 73 73 73 73 73 73 73 34 34 34 34 34 34 34
23 31 15 4 85 36 58 45 97 74 66 19 91 17 37 19 41 98 98 98 98 98 98 98 25 25 25 25 25 25 25 41 41 41 41 41 41 41 96 96 96 96 96 96 96 36 36 36 36 36 36 36 42 42 42 42 42 42 42 73 73 73 73 73 73 73 34 34 34 34 34 34 34
24 81 32 18 74 67 40 14 89 86 45 76 46 76 93 61 32 98 98 98 98 98 98 98 25 25 25 25 25 25 25 41 41 41 41 41 41 41 96 96 96 96 96 96 96 36 36 36 36 36 36 36 42 42 42 42 42 42 42 73 73 73 73 73 73 73 34 34 34 34 34 34 34
25 27 31 61 67 14 52 19 89 19 19 89 99 90 88 74 60 98 98 98 98 98 98 98 25 25 25 25 25 25 25 41 41 41 41 41 41 41 96 96 96 96 96 96 96 36 36 36 36 36 36 36 42 42 42 42 42 42 42 73 73 73 73 73 73 73 34 34 34 34 34 34 34
26 58 67 3 81 50 65 60 65 59 39 6 4 19 97 15 100 98 98 98 98 98 98 98 25 25 25 25 25 25 25 41 41 41 41 41 41 41 96 96 96 96 96 96 96 36 36 36 36 36 36 36 42 42 42 42 42 42 42 73 73 73 73 73 73 73 34 34 34 34 34 34 34
27 63 63 18 79 4 42 10 78 98 65 5 45 8 76 80 1 98 98 98 98 98 98 98 25 25 25 25 25 25 25 41 41 41 41 41 41 41 96 96 96 96 96 96 96 36 36 36 36 36 36 36 42 42 42 42 42 42 42 73 73 73 73 73 73 73 34 34 34 34 34 34 34
28 89 79 43 100 26 34 41 88 76 36 6 4 52 86 66 49 98 98 98 98 98 98 98 25 25 25 25 25 25 25 41 41 41 41 41 41 41 96 96 96 96 96 96 96 36 36 36 36 36 36 36 42 42 42 42 42 42 42 73 73 73 73 73 73 73 34 34 34 34 34 34 34
29 80 18 18 46 40 17 61 75 53 42 31 68 59 88 23 4 98 98 98 98 98 98 98 25 25 25 25 25 25 25 41 41 41 41 41 41 41 96 96 96 96 96 96 96 36 36 36 36 36 36 36 42 42 42 42 42 42 42 73 73 73 73 73 73 73 34 34 34 34 34 34 34
30 54 97 19 57 43 71 98 68 68 8 9 24 46 46 28 81 98 98 98 98 98 98 98 25 25 25 25 25 25 25 41 41 41 41 41 41 41 96 96 96 96 96 96 96 36 36 36 36 36 36 36 42 42 42 42 42 42 42 73 73 73 73 73 73 73 34 34 34 34 34 34 34
31 39 13 48 59 56 94 41 41 81 74 88 57 100 28 100 91 98 98 98 98 98 98 98 25 25 25 25 25 25 25 41 41 41 41 41 41 41 96 96 96 96 96 96 96 36 36 36 36 36 36 36 42 42 42 42 42 42 42 73 73 73 73 73 73 73 34 34 34 34 34 34 34
32 73 92 27 89 64 50 34 93 61 46 61 30 24 35 4 26 98 98 98 98 98 98 98 25 25 25 25 25 25 25 41 41 41 41 41 41 41 96 96 96 96 96 96 96 36 36 36 36 36 36 36 42 42 42 42 42 42 42 73 73 73 73 73 73 73 34 34 34 34 34 34 34
33 88 13 9 5 60 70 15 95 65 91 30 78 64 87 65 84 98 98 98 98 98 98 98 25 25 25 25 25 25 25 41 41 41 41 41 41 41 96 96 96 96 96 96 96 36 36 36 36 36 36 36 42 42 42 42 42 42 42 73 73 73 73 73 73 73 34 34 34 34 34 34 34
34 95 32 44 17 6 38 50 90 39 35 12 99 46 54 54 31 98 98 98 98 98 98 98 25 25 25 25 25 25 25 41 41 41 41 41 41 41 96 96 96 96 96 96 96 36 36 36 36 36 36 36 42 42 42 42 42 42 42 73 73 73 73 73 73 73 34 34 34 34 34 34 34
35 92 82 69 38 59 70 24 60 55 50 66 96 93 2 97 3 98 98 98 98 98 98 98 25 25 25 25 25 25 25 41 41 41 41 41 41 41 96 96 96 96 96 96 96 36 36 36 36 36 36 36 42 42 42 42 42 42 42 73 73 73 73 73 73 73 34 34 34 34 34 34 34
36 79 11 57 92 8 99 25 37 43 66 82 75 20 59 97 81 98 98 98 98 98 98 98 25 25 25 25 25 25 25 41 41 41 41 41 41 41 96 96 96 96 96 96 96 36 36 36 36 36 36 36 42 42 42 42 42 42 42 73 73 73 73 73 73 73 34 34 34 34 34 34 34
37 11 26 48 75 78 59 29 65 54 32 80 67 28 65 11 92 98 98 98 98 98 98 98 25 25 25 25 25 25 25 41 41 41 41 41 41 41 96 96 96 96 96 96 96 36 36 36 36 36 36 36 42 42 42 42 42 42 42 73 73 73 73 73 73 73 34 34 34 34 34 34 34
38 51 13 42 16 38 72 9 91 17 97 100 87 90 96 9 47 98 98 98 98 98 98 98 25 25 25 25 25 25 25 41 41 41 41 41 41 41 96 96 96 96 96 96 96 36 36 36 36 36 36 36 42 42 42 42 42 42 42 73 73 73 73 73 73 73 34 34 34 34 34 34 34
39 7 32 52 44 50 97 10 48 75 94 70 91 19 86 70 30 98 98 98 98 98 98 98 25 25 25 25 25 25 25 41 41 41 41 41 41 41 96 96 96 96 96 96 96 36 36 36 36 36 36 36 42 42 42 42 42 42 42 73 73 73 73 73 73 73 34 34 34 34 34 34 34
40 9 18 76 81 50 66 58 14 44 73 92 60 77 17 61 68 98 98 98 98 98 98 98 25 25 25 25 25 25 25 41 41 41 41 41 41 41 96 96 96 96 96 96 96 36 36 36 36 36 36 36 42 42 42 42 42 42 42 73 73 73 73 73 73 73 34 34 34 34 34 34 34
41 33 49 39 68 98 48 98 32 39 69 43 86 34 86 71 24 98 98 98 98 98 98 98 25 25 25 25 25 25 25 41 41 41 41 41 41 41 96 96 96 96 96 96 96 36 36 36 36 36 36 36 42 42 42 42 42 42 42 73 73 73 73 73 73 73 34 34 34 34 34 34 34
42 99 75 60 93 23 62 62 99 93 22 46 61 28 21 74 99 98 98 98 98 98 98 98 25 25 25 25 25 25 25 41 41 41 41 41 41 41 96 96 96 96 96 96 96 36 36 36 36 36 36 36 42 42 42 42 42 42 42 73 73 73 73 73 73 73 34 34 34 34 34 34 34
43 2 2 48 95 16 19 82 26 59 85 16 37 36 19 36 10 98 98 98 98 98 98 98 25 25 25 25 25 25 25 41 41 41 41 41 41 41 96 96 96 96 96 96 96 36 36 36 36 36 36 36 42 42 42 42 42 42 42 73 73 73 73 73 73 73 34 34 34 34 34 34 34
44 25 93 97 35 50 38 90 69 74 80 27 29 91 69 62 6 98 98 98 98 98 98 98 25 25 25 25 25 25 25 41 41 41 41 41 41 41 96 96 96 96 96 96 96 36 36 36 36 36 36 36 42 42 42 42 42 42 42 73 73 73 73 73 73 73 34 34 34 34 34 34 34
45 6 38 13 84 92 62 27 38 60 21 63 96 59 70 30 1 98 98 98 98 98 98 98 25 25 25 25 25 25 25 41 41 41 41 41 41 41 96 96 96 96 96 96 96 36 36 36 36 36 36 36 42 42 42 42 42 42 42 73 73 73 73 73 73 73 34 34 34 34 34 34 34
46 11 56 33 22 63 7 91 69 77 33 77 37 64 3 60 50 98 98 98 98 98 98 98 25 25 25 25 25 25 25 41 41 41 41 41 41 41 96 96 96 96 96 96 96 36 36 36 36 36 36 36 42 42 42 42 42 42 42 73 73 73 73 73 73 73 34 34 34 34 34 34 34
47 74 9 100 79 36 6 35 4 51 99 65 89 73 48 62 88 98 98 98 98 98 98 98 25 25 25 25 25 25 25 41 41 41 41 41 41 41 96 96 96 96 96 96 96 36 36 36 36 36 36 36 42 42 42 42 42 42 42 73 73 73 73 73 73 73 34 34 34 34 34 34 34
48 47 79 11 11 57 39 11 32 97 48 23 94 41 26 35 25 98 98 98 98 98 98 98 25 25 25 25 25 25 25 41 41 41 41 41 41 41 96 96 96 96 96 96 96 36 36 36 36 36 36 36 42 42 42 42 42 42 42 73 73 73 73 73 73 73 34 34 34 34 34 34 34
49 89 66 57 6 68 89 28 48 74 78 30 71 1 68 79 99 98 98 98 98 98 98 98 25 25 25 25 25 25 25 41 41 41 41 41 41 41 96 96 96 96 96 96 96 36 36 36 36 36 36 36 42 42 42 42 42 42 42 73 73 73 73 73 73 73 34 34 34 34 34 34 34
50 46 51 61 51 90 100 46 40 35 56 33 58 30 9 21 58 98 98 98 98 98 98 98 25 25 25 25 25 25 25 41 41 41 41 41 41 41 96 96 96 96 96 96 96 36 36 36 36 36 36 36 42 42 42 42 42 42 42 73 73 73 73 73 73 73 34 34 34 34 34 34 34
51 29 96 30 28 38 75 92 68 84 61 50 83 61 62 73 66 98 98 98 98 98 98 98 25 25 25 25 25 25 25 41 41 41 41 41 41 41 96 96 96 96 96 96 96 36 36 36 36 36 36 36 42 42 42 42 42 42 42 73 73 73 73 73 73 73 34 34 34 34 34 34 34
52 87 28 2 71 18 70 64 58 65 98 84 61 83 64 18 21 98 98 98 98 98 98 98 25 25 25 25 25 25 25 41 41 41 41 41 41 41 96 96 96 96 96 96 96 36 36 36 36 36 36 36 42 42 42 42 42 42 42 73 73 73 73 73 73 73 34 34 34 34 34 34 34
53 15 16 42 62 35 98 74 52 58 86 65 57 98 5 63 39 98 98 98 98 98 98 98 25 25 25 25 25 25 25 41 41 41 41 41 41 41 96 96 96 96 96 96 96 36 36 36 36 36 36 36 42 42 42 42 42 42 42 73 73 73 73 73 73 73 34 34 34 34 34 34 34
54 4 81 82 22 29 4 67 11 67 83 86 26 16 57 81 93 98 98 98 98 98 98 98 25 25 25 25 25 25 25 41 41 41 41 41 41 41 96 96 96 96 96 96 96 36 36 36 36 36 36 36 42 42 42 42 42 42 42 73 73 73 73 73 73 73 34 34 34 34 34 34 34
55 43 60 75 43 34 79 88 78 89 82 95 84 44 46 95 83 98 98 98 98 98 98 98 25 25 25 25 25 25 25 41 41 41 41 41 41 41 96 96 96 96 96 96 96 36 36 36 36 36 36 36 42 42 42 42 42 42 42 73 73 73 73 73 73 73 34 34 34 34 34 34 34
56 73 91 39 51 11 16 20 7 92 61 58 86 7 20 58 14 98 98 98 98 98 98 98 25 25 25 25 25 25 25 41 41 41 41 41 41 41 96 96 96 96 96 96 96 36 36 36 36 36 36 36 42 42 42 42 42 42 42 73 73 73 73 73 73 73 34 34 34 34 34 34 34
57 77 69 44 52 57 60 68 31 39 76 94 50 98 50 84 32 98 98 98 98 98 98 98 25 25 25 25 25 25 25 41 41 41 41 41 41 41 96 96 96 96 96 96 96 36 36 36 36 36 36 36 42 42 42 42 42 42 42 73 73 73 73 73 73 73 34 34 34 34 34 34 34
58 11 9 88 98 26 7 71 82 76 64 32 65 97 48 54 24 98 98 98 98 98 98 98 25 25 25 25 25 25 25 41 41 41 41 41 41 41 96 96 96 96 96 96 96 36 36 36 36 36 36 36 42 42 42 42 42 42 42 73 73 73 73 73 73 73 34 34 34 34 34 34 34
59 82 100 92 54 58 51 78 53 84 32 77 28 40 96 95 4 98 98 98 98 98 98 98 25 25 25 25 25 25 25 41 41 41 41 41 41 41 96 96 96 96 96 96 96 36 36 36 36 36 36 36 42 42 42 42 42 42 42 73 73 73 73 73 73 73 34 34 34 34 34 34 34
60 42 61 39 42 57 92 5 43 14 78 50 92 38 23 87 75 98 98 98 98 98 98 98 25 25 25 25 25 25 25 41 41 41 41 41 41 41 96 96 96 96 96 96 96 36 36 36 36 36 36 36 42 42 42 42 42 42 42 73 73 73 73 73 73 73 34 34 34 34 34 34 34
61 35 18 37 4 69 40 58 37 46 45 22 18 35 91 85 10 98 98 98 98 98 98 98 25 25 25 25 25 25 25 41 41 41 41 41 41 41 96 96 96 96 96 96 96 36 36 36 36 36 36 36 42 42 42 42 42 42 42 73 73 73 73 73 73 73 34 34 34 34 34 34 34
62 73 65 95 69 30 40 63 22 30 35 80 98 74 43 33 82 98 98 98 98 98 98 98 25 25 25 25 25 25 25 41 41 41 41 41 41 41 96 96 96 96 96 96 96 36 36 36 36 36 36 36 42 42 42 42 42 42 42 73 73 73 73 73 73 73 34 34 34 34 34 34 34
63 46 63 97 22 36 13 45 29 23 99 35 11 74 87 81 38 98 98 98 98 98 98 98 25 25 25 25 25 25 25 41 41 41 41 41 41 41 96 96 96 96 96 96 96 36 36 36 36 36 36 36 42 42 42 42 42 42 42 73 73 73 73 73 73 73 34 34 34 34 34 34 34
64 33 85 6 24 46 88 65 95 63 93 17 77 47 48 3 46 98 98 98 98 98 98 98 25 25 25 25 25 25 25 41 41 41 41 41 41 41 96 96 96 96 96 96 96 36 36 36 36 36 36 36 42 42 42 42 42 42 42 73 73 73 73 73 73 73 34 34 34 34 34 34 34
65 33 49 93 74 23 34 87 30 89 50 49 38 14 7 9 48 98 98 98 98 98 98 98 25 25 25 25 25 25 25 41 41 41 41 41 41 41 96 96 96 96 96 96 96 36 36 36 36 36 36 36 42 42 42 42 42 42 42 73 73 73 73 73 73 73 34 34 34 34 34 34 34
66 87 95 25 1 31 99 22 52 71 91 48 54 56 70 32 14 98 98 98 98 98 98 98 25 25 25 25 25 25 25 41 41 41 41 41 41 41 96 96 96 96 96 96 96 36 36 36 36 36 36 36 42 42 42 42 42 42 42 73 73 73 73 73 73 73 34 34 34 34 34 34 34
67 100 90 20 62 12 63 65 51 86 48 52 32 87 63 99 55 98 98 98 98 98 98 98 25 25 25 25 25 25 25 41 41 41 41 41 41 41 96 96 96 96 96 96 96 36 36 36 36 36 36 36 42 42 42 42 42 42 42 73 73 73 73 73 73 73 34 34 34 34 34 34 34
68 47 71 79 51 23 56 24 19 64 84 95 67 68 21 45 59 98 98 98 98 98 98 98 25 25 25 25 25 25 25 41 41 41 41 41 41 41 96 96 96 96 96 96 96 36 36 36 36 36 36 36 42 42 42 42 42 42 42 73 73 73 73 73 73 73 34 34 34 34 34 34 34
69 52 68 79 59 65 91 88 40 68 29 60 15 67 78 89 66 98 98 98 98 98 98 98 25 25 25 25 25 25 25 41 41 41 41 41 41 41 96 96 96 96 96 96 96 36 36 36 36 36 36 36 42 42 42 42 42 42 42 73 73 73 73 73 73 73 34 34 34 34 34 34 34
70 47 5 50 1 44 65 66 77 62 97 39 57 67 90 23 84 98 98 98 98 98 98 98 25 25 25 25 25 25 25 41 41 41 41 41 41 41 96 96 96 96 96 96 96 36 36 36 36 36 36 36 42 42 42 42 42 42 42 73 73 73 73 73 73 73 34 34 34 34 34 34 34
71 99 63 64 55 88 64 58 88 88 76 47 1 7 45 3 53 98 98 98 98 98 98 98 25 25 25 25 25 25 25 41 41 41 41 41 41 41 96 96 96 96 96 96 96 36 36 36 36 36 36 36 42 42 42 42 42 42 42 73 73 73 73 73 73 73 34 34 34 34 34 34 34
72 1 24 13 25 15 32 46 84 33 30 69 8 26 84 5 4 98 98 98 98 98 98 98 25 25 25 25 25 25 25 41 41 41 41 41 41 41 96 96 96 96 96 96 96 36 36 36 36 36 36 36 42 42 42 42 42 42 42 73 73 73 73 73 73 73 34 34 34 34 34 34 34
73 25 75 50 18 45 6 5 99 47 49 49 23 94 77 5 7 98 98 98 98 98 98 98 25 25 25 25 25 25 25 41 41 41 41 41 41 41 96 96 96 96 96 96 96 36 36 36 36 36 36 36 42 42 42 42 42 42 42 73 73 73 73 73 73 73 34 34 34 34 34 34 34
74 61 74 95 82 4 74 97 21 24 14 8 6 24 15 25 59 98 98 98 98 98 98 98 25 25 25 25 25 25 25 41 41 41 41 41 41 41 96 96 96 96 96 96 96 36 36 36 36 36 36 36 42 42 42 42 42 42 42 73 73 73 73 73 73 73 34 34 34 34 34 34 34
75 96 42 97 38 33 23 83 33 84 70 40 46 79 97 70 76 98 98 98 98 98 98 98 25 25 25 25 25 25 25 41 41 41 41 41 41 41 96 96 96 96 96 96 96 36 36 36 36 36 36 36 42 42 42 42 42 42 42 73 73 73 73 73 73 73 34 34 34 34 34 34 34
76 73 3 77 70 15 41 15 95 21 47 31 64 44 18 74 57 98 98 98 98 98 98 98 25 25 25 25 25 25 25 41 41 41 41 41 41 41 96 96 96 96 96 96 96 36 36 36 36 36 36 36 42 42 42 42 42 42 42 73 73 73 73 73 73 73 34 34 34 34 34 34 34
77 5 65 98 11 84 85 16 74 48 27 35 61 16 14 60 35 98 98 98 98 98 98 98 25 25 25 25 25 25 25 41 41 41 41 41 41 41 96 96 96 96 96 96 96 36 36 36 36 36 36 36 42 42 42 42 42 42 42 73 73 73 73 73 73 73 34 34 34 34 34 34 34
78 34 30 31 21 72 72 60 76 100 36 3 56 15 91 46 89 98 98 98 98 98 98 98 25 25 25 25 25 25 25 41 41 41 41 41 41 41 96 96 96 96 96 96 96 36 36 36 36 36 36 36 42 42 42 42 42 42 42 73 73 73 73 73 73 73 34 34 34 34 34 34 34
79 66 27 93 76 46 62 74 8 93 33 92 63 57 44 55 38 98 98 98 98 98 98 98 25 25 25 25 25 25 25 41 41 41 41 41 41 41 96 96 96 96 96 96 96 36 36 36 36 36 36 36 42 42 42 42 42 42 42 73 73 73 73 73 73 73 34 34 34 34 34 34 34
80 90 57 92 71 40 22 36 37 20 80 47 93 72 23 77 85 98 98 98 98 98 98 98 25 25 25 25 25 25 25 41 41 41 41 41 41 41 96 96 96 96 96 96 96 36 36 36 36 36 36 36 42 42 42 42 42 42 42 73 73 73 73 73 73 73 34 34 34 34 34 34 34
81 2 90 89 31 46 63 47 80 24 44 27 90 73 53 68 41 98 98 98 98 98 98 98 25 25 25 25 25 25 25 41 41 41 41 41 41 41 96 96 96 96 96 96 96 36 36 36 36 36 36 36 42 42 42 42 42 42 42 73 73 73 73 73 73 73 34 34 34 34 34 34 34
82 52 74 69 74 66 13 13 80 22 65 44 64 40 49 98 18 98 98 98 98 98 98 98 25 25 25 25 25 25 25 41 41 41 41 41 41 41 96 96 96 96 96 96 96 36 36 36 36 36 36 36 42 42 42 42 42 42 42 73 73 73 73 73 73 73 34 34 34 34 34 34 34
83 41 8 40 62 46 16 1 27 19 50 86 5 91 2 44 27 98 98 98 98 98 98 98 25 25 25 25 25 25 25 41 41 41 41 41 41 41 96 96 96 96 96 96 96 36 36 36 36 36 36 36 42 42 42 42 42 42 42 73 73 73 73 73 73 73 34 34 34 34 34 34 34
84 19 74 96 6 97 55 99 28 42 55 81 72 19 5 20 49 98 98 98 98 98 98 98 25 25 25 25 25 25 25 41 41 41 41 41 41 41 96 96 96 96 96 96 96 36 36 36 36 36 36 36 42 42 42 42 42 42 42 73 73 73 73 73 73 73 34 34 34 34 34 34 34
85 15 91 40 90 12 69 20 60 48 22 23 6 37 98 25 3 98 98 98 98 98 98 98 25 25 25 25 25 25 25 41 41 41 41 41 41 41 96 96 96 96 96 96 96 36 36 36 36 36 36 36 42 42 42 42 42 42 42 73 73 73 73 73 73 73 34 34 34 34 34 34 34
86 52 85 50 4 95 70 30 51 1 70 39 30 13 24 24 95 98 98 98 98 98 98 98 25 25 25 25 25 25 25 41 41 41 41 41 41 41 96 96 96 96 96 96 96 36 36 36 36 36 36 36 42 42 42 42 42 42 42 73 73 73 73 73 73 73 34 34 34 34 34 34 34
87 26 54 97 6 82 11 68 69 46 32 72 69 70 79 15 28 98 98 98 98 98 98 98 25 25 25 25 25 25 25 41 41 41 41 41 41 41 96 96 96 96 96 96 96 36 36 36 36 36 36 36 42 42 42 42 42 42 42 73 73 73 73 73 73 73 34 34 34 34 34 34 34
88 63 97 1 48 6 76 16 35 40 14 18 19 42 99 65 34 98 98 98 98 98 98 98 25 25 25 25 25 25 25 41 41 41 41 41 41 41 96 96 96 96 96 96 96 36 36 36 36 36 36 36 42 42 42 42 42 42 42 73 73 73 73 73 73 73 34 34 34 34 34 34 34
89 55 67 89 84 80 55 16 88 42 31 40 81 42 98 87 88 98 98 98 98 98 98 98 25 25 25 25 25 25 25 41 41 41 41 41 41 41 96 96 96 96 96 96 96 36 36 36 36 36 36 36 42 42 42 42 42 42 42 73 73 73 73 73 73 73 34 34 34 34 34 34 34
90 69 90 96 67 50 36 96 60 97 72 12 15 87 2 89 58 98 98 98 98 98 98 98 25 25 25 25 25 25 25 41 41 41 41 41 41 41 96 96 96 96 96 96 96 36 36 36 36 36 36 36 42 42 42 42 42 42 42 73 73 73 73 73 73 73 34 34 34 34 34 34 34
91 90 18 6 42 78 37 59 52 28 52 53 42 95 60 9 88 98 98 98 98 98 98 98 25 25 25 25 25 25 25 41 41 41 41 41 41 41 96 96 96 96 96 96 96 36 36 36 36 36 36 36 42 42 42 42 42 42 42 73 73 73 73 73 73 73 34 34 34 34 34 34 34
92 83 29 70 37 71 88 96 7 66 16 35 81 28 16 61 85 98 98 98 98 98 98 98 25 25 25 25 25 25 25 41 41 41 41 41 41 41 96 96 96 96 96 96 96 36 36 36 36 36 36 36 42 42 42 42 42 42 42 73 73 73 73 73 73 73 34 34 34 34 34 34 34
93 54 36 35 72 59 91 31 23 13 55 1 89 30 67 93 18 98 98 98 98 98 98 98 25 25 25 25 25 25 25 41 41 41 41 41 41 41 96 96 96 96 96 96 96 36 36 36 36 36 36 36 42 42 42 42 42 42 42 73 73 73 73 73 73 73 34 34 34 34 34 34 34
94 53 48 73 65 11 16 73 84 63 26 15 89 38 17 57 8 98 98 98 98 98 98 98 25 25 25 25 25 25 25 41 41 41 41 41 41 41 96 96 96 96 96 96 96 36 36 36 36 36 36 36 42 42 42 42 42 42 42 73 73 73 73 73 73 73 34 34 34 34 34 34 34
95 95 71 65 20 47 11 17 92 83 34 77 100 74 32 52 33 98 98 98 98 98 98 98 25 25 25 25 25 25 25 41 41 41 41 41 41 41 96 96 96 96 96 96 96 36 36 36 36 36 36 36 42 42 42 42 42 42 42 73 73 73 73 73 73 73 34 34 34 34 34 34 34
96 51 70 23 43 79 24 58 51 80 78 94 31 37 60 88 21 98 98 98 98 98 98 98 25 25 25 25 25 25 25 41 41 41 41 41 41 41 96 96 96 96 96 96 96 36 36 36 36 36 36 36 42 42 42 42 42 42 42 73 73 73 73 73 73 73 34 34 34 34 34 34 34
97 95 49 34 79 44 1 91 39 45 50 34 33 45 14 81 78 98 98 98 98 98 98 98 25 25 25 25 25 25 25 41 41 41 41 41 41 41 96 96 96 96 96 96 96 36 36 36 36 36 36 36 42 42 42 42 42 42 42 73 73 73 73 73 73 73 34 34 34 34 34 34 34
98 31 60 46 86 53 85 72 23 35 48 85 37 75 99 50 62 98 98 98 98 98 98 98 25 25 25 25 25 25 25 41 41 41 41 41 41 41 96 96 96 96 96 96 96 36 36 36 36 36 36 36 42 42 42 42 42 42 42 73 73 73 73 73 73 73 34 34 34 34 34 34 34
99 49 3 16 59 15 62 96 11 74 92 44 34 30 98 98 77 98 98 98 98 98 98 98 25 25 25 25 25 25 25 41 41 41 41 41 41 41 96 96 96 96 96 96 96 36 36 36 36 36 36 36 42 42 42 42 42 42 42 73 73 73 73 73 73 73 34 34 34 34 34 34 34
