8 100
1031 853 1045 1034 983 1022 1023 1024
0 31 26 71 32 56 71 30 78 14 52 1 81 20 42 34 74 23 23 23 23 23 23 23 21 21 21 21 21 21 21 57 57 57 57 57 57 57 42 42 42 42 42 42 42 97 97 97 97 97 97 97 28 28 28 28 28 28 28 45 45 45 45 45 45 45 63 63 63 63 63 63 63
1 62 92 85 8 51 33 84 5 4 13 21 21 95 76 36 82 23 23 23 23 23 23 23 21 21 21 21 21 21 21 57 57 57 57 57 57 57 42 42 42 42 42 42 42 97 97 97 97 97 97 97 28 28 28 28 28 28 28 45 45 45 45 45 45 45 63 63 63 63 63 63 63
2 50 65 81 12 57 47 76 68 19 16 86 84 48 89 90 83 23 23 23 23 23 23 23 21 21 21 21 21 21 21 57 57 57 57 57 57 57 42 42 42 42 42 42 42 97 97 97 97 97 97 97 28 28 28 28 28 28 28 45 45 45 45 45 45 45 63 63 63 63 63 63 63
3 46 74 35 50 61 81 29 54 98 11 8 55 86 68 63 65 23 23 23 23 23 23 23 21 21 21 21 21 21 21 57 57 57 57 57 57 57 42 42 42 42 42 42 42 97 97 97 97 97 97 97 28 28 28 28 28 28 28 45 45 45 45 45 45 45 63 63 63 63 63 63 63
4 7 28 26 86 73 37 41 53 77 8 42 40 70 6 49 92 23 23 23 23 23 23 23 21 21 21 21 21 21 21 57 57 57 57 57 57 57 42 42 42 42 42 42 42 97 97 97 97 97 97 97 28 28 28 28 28 28 28 45 45 45 45 45 45 45 63 63 63 63 63 63 63
5 93 47 22 29 26 18 27 42 12 7 11 9 92 88 8 58 23 23 23 23 23 23 23 21 21 21 21 21 21 21 57 57 57 57 57 57 57 42 42 42 42 42 42 42 97 97 97 97 97 97 97 28 28 28 28 28 28 28 45 45 45 45 45 45 45 63 63 63 63 63 63 63
6 25 67 36 4 8 19 39 94 79 50 33 53 96 43 83 15 23 23 23 23 23 23 23 21 21 21 21 21 21 21 57 57 57 57 57 57 57 42 42 42 42 42 42 42 97 97 97 97 97 97 97 28 28 28 28 28 28 28 45 45 45 45 45 45 45 63 63 63 63 63 63 63
7 11 10 37 14 77 41 97 33 12 53 23 14 31 89 1 79 23 23 23 23 23 23 23 21 21 21 21 21 21 21 57 57 57 57 57 57 57 42 42 42 42 42 42 42 97 97 97 97 97 97 97 28 28 28 28 28 28 28 45 45 45 45 45 45 45 63 63 63 63 63 63 63
8 24 11 68 50 48 36 27 72 63 25 7 44 59 67 48 48 23 23 23 23 23 23 23 21 21 21 21 21 21 21 57 57 57 57 57 57 57 42 42 42 42 42 42 42 97 97 97 97 97 97 97 28 28 28 28 28 28 28 45 45 45 45 45 45 45 63 63 63 63 63 63 63
9 18 89 43 40 27 11 97 16 53 74 14 3 91 100 46 97 23 23 23 23 23 23 23 21 21 21 21 21 21 21 57 57 57 57 57 57 57 42 42 42 42 42 42 42 97 97 97 97 97 97 97 28 28 28 28 28 28 28 45 45 45 45 45 45 45 63 63 63 63 63 63 63
10 32 29 18 42 52 88 35 1 62 29 74 100 68 21 33 12 23 23 23 23 23 23 23 21 21 21 21 21 21 21 57 57 57 57 57 57 57 42 42 42 42 42 42 42 97 97 97 97 97 97 97 28 28 28 28 28 28 28 45 45 45 45 45 45 45 63 63 63 63 63 63 63
11 6 87 33 36 13 39 53 97 20 76 98 60 52 54 18 30 23 23 23 23 23 23 23 21 21 21 21 21 21 21 57 57 57 57 57 57 57 42 42 42 42 42 42 42 97 97 97 97 97 97 97 28 28 28 28 28 28 28 45 45 45 45 45 45 45 63 63 63 63 63 63 63
12 65 70 3 31 65 7 87 72 22 47 75 99 99 64 17 48 23 23 23 23 23 23 23 21 21 21 21 21 21 21 57 57 57 57 57 57 57 42 42 42 42 42 42 42 97 97 97 97 97 97 97 28 28 28 28 28 28 28 45 45 45 45 45 45 45 63 63 63 63 63 63 63
13 42 48 4 48 1 90 20 19 74 75 34 44 2 77 37 59 23 23 23 23 23 23 23 21 21 21 21 21 21 21 57 57 57 57 57 57 57 42 42 42 42 42 42 42 97 97 97 97 97 97 97 28 28 28 28 28 28 28 45 45 45 45 45 45 45 63 63 63 63 63 63 63
14 62 62 3 41 12 29 60 93 6 72 78 90 53 1 30 64 23 23 23 23 23 23 23 21 21 21 21 21 21 21 57 57 57 57 57 57 57 42 42 42 42 42 42 42 97 97 97 97 97 97 97 28 28 28 28 28 28 28 45 45 45 45 45 45 45 63 63 63 63 63 63 63
15 83 22 34 12 4 68 27 1 70 40 69 38 52 82 53 86 23 23 23 23 23 23 23 21 21 21 21 21 21 21 57 57 57 57 57 57 57 42 42 42 42 42 42 42 97 97 97 97 97 97 97 28 28 28 28 28 28 28 45 45 45 45 45 45 45 63 63 63 63 63 63 63
16 22 77 46 61 25 92 63 94 46 4 48 62 64 61 54 48 23 23 23 23 23 23 23 21 21 21 21 21 21 21 57 57 57 57 57 57 57 42 42 42 42 42 42 42 97 97 97 97 97 97 97 28 28 28 28 28 28 28 45 45 45 45 45 45 45 63 63 63 63 63 63 63
17 21 15 38 85 86 56 75 95 51 4 12 98 99 5 20 57 23 23 23 23 23 23 23 21 21 21 21 21 21 21 57 57 57 57 57 57 57 42 42 42 42 42 42 42 97 97 97 97 97 97 97 28 28 28 28 28 28 28 45 45 45 45 45 45 45 63 63 63 63 63 63 63
18 18 84 71 55 100 72 74 95 92 83 10 38 27 88 29 76 23 23 23 23 23 23 23 21 21 21 21 21 21 21 57 57 57 57 57 57 57 42 42 42 42 42 42 42 97 97 97 97 97 97 97 28 28 28 28 28 28 28 45 45 45 45 45 45 45 63 63 63 63 63 63 63
19 97 27 79 77 30 64 87 27 49 81 71 35 55 69 11 30 23 23 23 23 23 23 23 21 21 21 21 21 21 21 57 57 57 57 57 57 57 42 42 42 42 42 42 42 97 97 97 97 97 97 97 28 28 28 28 28 28 28 45 45 45 45 45 45 45 63 63 63 63 63 63 63
20 9 67 63 61 93 100 81 28 54 98 55 78 57 63 6 70 23 23 23 23 23 23 23 21 21 21 21 21 21 21 57 57 57 57 57 57 57 42 42 42 42 42 42 42 97 97 97 97 97 97 97 28 28 28 28 28 28 28 45 45 45 45 45 45 45 63 63 63 63 63 63 63
21 72 43 25 20 35 41 94 92 30 82 3 15 55 86 92 12 23 23 23 23 23 23 23 21 21 21 21 21 21 21 57 57 57 57 57 57 57 42 42 42 42 42 42 42 97 97 97 97 97 97 97 28 28 28 28 28 28 28 45 45 45 45 45 45 45 63 63 63 63 63 63 63
22 48 28 27 21 3 84 37 1 93 15 21 2 90 23 64 16 23 23 23 23 23 23 23 21 21 21 21 21 21 21 57 57 57 57 57 57 57 42 42 42 42 42 42 42 97 97 97 97 97 97 97 28 28 28 28 28 28 28 45 45 45 45 45 45 45 63 63 63 63 63 63 63
23 44 53 4 28 14 19 59 22 82 7 11 99 1 66 30 27 23 23 23 23 23 23 23 21 21 21 21 21 21 21 57 57 57 57 57 57 57 42 42 42 42 42 42 42 97 97 97 97 97 97 97 28 28 28 28 28 28 28 45 45 45 45 45 45 45 63 63 63 63 63 63 63
24 5 47 63 23 67 56 76 70 67 34 2 69 6 2 16 31 23 23 23 23 23 23 23 21 21 21 21 21 21 21 57 57 57 57 57 57 57 42 42 42 42 42 42 42 97 97 97 97 97 97 97 28 28 28 28 28 28 28 45 45 45 45 45 45 45 63 63 63 63 63 63 63
25 17 88 26 58 70 77 58 80 10 76 31 29 51 90 37 20 23 23 23 23 23 23 23 21 21 21 21 21 21 21 57 57 57 57 57 57 57 42 42 42 42 42 42 42 97 97 97 97 97 97 97 28 28 28 28 28 28 28 45 45 45 45 45 45 45 63 63 63 63 63 63 63
26 3 46 19 29 82 97 88 96 82 90 46 3 65 56 94 33 23 23 23 23 23 23 23 21 21 21 21 21 21 21 57 57 57 57 57 57 57 42 42 42 42 42 42 42 97 97 97 97 97 97 97 28 28 28 28 28 28 28 45 45 45 45 45 45 45 63 63 63 63 63 63 63
27 93 18 21 80 12 34 27 32 13 7 78 36 100 51 18 31 23 23 23 23 23 23 23 21 21 21 21 21 21 21 57 57 57 57 57 57 57 42 42 42 42 42 42 42 97 97 97 97 97 97 97 28 28 28 28 28 28 28 45 45 45 45 45 45 45 63 63 63 63 63 63 63
28 47 87 84 45 3 41 17 55 89 79 82 28 83 24 80 8 23 23 23 23 23 23 23 21 21 21 21 21 21 21 57 57 57 57 57 57 57 42 42 42 42 42 42 42 97 97 97 97 97 97 97 28 28 28 28 28 28 28 45 45 45 45 45 45 45 63 63 63 63 63 63 63
29 93 70 54 8 99 39 56 92 89 33 44 69 30 83 54 95 23 23 23 23 23 23 23 21 21 21 21 21 21 21 57 57 57 57 57 57 57 42 42 42 42 42 42 42 97 97 97 97 97 97 97 28 28 28 28 28 28 28 45 45 45 45 45 45 45 63 63 63 63 63 63 63
30 65 44 82 43 40 43 76 17 92 98 55 7 60 58 26 25 23 23 23 23 23 23 23 21 21 21 21 21 21 21 57 57 57 57 57 57 57 42 42 42 42 42 42 42 97 97 97 97 97 97 97 28 28 28 28 28 28 28 45 45 45 45 45 45 45 63 63 63 63 63 63 63
31 33 33 4 38 48 8 74 4 61 53 4 51 100 58 13 74 23 23 23 23 23 23 23 21 21 21 21 21 21 21 57 57 57 57 57 57 57 42 42 42 42 42 42 42 97 97 97 97 97 97 97 28 28 28 28 28 28 28 45 45 45 45 45 45 45 63 63 63 63 63 63 63
32 17 36 8 8 74 1 60 41 90 53 46 92 1 88 83 54 23 23 23 23 23 23 23 21 21 21 21 21 21 21 57 57 57 57 57 57 57 42 42 42 42 42 42 42 97 97 97 97 97 97 97 28 28 28 28 28 28 28 45 45 45 45 45 45 45 63 63 63 63 63 63 63
33 56 65 96 35 34 37 16 58 66 7 64 58 74 62 14 19 23 23 23 23 23 23 23 21 21 21 21 21 21 21 57 57 57 57 57 57 57 42 42 42 42 42 42 42 97 97 97 97 97 97 97 28 28 28 28 28 28 28 45 45 45 45 45 45 45 63 63 63 63 63 63 63
34 45 61 70 6 61 11 89 44 68 47 45 4 20 14 92 12 23 23 23 23 23 23 23 21 21 21 21 21 21 21 57 57 57 57 57 57 57 42 42 42 42 42 42 42 97 97 97 97 97 97 97 28 28 28 28 28 28 28 45 45 45 45 45 45 45 63 63 63 63 63 63 63
35 15 6 51 57 24 67 24 10 64 69 22 39 100 30 22 99 23 23 23 23 23 23 23 21 21 21 21 21 21 21 57 57 57 57 57 57 57 42 42 42 42 42 42 42 97 97 97 97 97 97 97 28 28 28 28 28 28 28 45 45 45 45 45 45 45 63 63 63 63 63 63 63
36 22 93 56 27 66 89 44 90 9 7 21 1 91 23 41 57 23 23 23 23 23 23 23 21 21 21 21 21 21 21 57 57 57 57 57 57 57 42 42 42 42 42 42 42 97 97 97 97 97 97 97 28 28 28 28 28 28 28 45 45 45 45 45 45 45 63 63 63 63 63 63 63
37 93 83 54 86 23 79 73 51 33 88 100 98 83 50 5 17 23 23 23 23 23 23 23 21 21 21 21 21 21 21 57 57 57 57 57 57 57 42 42 42 42 42 42 42 97 97 97 97 97 97 97 28 28 28 28 28 28 28 45 45 45 45 45 45 45 63 63 63 63 63 63 63
38 74 44 36 11 24 80 2 81 12 69 71 67 88 4 73 23 23 23 23 23 23 23 23 21 21 21 21 21 21 21 57 57 57 57 57 57 57 42 42 42 42 42 42 42 97 97 97 97 97 97 97 28 28 28 28 28 28 28 45 45 45 45 45 45 45 63 63 63 63 63 63 63
39 22 10 70 56 98 71 94 46 91 11 52 65 20 43 56 34 23 23 23 23 23 23 23 21 21 21 21 21 21 21 57 57 57 57 57 57 57 42 42 42 42 42 42 42 97 97 97 97 97 97 97 28 28 28 28 28 28 28 45 45 45 45 45 45 45 63 63 63 63 63 63 63
40 83 47 14 39 26 44 19 65 3 70 71 94 67 90 29 2 23 23 23 23 23 23 23 21 21 21 21 21 21 21 57 57 57 57 57 57 57 42 42 42 42 42 42 42 97 97 97 97 97 97 97 28 28 28 28 28 28 28 45 45 45 45 45 45 45 63 63 63 63 63 63 63
41 70 63 33 98 15 90 62 82 76 96 29 37 52 40 100 90 23 23 23 23 23 23 23 21 21 21 21 21 21 21 57 57 57 57 57 57 57 42 42 42 42 42 42 42 97 97 97 97 97 97 97 28 28 28 28 28 28 28 45 45 45 45 45 45 45 63 63 63 63 63 63 63
42 87 44 77 57 95 4 29 65 44 53 26 54 61 18 55 2 23 23 23 23 23 23 23 21 21 21 21 21 21 21 57 57 57 57 57 57 57 42 42 42 42 42 42 42 97 97 97 97 97 97 97 28 28 28 28 28 28 28 45 45 45 45 45 45 45 63 63 63 63 63 63 63
43 66 55 14 3 84 53 37 50 20 33 84 20 39 76 62 32 23 23 23 23 23 23 23 21 21 21 21 21 21 21 57 57 57 57 57 57 57 42 42 42 42 42 42 42 97 97 97 97 97 97 97 28 28 28 28 28 28 28 45 45 45 45 45 45 45 63 63 63 63 63 63 63
44 14 86 95 50 25 58 80 43 100 91 39 69 58 74 83 18 23 23 23 23 23 23 23 21 21 21 21 21 21 21 57 57 57 57 57 57 57 42 42 42 42 42 42 42 97 97 97 97 97 97 97 28 28 28 28 28 28 28 45 45 45 45 45 45 45 63 63 63 63 63 63 63
45 89 77 35 15 30 38 12 46 1 97 62 72 31 47 45 44 23 23 23 23 23 23 23 21 21 21 21 21 21 21 57 57 57 57 57 57 57 42 42 42 42 42 42 42 97 97 97 97 97 97 97 28 28 28 28 28 28 28 45 45 45 45 45 45 45 63 63 63 63 63 63 63
46 84 68 42 83 19 47 49 11 90 27 47 21 48 84 27 41 23 23 23 23 23 23 23 21 21 21 21 21 21 21 57 57 57 57 57 57 57 42 42 42 42 42 42 42 97 97 97 97 97 97 97 28 28 28 28 28 28 28 45 45 45 45 45 45 45 63 63 63 63 63 63 63
47 12 88 1 93 24 36 48 71 71 56 100 89 92 83 55 45 23 23 23 23 23 23 23 21 21 21 21 21 21 21 57 57 57 57 57 57 57 42 42 42 42 42 42 42 97 97 97 97 97 97 97 28 28 28 28 28 28 28 45 45 45 45 45 45 45 63 63 63 63 63 63 63
48 67 87 34 15 68 37 85 84 7 45 84 6 80 40 64 82 23 23 23 23 23 23 23 21 21 21 21 21 21 21 57 57 57 57 57 57 57 42 42 42 42 42 42 42 97 97 97 97 97 97 97 28 28 28 28 28 28 28 45 45 45 45 45 45 45 63 63 63 63 63 63 63
49 70 40 50 25 91 28 64 54 99 27 37 51 59 22 75 89 23 23 23 23 23 23 23 21 21 21 21 21 21 21 57 57 57 57 57 57 57 42 42 42 42 42 42 42 97 97 97 97 97 97 97 28 28 28 28 28 28 28 45 45 45 45 45 45 45 63 63 63 63 63 63 63
50 40 8 73 36 18 22 77 66 33 86 55 59 3 61 56 11 23 23 23 23 23 23 23 21 21 21 21 21 21 21 57 57 57 57 57 57 57 42 42 42 42 42 42 42 97 97 97 97 97 97 97 28 28 28 28 28 28 28 45 45 45 45 45 45 45 63 63 63 63 63 63 63
51 43 47 11 23 33 64 76 85 85 55 26 11 24 62 14 38 23 23 23 23 23 23 23 21 21 21 21 21 21 21 57 57 57 57 57 57 57 42 42 42 42 42 42 42 97 97 97 97 97 97 97 28 28 28 28 28 28 28 45 45 45 45 45 45 45 63 63 63 63 63 63 63
52 85 34 8 45 71 65 84 20 69 46 15 36 98 2 43 36 23 23 23 23 23 23 23 21 21 21 21 21 21 21 57 57 57 57 57 57 57 42 42 42 42 42 42 42 97 97 97 97 97 97 97 28 28 28 28 28 28 28 45 45 45 45 45 45 45 63 63 63 63 63 63 63
53 19 47 64 38 53 50 19 28 1 17 18 76 33 64 31 55 23 23 23 23 23 23 23 21 21 21 21 21 21 21 57 57 57 57 57 57 57 42 42 42 42 42 42 42 97 97 97 97 97 97 97 28 28 28 28 28 28 28 45 45 45 45 45 45 45 63 63 63 63 63 63 63
54 68 63 45 64 37 54 32 7 82 49 41 71 51 33 27 84 23 23 23 23 23 23 23 21 21 21 21 21 21 21 57 57 57 57 57 57 57 42 42 42 42 42 42 42 97 97 97 97 97 97 97 28 28 28 28 28 28 28 45 45 45 45 45 45 45 63 63 63 63 63 63 63
55 14 76 52 95 70 57 47 69 63 61 39 86 45 6 49 92 23 23 23 23 23 23 23 21 21 21 21 21 21 21 57 57 57 57 57 57 57 42 42 42 42 42 42 42 97 97 97 97 97 97 97 28 28 28 28 28 28 28 45 45 45 45 45 45 45 63 63 63 63 63 63 63
56 9 23 55 24 51 23 83 23 20 41 53 29 43 15 69 47 23 23 23 23 23 23 23 21 21 21 21 21 21 21 57 57 57 57 57 57 57 42 42 42 42 42 42 42 97 97 97 97 97 97 97 28 28 28 28 28 28 28 45 45 45 45 45 45 45 63 63 63 63 63 63 63
57 58 20 43 24 55 58 68 61 35 71 52 97 99 62 25 46 23 23 23 23 23 23 23 21 21 21 21 21 21 21 57 57 57 57 57 57 57 42 42 42 42 42 42 42 97 97 97 97 97 97 97 28 28 28 28 28 28 28 45 45 45 45 45 45 45 63 63 63 63 63 63 63
58 94 72 46 27 93 98 81 42 53 69 18 99 7 21 78 71 23 23 23 23 23 23 23 21 21 21 21 21 21 21 57 57 57 57 57 57 57 42 42 42 42 42 42 42 97 97 97 97 97 97 97 28 28 28 28 28 28 28 45 45 45 45 45 45 45 63 63 63 63 63 63 63
59 47 96 28 13 27 69 24 60 54 94 61 86 50 76 79 35 23 23 23 23 23 23 23 21 21 21 21 21 21 21 57 57 57 57 57 57 57 42 42 42 42 42 42 42 97 97 97 97 97 97 97 28 28 28 28 28 28 28 45 45 45 45 45 45 45 63 63 63 63 63 63 63
60 83 31 6 34 82 82 100 12 66 23 67 91 25 30 23 83 23 23 23 23 23 23 23 21 21 21 21 21 21 21 57 57 57 57 57 57 57 42 42 42 42 42 42 42 97 97 97 97 97 97 97 28 28 28 28 28 28 28 45 45 45 45 45 45 45 63 63 63 63 63 63 63
61 35 61 9 38 2 48 30 26 81 22 13 37 69 65 14 87 23 23 23 23 23 23 23 21 21 21 21 21 21 21 57 57 57 57 57 57 57 42 42 42 42 42 42 42 97 97 97 97 97 97 97 28 28 28 28 28 28 28 45 45 45 45 45 45 45 63 63 63 63 63 63 63
62 68 70 88 26 89 55 10 93 1 86 98 58 24 100 77 44 23 23 23 23 23 23 23 21 21 21 21 21 21 21 57 57 57 57 57 57 57 42 42 42 42 42 42 42 97 97 97 97 97 97 97 28 28 28 28 28 28 28 45 45 45 45 45 45 45 63 63 63 63 63 63 63
63 69 98 91 16 4 65 3 41 42 9 87 21 27 18 18 99 23 23 23 23 23 23 23 21 21 21 21 21 21 21 57 57 57 57 57 57 57 42 42 42 42 42 42 42 97 97 97 97 97 97 97 28 28 28 28 28 28 28 45 45 45 45 45 45 45 63 63 63 63 63 63 63
64 12 83 85 21 6 36 85 72 89 51 1 56 52 50 61 55 23 23 23 23 23 23 23 21 21 21 21 21 21 21 57 57 57 57 57 57 57 42 42 42 42 42 42 42 97 97 97 97 97 97 97 28 28 28 28 28 28 28 45 45 45 45 45 45 45 63 63 63 63 63 63 63
65 60 47 36 53 99 10 98 32 95 99 50 36 93 67 11 36 23 23 23 23 23 23 23 21 21 21 21 21 21 21 57 57 57 57 57 57 57 42 42 42 42 42 42 42 97 97 97 97 97 97 97 28 28 28 28 28 28 28 45 45 45 45 45 45 45 63 63 63 63 63 63 63
66 57 68 16 96 91 67 77 65 4 1 29 15 74 6 67 41 23 23 23 23 23 23 23 21 21 21 21 21 21 21 57 57 57 57 57 57 57 42 42 42 42 42 42 42 97 97 97 97 97 97 97 28 28 28 28 28 28 28 45 45 45 45 45 45 45 63 63 63 63 63 63 63
67 40 37 47 90 45 60 47 29 48 82 66 59 79 77 85 17 23 23 23 23 23 23 23 21 21 21 21 21 21 21 57 57 57 57 57 57 57 42 42 42 42 42 42 42 97 97 97 97 97 97 97 28 28 28 28 28 28 28 45 45 45 45 45 45 45 63 63 63 63 63 63 63
68 50 8 33 64 93 72 26 97 35 100 97 31 67 7 24 84 23 23 23 23 23 23 23 21 21 21 21 21 21 21 57 57 57 57 57 57 57 42 42 42 42 42 42 42 97 97 97 97 97 97 97 28 28 28 28 28 28 28 45 45 45 45 45 45 45 63 63 63 63 63 63 63
69 33 74 66 60 14 86 87 40 100 75 97 97 86 85 94 79 23 23 23 23 23 23 23 21 21 21 21 21 21 21 57 57 57 57 57 57 57 42 42 42 42 42 42 42 97 97 97 97 97 97 97 28 28 28 28 28 28 28 45 45 45 45 45 45 45 63 63 63 63 63 63 63
70 61 91 55 43 35 62 60 5 51 12 42 55 62 58 78 100 23 23 23 23 23 23 23 21 21 21 21 21 21 21 57 57 57 57 57 57 57 42 42 42 42 42 42 42 97 97 97 97 97 97 97 28 28 28 28 28 28 28 45 45 45 45 45 45 45 63 63 63 63 63 63 63
71 31 21 21 5 48 45 41 62 11 87 43 53 36 32 100 34 23 23 23 23 23 23 23 21 21 21 21 21 21 21 57 57 57 57 57 57 57 42 42 42 42 42 42 42 97 97 97 97 97 97 97 28 28 28 28 28 28 28 45 45 45 45 45 45 45 63 63 63 63 63 63 63
72 85 16 94 45 75 11 31 38 35 95 48 3 34 71 70 34 23 23 23 23 23 23 23 21 21 21 21 21 21 21 57 57 57 57 57 57 57 42 42 42 42 42 42 42 97 97 97 97 97 97 97 28 28 28 28 28 28 28 45 45 45 45 45 45 45 63 63 63 63 63 63 63
73 69 28 26 3 30 51 35 7 53 99 72 38 29 74 53 99 23 23 23 23 23 23 23 21 21 21 21 21 21 21 57 57 57 57 57 57 57 42 42 42 42 42 42 42 97 97 97 97 97 97 97 28 28 28 28 28 28 28 45 45 45 45 45 45 45 63 63 63 63 63 63 63
74 95 8 74 26 33 80 73 26 29 52 60 11 73 43 31 60 23 23 23 23 23 23 23 21 21 21 21 21 21 21 57 57 57 57 57 57 57 42 42 42 42 42 42 42 97 97 97 97 97 97 97 28 28 28 28 28 28 28 45 45 45 45 45 45 45 63 63 63 63 63 63 63
75 24 28 61 1 93 5 88 86 38 88 50 58 62 17 5 6 23 23 23 23 23 23 23 21 21 21 21 21 21 21 57 57 57 57 57 57 57 42 42 42 42 42 42 42 97 97 97 97 97 97 97 28 28 28 28 28 28 28 45 45 45 45 45 45 45 63 63 63 63 63 63 63
76 35 9 65 69 6 50 47 34 47 57 4 33 79 98 59 74 23 23 23 23 23 23 23 21 21 21 21 21 21 21 57 57 57 57 57 57 57 42 42 42 42 42 42 42 97 97 97 97 97 97 97 28 28 28 28 28 28 28 45 45 45 45 45 45 45 63 63 63 63 63 63 63
77 7 26 53 40 40 62 79 79 100 28 37 70 99 43 25 83 23 23 23 23 23 23 23 21 21 21 21 21 21 21 57 57 57 57 57 57 57 42 42 42 42 42 42 42 97 97 97 97 97 97 97 28 28 28 28 28 28 28 45 45 45 45 45 45 45 63 63 63 63 63 63 63
78 4 57 65 96 30 14 42 82 48 19 4 26 53 41 90 34 23 23 23 23 23 23 23 21 21 21 21 21 21 21 57 57 57 57 57 57 57 42 42 42 42 42 42 42 97 97 97 97 97 97 97 28 28 28 28 28 28 28 45 45 45 45 45 45 45 63 63 63 63 63 63 63
79 46 24 44 95 49 6 71 76 40 34 76 13 20 24 38 48 23 23 23 23 23 23 23 21 21 21 21 21 21 21 57 57 57 57 57 57 57 42 42 42 42 42 42 42 97 97 97 97 97 97 97 28 28 28 28 28 28 28 45 45 45 45 45 45 45 63 63 63 63 63 63 63
80 67 81 19 38 23 27 65 45 3 25 44 48 100 93 63 31 23 23 23 23 23 23 23 21 21 21 21 21 21 21 57 57 57 57 57 57 57 42 42 42 42 42 42 42 97 97 97 97 97 97 97 28 28 28 28 28 28 28 45 45 45 45 45 45 45 63 63 63 63 63 63 63
81 1 75 80 53 83 87 76 75 55 64 38 67 84 29 18 70 23 23 23 23 23 23 23 21 21 21 21 21 21 21 57 57 57 57 57 57 57 42 42 42 42 42 42 42 97 97 97 97 97 97 97 28 28 28 28 28 28 28 45 45 45 45 45 45 45 63 63 63 63 63 63 63
82 17 96 60 83 45 73 58 18 7 19 96 26 81 39 50 22 23 23 23 23 23 23 23 21 21 21 21 21 21 21 57 57 57 57 57 57 57 42 42 42 42 42 42 42 97 97 97 97 97 97 97 28 28 28 28 28 28 28 45 45 45 45 45 45 45 63 63 63 63 63 63 63
83 9 91 54 28 74 64 88 75 93 46 72 78 81 63 35 7 23 23 23 23 23 23 23 21 21 21 21 21 21 21 57 57 57 57 57 57 57 42 42 42 42 42 42 42 97 97 97 97 97 97 97 28 28 28 28 28 28 28 45 45 45 45 45 45 45 63 63 63 63 63 63 63
84 91 38 96 63 8 87 50 99 47 53 2 89 89 18 2 71 23 23 23 23 23 23 23 21 21 21 21 21 21 21 57 57 57 57 57 57 57 42 42 42 42 42 42 42 97 97 97 97 97 97 97 28 28 28 28 28 28 28 45 45 45 45 45 45 45 63 63 63 63 63 63 63
85 8 94 76 8 15 59 93 61 77 24 74 93 19 84 44 55 23 23 23 23 23 23 23 21 21 21 21 21 21 21 57 57 57 57 57 57 57 42 42 42 42 42 42 42 97 97 97 97 97 97 97 28 28 28 28 28 28 28 45 45 45 45 45 45 45 63 63 63 63 63 63 63
86 23 56 24 64 46 50 42 62 17 18 76 89 50 9 52 39 23 23 23 23 23 23 23 21 21 21 21 21 21 21 57 57 57 57 57 57 57 42 42 42 42 42 42 42 97 97 97 97 97 97 97 28 28 28 28 28 28 28 45 45 45 45 45 45 45 63 63 63 63 63 63 63
87 94 12 18 28 51 36 95 3 29 4 98 65 38 33 81 76 23 23 23 23 23 23 23 21 21 21 21 21 21 21 57 57 57 57 57 57 57 42 42 42 42 42 42 42 97 97 97 97 97 97 97 28 28 28 28 28 28 28 45 45 45 45 45 45 45 63 63 63 63 63 63 63
88 38 67 67 37 27 86 53 43 6 55 12 91 29 45 89 80 23 23 23 23 23 23 23 21 21 21 21 21 21 21 57 57 57 57 57 57 57 42 42 42 42 42 42 42 97 97 97 97 97 97 97 28 28 28 28 28 28 28 45 45 45 45 45 45 45 63 63 63 63 63 63 63
89 17 26 86 12 14 80 30 81 85 71 22 100 40 35 67 64 23 23 23 23 23 23 23 21 21 21 21 21 21 21 57 57 57 57 57 57 57 42 42 42 42 42 42 42 97 97 97 97 97 97 97 28 28 28 28 28 28 28 45 45 45 45 45 45 45 63 63 63 63 63 63 63
90 7 44 12 71 23 16 54 4 93 14 72 40 100 8 78 57 23 23 23 23 23 23 23 21 21 21 21 21 21 21 57 57 57 57 57 57 57 42 42 42 42 42 42 42 97 97 97 97 97 97 97 28 28 28 28 28 28 28 45 45 45 45 45 45 45 63 63 63 63 63 63 63
91 20 20 61 3 96 63 57 9 91 60 72 83 85 31 6 10 23 23 23 23 23 23 23 21 21 21 21 21 21 21 57 57 57 57 57 57 57 42 42 42 42 42 42 42 97 97 97 97 97 97 97 28 28 28 28 28 28 28 45 45 45 45 45 45 45 63 63 63 63 63 63 63
92 57 65 8 63 69 44 63 53 90 53 95 3 1 38 61 86 23 23 23 23 23 23 23 21 21 21 21 21 21 21 57 57 57 57 57 57 57 42 42 42 42 42 42 42 97 97 97 97 97 97 97 28 28 28 28 28 28 28 45 45 45 45 45 45 45 63 63 63 63 63 63 63
93 54 36 62 41 62 83 42 87 15 37 52 58 38 83 16 56 23 23 23 23 23 23 23 21 21 21 21 21 21 21 57 57 57 57 57 57 57 42 42 42 42 42 42 42 97 97 97 97 97 97 97 28 28 28 28 28 28 28 45 45 45 45 45 45 45 63 63 63 63 63 63 63
94 15 99 50 83 2 96 68 45 1 40 61 9 38 11 31 71 23 23 23 23 23 23 23 21 21 21 21 21 21 21 57 57 57 57 57 57 57 42 42 42 42 42 42 42 97 97 97 97 97 97 97 28 28 28 28 28 28 28 45 45 45 45 45 45 45 63 63 63 63 63 63 63
95 19 25 82 39 90 4 96 3 40 1 83 44 78 64 81 43 23 23 23 23 23 23 23 21 21 21 21 21 21 21 57 57 57 57 57 57 57 42 42 42 42 42 42 42 97 97 97 97 97 97 97 28 28 28 28 28 28 28 45 45 45 45 45 45 45 63 63 63 63 63 63 63
96 1 12 86 23 18 75 23 92 74 15 47 14 33 93 58 6 23 23 23 23 23 23 23 21 21 21 21 21 21 21 57 57 57 57 57 57 57 42 42 42 42 42 42 42 97 97 97 97 97 97 97 28 28 28 28 28 28 28 45 45 45 45 45 45 45 63 63 63 63 63 63 63
97 85 89 49 86 1 68 7 64 62 52 1 12 39 63 33 72 23 23 23 23 23 23 23 21 21 21 21 21 21 21 57 57 57 57 57 57 57 42 42 42 42 42 42 42 97 97 97 97 97 97 97 28 28 28 28 28 28 28 45 45 45 45 45 45 45 63 63 63 63 63 63 63
98 18 4 66 36 33 56 14 38 55 90 13 94 68 62 40 74 23 23 23 23 23 23 23 21 21 21 21 21 21 21 57 57 57 57 57 57 57 42 42 42 42 42 42 42 97 97 97 97 97 97 97 28 28 28 28 28 28 28 45 45 45 45 45 45 45 63 63 63 63 63 63 63
99 29 51 2 67 15 39 2 61 55 29 100 5 20 71 89 16 23 23 23 23 23 23 23 21 21 21 21 21 21 21 57 57 57 57 57 57 57 42 42 42 42 42 42 42 97 97 97 97 97 97 97 28 28 28 28 28 28 28 45 45 45 45 45 45 45 63 63 63 63 63 63 63
