8 100
2786 2324 2591 2467 2554 2532 2463 2729
0 63 31 39 64 20 56 22 41 63 84 96 26 21 38 24 56 4 4 4 4 4 4 4 65 65 65 65 65 65 65 5 5 5 5 5 5 5 29 29 29 29 29 29 29 28 28 28 28 28 28 28 72 72 72 72 72 72 72 2 2 2 2 2 2 2 17 17 17 17 17 17 17
1 43 42 10 94 24 57 60 72 75 15 57 34 19 27 98 40 4 4 4 4 4 4 4 65 65 65 65 65 65 65 5 5 5 5 5 5 5 29 29 29 29 29 29 29 28 28 28 28 28 28 28 72 72 72 72 72 72 72 2 2 2 2 2 2 2 17 17 17 17 17 17 17
2 97 4 96 21 6 79 80 30 5 48 16 27 13 56 95 81 4 4 4 4 4 4 4 65 65 65 65 65 65 65 5 5 5 5 5 5 5 29 29 29 29 29 29 29 28 28 28 28 28 28 28 72 72 72 72 72 72 72 2 2 2 2 2 2 2 17 17 17 17 17 17 17
3 35 65 8 76 49 61 95 82 28 5 22 85 36 67 59 70 4 4 4 4 4 4 4 65 65 65 65 65 65 65 5 5 5 5 5 5 5 29 29 29 29 29 29 29 28 28 28 28 28 28 28 72 72 72 72 72 72 72 2 2 2 2 2 2 2 17 17 17 17 17 17 17
4 19 39 21 25 87 62 21 20 78 13 45 62 37 38 90 97 4 4 4 4 4 4 4 65 65 65 65 65 65 65 5 5 5 5 5 5 5 29 29 29 29 29 29 29 28 28 28 28 28 28 28 72 72 72 72 72 72 72 2 2 2 2 2 2 2 17 17 17 17 17 17 17
5 16 62 49 39 99 38 61 92 97 4 44 28 96 83 77 56 4 4 4 4 4 4 4 65 65 65 65 65 65 65 5 5 5 5 5 5 5 29 29 29 29 29 29 29 28 28 28 28 28 28 28 72 72 72 72 72 72 72 2 2 2 2 2 2 2 17 17 17 17 17 17 17
6 18 82 65 70 16 95 26 72 44 56 55 98 78 35 48 96 4 4 4 4 4 4 4 65 65 65 65 65 65 65 5 5 5 5 5 5 5 29 29 29 29 29 29 29 28 28 28 28 28 28 28 72 72 72 72 72 72 72 2 2 2 2 2 2 2 17 17 17 17 17 17 17
7 71 87 28 80 30 65 29 9 97 43 62 89 14 10 42 84 4 4 4 4 4 4 4 65 65 65 65 65 65 65 5 5 5 5 5 5 5 29 29 29 29 29 29 29 28 28 28 28 28 28 28 72 72 72 72 72 72 72 2 2 2 2 2 2 2 17 17 17 17 17 17 17
8 79 31 25 72 67 47 43 92 93 56 14 18 69 11 16 61 4 4 4 4 4 4 4 65 65 65 65 65 65 65 5 5 5 5 5 5 5 29 29 29 29 29 29 29 28 28 28 28 28 28 28 72 72 72 72 72 72 72 2 2 2 2 2 2 2 17 17 17 17 17 17 17
9 25 62 11 76 37 5 23 46 34 29 39 99 57 62 61 28 4 4 4 4 4 4 4 65 65 65 65 65 65 65 5 5 5 5 5 5 5 29 29 29 29 29 29 29 28 28 28 28 28 28 28 72 72 72 72 72 72 72 2 2 2 2 2 2 2 17 17 17 17 17 17 17
10 4 34 28 65 49 37 100 90 62 30 90 37 11 14 97 29 4 4 4 4 4 4 4 65 65 65 65 65 65 65 5 5 5 5 5 5 5 29 29 29 29 29 29 29 28 28 28 28 28 28 28 72 72 72 72 72 72 72 2 2 2 2 2 2 2 17 17 17 17 17 17 17
11 1 98 29 90 32 84 72 39 4 75 66 59 96 79 21 10 4 4 4 4 4 4 4 65 65 65 65 65 65 65 5 5 5 5 5 5 5 29 29 29 29 29 29 29 28 28 28 28 28 28 28 72 72 72 72 72 72 72 2 2 2 2 2 2 2 17 17 17 17 17 17 17
12 80 94 23 70 13 87 51 49 46 65 19 1 99 27 74 39 4 4 4 4 4 4 4 65 65 65 65 65 65 65 5 5 5 5 5 5 5 29 29 29 29 29 29 29 28 28 28 28 28 28 28 72 72 72 72 72 72 72 2 2 2 2 2 2 2 17 17 17 17 17 17 17
13 3 10 20 18 25 77 38 6 91 35 53 29 88 85 8 39 4 4 4 4 4 4 4 65 65 65 65 65 65 65 5 5 5 5 5 5 5 29 29 29 29 29 29 29 28 28 28 28 28 28 28 72 72 72 72 72 72 72 2 2 2 2 2 2 2 17 17 17 17 17 17 17
14 52 11 82 77 86 16 51 31 96 95 64 18 25 86 90 12 4 4 4 4 4 4 4 65 65 65 65 65 65 65 5 5 5 5 5 5 5 29 29 29 29 29 29 29 28 28 28 28 28 28 28 72 72 72 72 72 72 72 2 2 2 2 2 2 2 17 17 17 17 17 17 17
15 88 77 31 34 27 33 84 52 86 98 61 49 87 30 58 56 4 4 4 4 4 4 4 65 65 65 65 65 65 65 5 5 5 5 5 5 5 29 29 29 29 29 29 29 28 28 28 28 28 28 28 72 72 72 72 72 72 72 2 2 2 2 2 2 2 17 17 17 17 17 17 17
16 49 89 7 23 48 49 27 71 49 38 17 34 77 100 30 88 4 4 4 4 4 4 4 65 65 65 65 65 65 65 5 5 5 5 5 5 5 29 29 29 29 29 29 29 28 28 28 28 28 28 28 72 72 72 72 72 72 72 2 2 2 2 2 2 2 17 17 17 17 17 17 17
17 40 24 89 28 83 9 12 77 43 4 61 89 58 40 55 57 4 4 4 4 4 4 4 65 65 65 65 65 65 65 5 5 5 5 5 5 5 29 29 29 29 29 29 29 28 28 28 28 28 28 28 72 72 72 72 72 72 72 2 2 2 2 2 2 2 17 17 17 17 17 17 17
18 34 34 50 41 46 59 79 3 26 13 62 41 16 44 39 2 4 4 4 4 4 4 4 65 65 65 65 65 65 65 5 5 5 5 5 5 5 29 29 29 29 29 29 29 28 28 28 28 28 28 28 72 72 72 72 72 72 72 2 2 2 2 2 2 2 17 17 17 17 17 17 17
19 89 49 35 83 14 92 40 40 28 42 18 40 9 98 46 88 4 4 4 4 4 4 4 65 65 65 65 65 65 65 5 5 5 5 5 5 5 29 29 29 29 29 29 29 28 28 28 28 28 28 28 72 72 72 72 72 72 72 2 2 2 2 2 2 2 17 17 17 17 17 17 17
20 61 56 45 75 64 61 66 7 93 76 38 6 33 90 19 64 4 4 4 4 4 4 4 65 65 65 65 65 65 65 5 5 5 5 5 5 5 29 29 29 29 29 29 29 28 28 28 28 28 28 28 72 72 72 72 72 72 72 2 2 2 2 2 2 2 17 17 17 17 17 17 17
21 1 1 1 32 33 74 28 6 20 79 70 61 96 73 10 29 4 4 4 4 4 4 4 65 65 65 65 65 65 65 5 5 5 5 5 5 5 29 29 29 29 29 29 29 28 28 28 28 28 28 28 72 72 72 72 72 72 72 2 2 2 2 2 2 2 17 17 17 17 17 17 17
22 53 59 43 10 80 44 22 25 92 10 35 72 77 3 97 24 4 4 4 4 4 4 4 65 65 65 65 65 65 65 5 5 5 5 5 5 5 29 29 29 29 29 29 29 28 28 28 28 28 28 28 72 72 72 72 72 72 72 2 2 2 2 2 2 2 17 17 17 17 17 17 17
23 64 97 44 59 57 78 69 74 74 10 45 57 81 69 61 48 4 4 4 4 4 4 4 65 65 65 65 65 65 65 5 5 5 5 5 5 5 29 29 29 29 29 29 29 28 28 28 28 28 28 28 72 72 72 72 72 72 72 2 2 2 2 2 2 2 17 17 17 17 17 17 17
24 5 96 20 23 54 68 92 92 59 76 40 100 45 49 45 88 4 4 4 4 4 4 4 65 65 65 65 65 65 65 5 5 5 5 5 5 5 29 29 29 29 29 29 29 28 28 28 28 28 28 28 72 72 72 72 72 72 72 2 2 2 2 2 2 2 17 17 17 17 17 17 17
25 42 31 30 33 88 13 61 12 45 92 56 17 10 33 33 81 4 4 4 4 4 4 4 65 65 65 65 65 65 65 5 5 5 5 5 5 5 29 29 29 29 29 29 29 28 28 28 28 28 28 28 72 72 72 72 72 72 72 2 2 2 2 2 2 2 17 17 17 17 17 17 17
26 29 29 8 15 15 8 83 72 43 40 10 33 19 92 19 65 4 4 4 4 4 4 4 65 65 65 65 65 65 65 5 5 5 5 5 5 5 29 29 29 29 29 29 29 28 28 28 28 28 28 28 72 72 72 72 72 72 72 2 2 2 2 2 2 2 17 17 17 17 17 17 17
27 92 48 100 99 60 3 25 45 40 35 38 16 40 10 71 24 4 4 4 4 4 4 4 65 65 65 65 65 65 65 5 5 5 5 5 5 5 29 29 29 29 29 29 29 28 28 28 28 28 28 28 72 72 72 72 72 72 72 2 2 2 2 2 2 2 17 17 17 17 17 17 17
28 29 74 93 20 3 43 77 77 83 53 62 93 3 94 5 46 4 4 4 4 4 4 4 65 65 65 65 65 65 65 5 5 5 5 5 5 5 29 29 29 29 29 29 29 28 28 28 28 28 28 28 72 72 72 72 72 72 72 2 2 2 2 2 2 2 17 17 17 17 17 17 17
29 80 94 77 57 90 97 95 59 86 79 45 88 45 58 46 45 4 4 4 4 4 4 4 65 65 65 65 65 65 65 5 5 5 5 5 5 5 29 29 29 29 29 29 29 28 28 28 28 28 28 28 72 72 72 72 72 72 72 2 2 2 2 2 2 2 17 17 17 17 17 17 17
30 18 73 12 80 15 50 63 42 14 93 47 61 52 95 92 41 4 4 4 4 4 4 4 65 65 65 65 65 65 65 5 5 5 5 5 5 5 29 29 29 29 29 29 29 28 28 28 28 28 28 28 72 72 72 72 72 72 72 2 2 2 2 2 2 2 17 17 17 17 17 17 17
31 46 21 93 40 75 27 73 60 18 67 76 29 18 34 34 94 4 4 4 4 4 4 4 65 65 65 65 65 65 65 5 5 5 5 5 5 5 29 29 29 29 29 29 29 28 28 28 28 28 28 28 72 72 72 72 72 72 72 2 2 2 2 2 2 2 17 17 17 17 17 17 17
32 77 25 2 92 74 79 95 47 26 95 78 100 22 12 40 76 4 4 4 4 4 4 4 65 65 65 65 65 65 65 5 5 5 5 5 5 5 29 29 29 29 29 29 29 28 28 28 28 28 28 28 72 72 72 72 72 72 72 2 2 2 2 2 2 2 17 17 17 17 17 17 17
33 99 69 82 88 30 50 40 93 74 70 62 84 71 8 97 15 4 4 4 4 4 4 4 65 65 65 65 65 65 65 5 5 5 5 5 5 5 29 29 29 29 29 29 29 28 28 28 28 28 28 28 72 72 72 72 72 72 72 2 2 2 2 2 2 2 17 17 17 17 17 17 17
34 78 1 81 89 19 37 36 24 77 59 21 22 71 27 8 74 4 4 4 4 4 4 4 65 65 65 65 65 65 65 5 5 5 5 5 5 5 29 29 29 29 29 29 29 28 28 28 28 28 28 28 72 72 72 72 72 72 72 2 2 2 2 2 2 2 17 17 17 17 17 17 17
35 28 71 24 59 55 44 11 61 90 87 49 6 39 23 36 93 4 4 4 4 4 4 4 65 65 65 65 65 65 65 5 5 5 5 5 5 5 29 29 29 29 29 29 29 28 28 28 28 28 28 28 72 72 72 72 72 72 72 2 2 2 2 2 2 2 17 17 17 17 17 17 17
36 5 97 37 72 80 67 69 20 45 48 35 97 35 4 85 88 4 4 4 4 4 4 4 65 65 65 65 65 65 65 5 5 5 5 5 5 5 29 29 29 29 29 29 29 28 28 28 28 28 28 28 72 72 72 72 72 72 72 2 2 2 2 2 2 2 17 17 17 17 17 17 17
37 28 26 65 19 14 30 92 12 7 97 14 36 42 65 9 62 4 4 4 4 4 4 4 65 65 65 65 65 65 65 5 5 5 5 5 5 5 29 29 29 29 29 29 29 28 28 28 28 28 28 28 72 72 72 72 72 72 72 2 2 2 2 2 2 2 17 17 17 17 17 17 17
38 48 62 23 40 92 4 1 23 65 92 11 73 13 8 20 51 4 4 4 4 4 4 4 65 65 65 65 65 65 65 5 5 5 5 5 5 5 29 29 29 29 29 29 29 28 28 28 28 28 28 28 72 72 72 72 72 72 72 2 2 2 2 2 2 2 17 17 17 17 17 17 17
39 33 64 53 23 41 67 38 21 12 47 23 9 87 28 79 95 4 4 4 4 4 4 4 65 65 65 65 65 65 65 5 5 5 5 5 5 5 29 29 29 29 29 29 29 28 28 28 28 28 28 28 72 72 72 72 72 72 72 2 2 2 2 2 2 2 17 17 17 17 17 17 17
40 48 21 5 14 14 93 35 2 45 6 38 5 50 30 56 70 4 4 4 4 4 4 4 65 65 65 65 65 65 65 5 5 5 5 5 5 5 29 29 29 29 29 29 29 28 28 28 28 28 28 28 72 72 72 72 72 72 72 2 2 2 2 2 2 2 17 17 17 17 17 17 17
41 23 77 21 21 30 53 32 83 23 2 61 61 43 36 50 64 4 4 4 4 4 4 4 65 65 65 65 65 65 65 5 5 5 5 5 5 5 29 29 29 29 29 29 29 28 28 28 28 28 28 28 72 72 72 72 72 72 72 2 2 2 2 2 2 2 17 17 17 17 17 17 17
42 25 58 18 53 50 61 9 24 35 44 28 17 88 54 70 61 4 4 4 4 4 4 4 65 65 65 65 65 65 65 5 5 5 5 5 5 5 29 29 29 29 29 29 29 28 28 28 28 28 28 28 72 72 72 72 72 72 72 2 2 2 2 2 2 2 17 17 17 17 17 17 17
43 53 70 79 33 74 40 36 83 32 87 68 59 98 45 26 97 4 4 4 4 4 4 4 65 65 65 65 65 65 65 5 5 5 5 5 5 5 29 29 29 29 29 29 29 28 28 28 28 28 28 28 72 72 72 72 72 72 72 2 2 2 2 2 2 2 17 17 17 17 17 17 17
44 81 31 50 23 51 8 65 11 54 4 32 36 66 12 20 76 4 4 4 4 4 4 4 65 65 65 65 65 65 65 5 5 5 5 5 5 5 29 29 29 29 29 29 29 28 28 28 28 28 28 28 72 72 72 72 72 72 72 2 2 2 2 2 2 2 17 17 17 17 17 17 17
45 61 70 5 40 76 9 82 90 59 75 16 92 94 20 74 50 4 4 4 4 4 4 4 65 65 65 65 65 65 65 5 5 5 5 5 5 5 29 29 29 29 29 29 29 28 28 28 28 28 28 28 72 72 72 72 72 72 72 2 2 2 2 2 2 2 17 17 17 17 17 17 17
46 14 22 86 17 12 14 82 47 28 11 11 34 42 7 10 92 4 4 4 4 4 4 4 65 65 65 65 65 65 65 5 5 5 5 5 5 5 29 29 29 29 29 29 29 28 28 28 28 28 28 28 72 72 72 72 72 72 72 2 2 2 2 2 2 2 17 17 17 17 17 17 17
47 75 67 72 22 37 87 90 77 85 71 99 21 42 43 71 66 4 4 4 4 4 4 4 65 65 65 65 65 65 65 5 5 5 5 5 5 5 29 29 29 29 29 29 29 28 28 28 28 28 28 28 72 72 72 72 72 72 72 2 2 2 2 2 2 2 17 17 17 17 17 17 17
48 26 68 96 96 9 88 70 1 33 31 100 91 61 79 82 70 4 4 4 4 4 4 4 65 65 65 65 65 65 65 5 5 5 5 5 5 5 29 29 29 29 29 29 29 28 28 28 28 28 28 28 72 72 72 72 72 72 72 2 2 2 2 2 2 2 17 17 17 17 17 17 17
49 84 71 71 91 67 73 66 27 42 97 73 47 57 91 44 49 4 4 4 4 4 4 4 65 65 65 65 65 65 65 5 5 5 5 5 5 5 29 29 29 29 29 29 29 28 28 28 28 28 28 28 72 72 72 72 72 72 72 2 2 2 2 2 2 2 17 17 17 17 17 17 17
50 86 97 49 12 35 84 6 59 40 29 20 91 25 85 18 35 4 4 4 4 4 4 4 65 65 65 65 65 65 65 5 5 5 5 5 5 5 29 29 29 29 29 29 29 28 28 28 28 28 28 28 72 72 72 72 72 72 72 2 2 2 2 2 2 2 17 17 17 17 17 17 17
51 10 31 35 7 42 62 69 22 91 19 79 23 33 45 7 76 4 4 4 4 4 4 4 65 65 65 65 65 65 65 5 5 5 5 5 5 5 29 29 29 29 29 29 29 28 28 28 28 28 28 28 72 72 72 72 72 72 72 2 2 2 2 2 2 2 17 17 17 17 17 17 17
52 88 85 7 92 65 24 8 57 1 13 64 32 97 91 66 12 4 4 4 4 4 4 4 65 65 65 65 65 65 65 5 5 5 5 5 5 5 29 29 29 29 29 29 29 28 28 28 28 28 28 28 72 72 72 72 72 72 72 2 2 2 2 2 2 2 17 17 17 17 17 17 17
53 83 45 50 85 5 17 27 54 41 47 59 23 85 24 19 11 4 4 4 4 4 4 4 65 65 65 65 65 65 65 5 5 5 5 5 5 5 29 29 29 29 29 29 29 28 28 28 28 28 28 28 72 72 72 72 72 72 72 2 2 2 2 2 2 2 17 17 17 17 17 17 17
54 95 47 27 59 40 46 1 59 19 2 95 5 16 67 56 5 4 4 4 4 4 4 4 65 65 65 65 65 65 65 5 5 5 5 5 5 5 29 29 29 29 29 29 29 28 28 28 28 28 28 28 72 72 72 72 72 72 72 2 2 2 2 2 2 2 17 17 17 17 17 17 17
55 11 33 96 76 7 12 39 62 79 73 39 3 14 86 14 51 4 4 4 4 4 4 4 65 65 65 65 65 65 65 5 5 5 5 5 5 5 29 29 29 29 29 29 29 28 28 28 28 28 28 28 72 72 72 72 72 72 72 2 2 2 2 2 2 2 17 17 17 17 17 17 17
56 84 11 73 34 62 89 36 91 38 20 84 96 98 55 68 75 4 4 4 4 4 4 4 65 65 65 65 65 65 65 5 5 5 5 5 5 5 29 29 29 29 29 29 29 28 28 28 28 28 28 28 72 72 72 72 72 72 72 2 2 2 2 2 2 2 17 17 17 17 17 17 17
57 85 68 26 44 84 38 24 66 24 37 74 38 54 22 15 6 4 4 4 4 4 4 4 65 65 65 65 65 65 65 5 5 5 5 5 5 5 29 29 29 29 29 29 29 28 28 28 28 28 28 28 72 72 72 72 72 72 72 2 2 2 2 2 2 2 17 17 17 17 17 17 17
58 18 21 95 25 66 46 92 77 1 90 52 33 73 69 43 34 4 4 4 4 4 4 4 65 65 65 65 65 65 65 5 5 5 5 5 5 5 29 29 29 29 29 29 29 28 28 28 28 28 28 28 72 72 72 72 72 72 72 2 2 2 2 2 2 2 17 17 17 17 17 17 17
59 27 33 13 20 63 52 98 10 24 61 65 90 69 98 63 12 4 4 4 4 4 4 4 65 65 65 65 65 65 65 5 5 5 5 5 5 5 29 29 29 29 29 29 29 28 28 28 28 28 28 28 72 72 72 72 72 72 72 2 2 2 2 2 2 2 17 17 17 17 17 17 17
60 29 49 3 97 67 87 76 65 6 51 46 25 65 77 38 19 4 4 4 4 4 4 4 65 65 65 65 65 65 65 5 5 5 5 5 5 5 29 29 29 29 29 29 29 28 28 28 28 28 28 28 72 72 72 72 72 72 72 2 2 2 2 2 2 2 17 17 17 17 17 17 17
61 56 91 43 68 88 27 37 22 98 75 65 7 69 71 33 81 4 4 4 4 4 4 4 65 65 65 65 65 65 65 5 5 5 5 5 5 5 29 29 29 29 29 29 29 28 28 28 28 28 28 28 72 72 72 72 72 72 72 2 2 2 2 2 2 2 17 17 17 17 17 17 17
62 97 32 92 36 43 4 75 5 69 17 27 74 84 64 28 85 4 4 4 4 4 4 4 65 65 65 65 65 65 65 5 5 5 5 5 5 5 29 29 29 29 29 29 29 28 28 28 28 28 28 28 72 72 72 72 72 72 72 2 2 2 2 2 2 2 17 17 17 17 17 17 17
63 61 40 78 12 31 11 42 97 53 8 16 72 41 20 51 56 4 4 4 4 4 4 4 65 65 65 65 65 65 65 5 5 5 5 5 5 5 29 29 29 29 29 29 29 28 28 28 28 28 28 28 72 72 72 72 72 72 72 2 2 2 2 2 2 2 17 17 17 17 17 17 17
64 16 83 47 25 23 95 3 24 39 86 60 98 17 86 35 30 4 4 4 4 4 4 4 65 65 65 65 65 65 65 5 5 5 5 5 5 5 29 29 29 29 29 29 29 28 28 28 28 28 28 28 72 72 72 72 72 72 72 2 2 2 2 2 2 2 17 17 17 17 17 17 17
65 78 9 50 94 36 88 24 92 97 49 9 16 45 77 34 39 4 4 4 4 4 4 4 65 65 65 65 65 65 65 5 5 5 5 5 5 5 29 29 29 29 29 29 29 28 28 28 28 28 28 28 72 72 72 72 72 72 72 2 2 2 2 2 2 2 17 17 17 17 17 17 17
66 100 63 38 9 71 20 75 75 58 91 87 8 98 82 47 81 4 4 4 4 4 4 4 65 65 65 65 65 65 65 5 5 5 5 5 5 5 29 29 29 29 29 29 29 28 28 28 28 28 28 28 72 72 72 72 72 72 72 2 2 2 2 2 2 2 17 17 17 17 17 17 17
67 8 53 7 62 58 28 34 29 38 77 11 17 16 32 77 84 4 4 4 4 4 4 4 65 65 65 65 65 65 65 5 5 5 5 5 5 5 29 29 29 29 29 29 29 28 28 28 28 28 28 28 72 72 72 72 72 72 72 2 2 2 2 2 2 2 17 17 17 17 17 17 17
68 39 82 69 54 58 6 30 23 68 39 25 1 33 42 67 78 4 4 4 4 4 4 4 65 65 65 65 65 65 65 5 5 5 5 5 5 5 29 29 29 29 29 29 29 28 28 28 28 28 28 28 72 72 72 72 72 72 72 2 2 2 2 2 2 2 17 17 17 17 17 17 17
69 22 99 92 36 64 83 65 59 81 25 48 36 61 100 74 66 4 4 4 4 4 4 4 65 65 65 65 65 65 65 5 5 5 5 5 5 5 29 29 29 29 29 29 29 28 28 28 28 28 28 28 72 72 72 72 72 72 72 2 2 2 2 2 2 2 17 17 17 17 17 17 17
70 34 93 69 10 30 43 43 74 38 42 50 53 61 14 25 65 4 4 4 4 4 4 4 65 65 65 65 65 65 65 5 5 5 5 5 5 5 29 29 29 29 29 29 29 28 28 28 28 28 28 28 72 72 72 72 72 72 72 2 2 2 2 2 2 2 17 17 17 17 17 17 17
71 13 89 40 1 23 90 49 34 51 87 21 16 28 45 59 94 4 4 4 4 4 4 4 65 65 65 65 65 65 65 5 5 5 5 5 5 5 29 29 29 29 29 29 29 28 28 28 28 28 28 28 72 72 72 72 72 72 72 2 2 2 2 2 2 2 17 17 17 17 17 17 17
72 45 33 48 62 59 47 24 61 42 68 99 84 62 43 95 58 4 4 4 4 4 4 4 65 65 65 65 65 65 65 5 5 5 5 5 5 5 29 29 29 29 29 29 29 28 28 28 28 28 28 28 72 72 72 72 72 72 72 2 2 2 2 2 2 2 17 17 17 17 17 17 17
73 17 92 10 1 95 96 70 12 53 76 45 17 3 26 62 5 4 4 4 4 4 4 4 65 65 65 65 65 65 65 5 5 5 5 5 5 5 29 29 29 29 29 29 29 28 28 28 28 28 28 28 72 72 72 72 72 72 72 2 2 2 2 2 2 2 17 17 17 17 17 17 17
74 67 99 91 34 1 56 83 48 71 4 46 72 68 59 8 56 4 4 4 4 4 4 4 65 65 65 65 65 65 65 5 5 5 5 5 5 5 29 29 29 29 29 29 29 28 28 28 28 28 28 28 72 72 72 72 72 72 72 2 2 2 2 2 2 2 17 17 17 17 17 17 17
75 84 100 67 93 58 82 2 8 35 25 97 30 59 98 22 38 4 4 4 4 4 4 4 65 65 65 65 65 65 65 5 5 5 5 5 5 5 29 29 29 29 29 29 29 28 28 28 28 28 28 28 72 72 72 72 72 72 72 2 2 2 2 2 2 2 17 17 17 17 17 17 17
76 30 12 38 19 11 38 2 84 11 74 95 11 42 49 30 27 4 4 4 4 4 4 4 65 65 65 65 65 65 65 5 5 5 5 5 5 5 29 29 29 29 29 29 29 28 28 28 28 28 28 28 72 72 72 72 72 72 72 2 2 2 2 2 2 2 17 17 17 17 17 17 17
77 100 91 64 94 95 67 93 92 76 86 98 32 9 47 54 28 4 4 4 4 4 4 4 65 65 65 65 65 65 65 5 5 5 5 5 5 5 29 29 29 29 29 29 29 28 28 28 28 28 28 28 72 72 72 72 72 72 72 2 2 2 2 2 2 2 17 17 17 17 17 17 17
78 56 1 28 62 6 90 75 52 23 98 82 60 22 40 17 1 4 4 4 4 4 4 4 65 65 65 65 65 65 65 5 5 5 5 5 5 5 29 29 29 29 29 29 29 28 28 28 28 28 28 28 72 72 72 72 72 72 72 2 2 2 2 2 2 2 17 17 17 17 17 17 17
79 62 80 74 93 53 46 33 54 46 99 68 66 86 19 75 12 4 4 4 4 4 4 4 65 65 65 65 65 65 65 5 5 5 5 5 5 5 29 29 29 29 29 29 29 28 28 28 28 28 28 28 72 72 72 72 72 72 72 2 2 2 2 2 2 2 17 17 17 17 17 17 17
80 78 42 8 36 78 84 47 28 93 35 23 67 51 65 44 18 4 4 4 4 4 4 4 65 65 65 65 65 65 65 5 5 5 5 5 5 5 29 29 29 29 29 29 29 28 28 28 28 28 28 28 72 72 72 72 72 72 72 2 2 2 2 2 2 2 17 17 17 17 17 17 17
81 65 55 44 7 50 1 17 11 39 31 92 67 38 60 69 2 4 4 4 4 4 4 4 65 65 65 65 65 65 65 5 5 5 5 5 5 5 29 29 29 29 29 29 29 28 28 28 28 28 28 28 72 72 72 72 72 72 72 2 2 2 2 2 2 2 17 17 17 17 17 17 17
82 3 65 98 88 7 71 9 35 75 88 63 88 4 76 91 25 4 4 4 4 4 4 4 65 65 65 65 65 65 65 5 5 5 5 5 5 5 29 29 29 29 29 29 29 28 28 28 28 28 28 28 72 72 72 72 72 72 72 2 2 2 2 2 2 2 17 17 17 17 17 17 17
83 54 87 9 11 58 80 12 32 57 65 30 94 79 6 26 89 4 4 4 4 4 4 4 65 65 65 65 65 65 65 5 5 5 5 5 5 5 29 29 29 29 29 29 29 28 28 28 28 28 28 28 72 72 72 72 72 72 72 2 2 2 2 2 2 2 17 17 17 17 17 17 17
84 20 78 87 49 90 2 40 73 22 33 56 88 86 70 50 96 4 4 4 4 4 4 4 65 65 65 65 65 65 65 5 5 5 5 5 5 5 29 29 29 29 29 29 29 28 28 28 28 28 28 28 72 72 72 72 72 72 72 2 2 2 2 2 2 2 17 17 17 17 17 17 17
85 81 39 69 13 99 89 8 6 23 80 29 53 46 79 7 31 4 4 4 4 4 4 4 65 65 65 65 65 65 65 5 5 5 5 5 5 5 29 29 29 29 29 29 29 28 28 28 28 28 28 28 72 72 72 72 72 72 72 2 2 2 2 2 2 2 17 17 17 17 17 17 17
86 34 32 75 5 80 28 30 13 64 52 12 43 42 37 91 57 4 4 4 4 4 4 4 65 65 65 65 65 65 65 5 5 5 5 5 5 5 29 29 29 29 29 29 29 28 28 28 28 28 28 28 72 72 72 72 72 72 72 2 2 2 2 2 2 2 17 17 17 17 17 17 17
87 75 99 66 1 9 71 37 12 87 5 23 85 29 12 41 28 4 4 4 4 4 4 4 65 65 65 65 65 65 65 5 5 5 5 5 5 5 29 29 29 29 29 29 29 28 28 28 28 28 28 28 72 72 72 72 72 72 72 2 2 2 2 2 2 2 17 17 17 17 17 17 17
88 88 100 57 40 99 31 77 41 15 76 25 66 89 6 27 90 4 4 4 4 4 4 4 65 65 65 65 65 65 65 5 5 5 5 5 5 5 29 29 29 29 29 29 29 28 28 28 28 28 28 28 72 72 72 72 72 72 72 2 2 2 2 2 2 2 17 17 17 17 17 17 17
89 68 74 54 24 18 82 38 68 10 73 5 74 18 47 21 41 4 4 4 4 4 4 4 65 65 65 65 65 65 65 5 5 5 5 5 5 5 29 29 29 29 29 29 29 28 28 28 28 28 28 28 72 72 72 72 72 72 72 2 2 2 2 2 2 2 17 17 17 17 17 17 17
90 58 23 30 36 14 46 7 32 93 12 34 14 17 13 68 44 4 4 4 4 4 4 4 65 65 65 65 65 65 65 5 5 5 5 5 5 5 29 29 29 29 29 29 29 28 28 28 28 28 28 28 72 72 72 72 72 72 72 2 2 2 2 2 2 2 17 17 17 17 17 17 17
91 65 29 89 34 5 26 83 96 52 44 11 19 73 26 99 89 4 4 4 4 4 4 4 65 65 65 65 65 65 65 5 5 5 5 5 5 5 29 29 29 29 29 29 29 28 28 28 28 28 28 28 72 72 72 72 72 72 72 2 2 2 2 2 2 2 17 17 17 17 17 17 17
92 55 51 59 57 98 64 88 85 72 19 79 42 34 14 89 81 4 4 4 4 4 4 4 65 65 65 65 65 65 65 5 5 5 5 5 5 5 29 29 29 29 29 29 29 28 28 28 28 28 28 28 72 72 72 72 72 72 72 2 2 2 2 2 2 2 17 17 17 17 17 17 17
93 34 29 48 19 46 19 24 96 38 3 20 80 92 84 72 62 4 4 4 4 4 4 4 65 65 65 65 65 65 65 5 5 5 5 5 5 5 29 29 29 29 29 29 29 28 28 28 28 28 28 28 72 72 72 72 72 72 72 2 2 2 2 2 2 2 17 17 17 17 17 17 17
94 79 45 67 45 24 89 34 34 34 30 80 98 82 26 60 77 4 4 4 4 4 4 4 65 65 65 65 65 65 65 5 5 5 5 5 5 5 29 29 29 29 29 29 29 28 28 28 28 28 28 28 72 72 72 72 72 72 72 2 2 2 2 2 2 2 17 17 17 17 17 17 17
95 58 34 13 21 92 17 56 72 5 69 68 82 91 94 10 93 4 4 4 4 4 4 4 65 65 65 65 65 65 65 5 5 5 5 5 5 5 29 29 29 29 29 29 29 28 28 28 28 28 28 28 72 72 72 72 72 72 72 2 2 2 2 2 2 2 17 17 17 17 17 17 17
96 79 50 67 2 72 6 16 91 47 90 44 84 9 23 67 71 4 4 4 4 4 4 4 65 65 65 65 65 65 65 5 5 5 5 5 5 5 29 29 29 29 29 29 29 28 28 28 28 28 28 28 72 72 72 72 72 72 72 2 2 2 2 2 2 2 17 17 17 17 17 17 17
97 47 90 27 86 62 91 86 89 63 50 47 81 15 16 82 48 4 4 4 4 4 4 4 65 65 65 65 65 65 65 5 5 5 5 5 5 5 29 29 29 29 29 29 29 28 28 28 28 28 28 28 72 72 72 72 72 72 72 2 2 2 2 2 2 2 17 17 17 17 17 17 17
98 27 96 58 32 54 56 30 81 88 92 17 42 75 24 48 99 4 4 4 4 4 4 4 65 65 65 65 65 65 65 5 5 5 5 5 5 5 29 29 29 29 29 29 29 28 28 28 28 28 28 28 72 72 72 72 72 72 72 2 2 2 2 2 2 2 17 17 17 17 17 17 17
99 48 19 87 46 47 78 3 41 35 13 65 83 51 93 35 10 4 4 4 4 4 4 4 65 65 65 65 65 65 65 5 5 5 5 5 5 5 29 29 29 29 29 29 29 28 28 28 28 28 28 28 72 72 72 72 72 72 72 2 2 2 2 2 2 2 17 17 17 17 17 17 17
